0.000000000000000000e+00
2.429019205673953543e-04
2.548305046248060235e-04
4.634173203695904331e-04
6.278438643121350997e-04
6.637521704301226890e-04
1.034682113039053037e-03
1.034682113039299802e-03
1.038848947196189523e-03
1.267044394268206564e-03
1.358592191777601658e-03
1.574246285062813697e-03
1.614117168761961202e-03
1.618038895027417009e-03
1.640262010531651042e-03
1.649739515673119116e-03
1.719023346363254129e-03
1.880140933769691106e-03
1.927855269999457057e-03
1.998119532255659275e-03
2.271333128749780748e-03
2.302053317829377051e-03
2.361206022333501176e-03
2.447157189651688602e-03
2.487109775981133884e-03
2.529472589911241874e-03
2.729766588656941124e-03
2.791615479968580400e-03
2.832466795233910470e-03
3.228642850676615404e-03
3.238283761079234577e-03
3.624737203488837163e-03
3.757013762317591016e-03
3.761058042529108556e-03
3.974097651637645105e-03
4.119610036612556848e-03
4.338409681173373451e-03
4.524691678783409644e-03
5.025610506566063201e-03
5.175248874382800887e-03
5.204784375319528554e-03
5.381098652004581359e-03
5.743694926298931365e-03
5.988761966575732211e-03
6.046648280306442941e-03
6.115605300474152156e-03
6.132068380526366561e-03
6.379995012871433370e-03
6.472809201154026103e-03
6.573140031445659330e-03
6.632946356994171878e-03
6.680660693223876463e-03
7.089337251137774881e-03
7.119403819173074702e-03
7.395150197213752781e-03
7.487555872343852441e-03
7.675798733086470170e-03
7.958816645243768639e-03
8.103593706544209505e-03
8.291836567286827234e-03
8.547647503478077169e-03
8.548954745566546970e-03
9.448255599816515055e-03
9.568685277218588747e-03
1.018974782319677017e-02
1.121442136399596924e-02
1.128051879209522775e-02
1.141941326399718327e-02
1.162268940875732862e-02
1.173919735989383678e-02
1.191359162476133410e-02
1.304864541940732418e-02
1.338060320725274581e-02
1.366100663523402842e-02
1.376395194970250931e-02
1.508916861690823980e-02
1.579965469200220879e-02
1.661619078152483386e-02
1.776811616937539265e-02
1.803356801596913903e-02
1.889683801015545547e-02
1.892306455455558187e-02
1.913835098600365214e-02
2.005636174264510685e-02
2.090476185807449427e-02
2.177375103639783357e-02
2.185283918275137197e-02
2.212907577657530211e-02
2.265544497376850708e-02
2.414108475602114515e-02
2.432393524314861027e-02
2.438080027399788102e-02
2.453529994833096237e-02
2.543402888416816318e-02
2.572456343833422546e-02
2.636609249326023890e-02
2.716007865675642077e-02
2.802044820755861254e-02
2.874445606800530434e-02
2.891929969734067726e-02
2.941964660670997114e-02
3.101668792569101801e-02
3.120762697324105939e-02
3.271634774861854889e-02
3.340068898194275410e-02
3.372847993563094643e-02
3.393845569609489632e-02
3.446274147620968092e-02
3.572496541527642178e-02
3.648251220555595586e-02
3.756196736012586829e-02
3.887746141429868768e-02
3.944169978074277272e-02
4.028658668305917095e-02
4.114037917210377343e-02
4.133058289597921903e-02
4.283456491878585154e-02
4.394098194143076369e-02
4.631297271099445167e-02
4.637882503120232397e-02
4.668684394830250467e-02
4.681854858871799946e-02
4.828543761726383776e-02
5.030855815446186319e-02
5.118931251158044538e-02
5.213673621521419665e-02
5.530385698510181108e-02
5.693594873257972616e-02
5.762094358694828944e-02
5.942493766906306596e-02
6.011189338656445363e-02
6.371138447721932940e-02
6.683618328449153490e-02
6.816189016748040730e-02
6.952861177099647905e-02
7.000902323851593279e-02
7.310816741980151467e-02
7.438109440346857282e-02
7.464123557907678674e-02
8.520326143828650667e-02
8.620902082011740186e-02
8.684368685407925503e-02
9.453484568170592017e-02
1.030670513880131978e-01
1.157945237668050326e-01
1.179867687492007905e-01
1.202133288364206631e-01
1.259400296155694932e-01
1.288970112197314333e-01
1.410916190422030758e-01
1.447002608274775004e-01
1.542682924836523140e-01
1.632271493265912976e-01
1.983984977173927355e-01
2.103578019639353591e-01
2.144122133013841580e-01
2.206696543684598666e-01
3.792560942809141689e-01
4.063153518915956774e-01
5.009766732453629912e-01
5.355551873490340675e-01
5.755979733825901112e-01
1.000000000000000000e+00
