0.000000000000000000e+00
5.211472883853238841e-04
5.220158671990102152e-04
1.784060883901263887e-03
3.046105900605742666e-03
3.046974479417203889e-03
4.830601073911624556e-03
6.092211801207035766e-03
6.092211801207035766e-03
6.092211801207035766e-03
6.092211801209260549e-03
6.093080380020721339e-03
9.139186280624239656e-03
9.139186280624239656e-03
9.139186280624239656e-03
1.649431167734721412e-02
1.649431167734721412e-02
1.649431167734944151e-02
1.649474596675517060e-02
1.649518025616201339e-02
1.649518025616312708e-02
1.649518025616312708e-02
1.649604883497458874e-02
1.775679098345797971e-02
1.775722527286315369e-02
1.954128615676553257e-02
1.954128615676664280e-02
2.258826063618384755e-02
2.385030565288387763e-02
2.385030565288387763e-02
2.385030565288498786e-02
2.511235066958835555e-02
2.689728013230330630e-02
2.815932514900556030e-02
3.120543104960907602e-02
3.120629962842276159e-02
3.246747606631133348e-02
3.425153695021036782e-02
3.551445054572881233e-02
3.729851142962979649e-02
3.729938000844348206e-02
3.856099073573889674e-02
4.160666234693557314e-02
4.160753092574925871e-02
4.160753092574925871e-02
4.160753092574925871e-02
4.160753092574925871e-02
4.160753092575147916e-02
4.160839950456294428e-02
4.160839950456294428e-02
4.160839950456294428e-02
4.896265632247222971e-02
4.896352490128591528e-02
4.896352490128591528e-02
4.896352490128591528e-02
5.505660528130663922e-02
5.505703957071404059e-02
5.631865029800889322e-02
5.631865029801112060e-02
5.936562477742609450e-02
5.936562477742609450e-02
5.936562477742609450e-02
5.936562477742832189e-02
5.936562477742832189e-02
5.936562477742832189e-02
5.936562477742832189e-02
6.062766979413057589e-02
6.114968566132736316e-02
6.115142281895696169e-02
6.241086209921593159e-02
6.672075017415129983e-02
6.672118446355813914e-02
7.102976967027076205e-02
7.102976967027076205e-02
7.533792058757653176e-02
7.586080503358921812e-02
7.712285005029147211e-02
7.712328433969832531e-02
7.712371862910516462e-02
7.712371862910516462e-02
8.016982452970868034e-02
8.143186954641093434e-02
8.574045475312466746e-02
8.878699494313502250e-02
9.183396942255334094e-02
9.183483800136479913e-02
9.183483800136701958e-02
9.183483800136701958e-02
9.309601443925448472e-02
9.309601443925448472e-02
9.488094390197054917e-02
9.614298891867280317e-02
9.792704980257183056e-02
1.009748928608027313e-01
1.022352007198798346e-01
1.022360692986935132e-01
1.022369378775049853e-01
1.022369378775072057e-01
1.022369378775072057e-01
1.052830437781107215e-01
1.052830437781107215e-01
1.078080023903289220e-01
1.083300182575279297e-01
1.095920632742301837e-01
1.095920632742301837e-01
1.095920632742301837e-01
1.095920632742301837e-01
1.126373005960200069e-01
1.126390377536473780e-01
1.139010827703507561e-01
1.156851436542509076e-01
1.199941631503703560e-01
1.199941631503725903e-01
1.230407033403807249e-01
1.273492885470955682e-01
1.273497228365001732e-01
1.390136505846408521e-01
1.420612764981688814e-01
1.524625077954953889e-01
1.555086136960988907e-01
1.555094822749125694e-01
1.628646076716366575e-01
1.628654762504514741e-01
1.659115821510527555e-01
1.806227015233146105e-01
1.879778269200375884e-01
1.983799267961777746e-01
2.026889462922983332e-01
2.044738757550133013e-01
2.130910461684396295e-01
2.234940146233934943e-01
2.399891948795549734e-01
2.455602593923777721e-01
2.468223044090805951e-01
2.473451888550932953e-01
2.486063652929807466e-01
2.590084651691220152e-01
2.663644591446587273e-01
2.755045140040977558e-01
2.841216844175229461e-01
2.914772441036538875e-01
2.957862635997733358e-01
2.988330209344871591e-01
3.122817695729899201e-01
3.343472543355122673e-01
3.361330523770408862e-01
3.361330523770408862e-01
3.876215358905460984e-01
4.188287040977814457e-01
4.213527941311859815e-01
4.421552567258389410e-01
4.776716615738999527e-01
4.850270041153268985e-01
5.027846636775979983e-01
5.811712959022202751e-01
6.184710016277171762e-01
6.950725381382103496e-01
1.000000000000000000e+00
