0.000000000000000000e+00
1.378333619302007278e-03
1.379281579151249090e-03
4.703065796945063090e-03
6.080214466435518265e-03
6.080214466436732572e-03
6.081162426284760295e-03
1.078209531356902860e-02
1.135371510204333419e-02
1.273110076149549207e-02
1.743327784608367584e-02
3.073380623890213659e-02
3.211166587828013369e-02
3.819045840494603855e-02
4.013946385286764479e-02
4.151637553239821699e-02
4.484134470000358114e-02
4.484134470000358114e-02
4.484158168996619370e-02
4.816678784753356674e-02
5.814216933027671619e-02
6.089599268933300336e-02
6.754687898439540317e-02
6.949588443231943802e-02
7.087232213192418140e-02
8.165631336519048322e-02
8.222556325404228872e-02
8.555053242164886718e-02
8.968268940000716227e-02
9.025310202086084255e-02
1.063080092179634756e-01
1.063084831978856615e-01
1.063084831978856615e-01
1.143362811724737832e-01
1.143362811724762118e-01
1.176617243200049900e-01
1.209866934876109579e-01
1.223645531269865194e-01
1.223645531269889480e-01
1.237419387864392845e-01
1.256890483146697046e-01
1.303909291618031985e-01
1.364711436282411428e-01
1.397965867757711422e-01
1.417446442638483628e-01
1.431220299232986992e-01
1.436927017519231686e-01
1.517200257465915192e-01
1.530974114060418556e-01
1.611252093806311847e-01
1.625030690200073569e-01
1.658275642076902090e-01
1.724784505027505133e-01
1.818822121970199435e-01
1.885335724720045569e-01
1.932359272990626653e-01
1.951839847871398859e-01
2.012641992535778579e-01
2.032113087818052111e-01
2.126169663957713230e-01
2.126169663957713230e-01
2.178895190715292862e-01
2.192659567711352508e-01
2.286716143851007521e-01
2.400243815272942449e-01
2.466752678223566309e-01
2.660553589592160595e-01
2.740845788735756239e-01
2.787855117608635247e-01
2.821100069485454886e-01
2.821119028682415042e-01
2.854359240760001026e-01
2.873835075841527087e-01
2.873844555440019377e-01
2.887608932436054321e-01
2.887618412034547166e-01
2.934646700104350248e-01
3.061938748522368692e-01
3.610106010349811712e-01
3.983943456090964785e-01
4.097471127512923861e-01
4.177744367459583219e-01
4.579136636088639301e-01
4.612383957865091588e-01
5.080277979745875250e-01
5.514912830352148854e-01
5.661680713851682256e-01
5.755746769589823453e-01
6.256883373447827967e-01
6.838288477453251524e-01
7.680030609623491600e-01
9.083702010717624731e-01
9.986223032912207032e-01
1.000000000000000000e+00
