0.000000000000000000e+00
3.283491005222723331e-04
8.475567691169657138e-04
1.121633291040948421e-03
1.122236319691652471e-03
1.186458871033611168e-03
2.088891247400914263e-03
2.149797141162322015e-03
2.286760023541883381e-03
2.423798284503874897e-03
2.755237906862768264e-03
3.036249258274549296e-03
3.310024265872507990e-03
3.367613502052692592e-03
4.008482201006013761e-03
4.400300067056697219e-03
4.556484487690463069e-03
4.615581295498247076e-03
4.825435266080103577e-03
5.000012060573104551e-03
5.110969332374683261e-03
5.143231365208674778e-03
5.851337758759489124e-03
5.913751224147824510e-03
5.924756497030561446e-03
5.972697274792764834e-03
6.171093701003352479e-03
6.945834760500957036e-03
7.133225913829310816e-03
7.344512077457596849e-03
8.277774293611789291e-03
1.004917095621015583e-02
1.024847192539780731e-02
1.029158847395135641e-02
1.088104898039899369e-02
1.095039727527504468e-02
1.164237265240928264e-02
1.183956302131812695e-02
1.197856112539574455e-02
1.300386058942409190e-02
1.461801753124878506e-02
1.465178713571037468e-02
1.542607592371877598e-02
1.572547964898878339e-02
1.584126114999952206e-02
1.833116645037989600e-02
1.856830746742424432e-02
1.913424985647906376e-02
1.918369820586903265e-02
1.944284976867784870e-02
1.977813369868825291e-02
1.994864004978581448e-02
2.102851360673813758e-02
2.356093242702169202e-02
2.370143810272674206e-02
2.397672068195280670e-02
2.409250218296354190e-02
2.439522256581410156e-02
2.483166455204609963e-02
2.537499336668457353e-02
2.565525093228162787e-02
2.618124267320161291e-02
2.747036717208492171e-02
2.778032389874896674e-02
2.802771640286166183e-02
2.841440852537766709e-02
2.891854047769468541e-02
2.893663133722789577e-02
2.924116080603157697e-02
2.939463159773616704e-02
2.980725395224957316e-02
3.014050266056209071e-02
3.045128855162143947e-02
3.048008316971136458e-02
3.077353198705155488e-02
3.082607085827831703e-02
3.118019943363531388e-02
3.127879461808973777e-02
3.198577033291988975e-02
3.218152850878239213e-02
3.317531972579046418e-02
3.457796436824285558e-02
3.560959563310745618e-02
3.596613632306860930e-02
3.613046163049275783e-02
3.623719770173672305e-02
3.633338077158682067e-02
3.818633705924613653e-02
3.878540833482058137e-02
4.089288040253348522e-02
4.110303588744119996e-02
4.333846309705789712e-02
4.372515521957457546e-02
4.416973809259611833e-02
4.553213057258765489e-02
4.723975695533225855e-02
4.740830346331385142e-02
4.784112727763911027e-02
4.798238673915854874e-02
4.830892675372770034e-02
4.890441754668582025e-02
5.137992553802198797e-02
5.263535581102513072e-02
5.474015193909877175e-02
5.491118594026653948e-02
5.842623994751208055e-02
5.885408877546575296e-02
6.029231210833243398e-02
6.041834509641219597e-02
6.082961063646034200e-02
6.177108911798608742e-02
6.312684828281550642e-02
6.453009595391928643e-02
6.764398515102251763e-02
6.815188603240929233e-02
7.043521633049810993e-02
7.136158140645551540e-02
7.145648304042209742e-02
7.563848673578155157e-02
7.731309729987743962e-02
7.774667490001775649e-02
8.153007665700257034e-02
8.242813707564856929e-02
8.407968179384159302e-02
8.729080936093416843e-02
9.441544211648573992e-02
9.710238702861277715e-02
9.957872418434458861e-02
1.013914283095417035e-01
1.049553276375265187e-01
1.052628722495857344e-01
1.091873450216365171e-01
1.188014684953710570e-01
1.199411926459445499e-01
1.333085287548184394e-01
1.453356336866277465e-01
1.459736379994885647e-01
1.524329793957166779e-01
1.609157834307025081e-01
1.738965781742218830e-01
1.784186900288007305e-01
1.880128758677584722e-01
1.918682641699671898e-01
1.990585516699072410e-01
2.205737093980808805e-01
2.252468799297598079e-01
2.389434696821317039e-01
2.464180098124824914e-01
2.873250613883159277e-01
3.020287089880217546e-01
3.426390704675153498e-01
3.660269336716728272e-01
3.796366872982869234e-01
4.404394631597731147e-01
4.417992927679980086e-01
4.601603091366088805e-01
6.657104642355765600e-01
1.000000000000000000e+00
