0.000000000000000000e+00
1.026154980763132425e-03
2.891646059824485963e-03
4.593249093978202593e-03
4.657320551863706158e-03
5.729674425944854613e-03
1.024435167946520855e-02
1.163234178818169616e-02
1.404311469566609481e-02
1.404547522306143388e-02
1.674187194543712981e-02
1.799497477439232149e-02
2.321713581024578699e-02
2.551291731173681646e-02
3.958402111795237405e-02
4.884706783717249895e-02
5.538437985067306418e-02
5.567775968414784282e-02
6.009059704144795178e-02
6.313500294559896975e-02
6.689431143247295819e-02
7.028942426399636956e-02
7.115135398165305103e-02
7.285093370661196999e-02
7.554193493779591539e-02
7.789841571517550078e-02
8.086458699706658426e-02
8.266061112705308522e-02
8.495706706494518534e-02
8.635483650144175349e-02
8.735671177184854697e-02
9.021362435713674299e-02
9.249726600344813920e-02
9.429902284282332126e-02
9.556325387236133673e-02
1.097581167577559719e-01
1.127006827656876486e-01
1.183133424764433450e-01
1.211972325176800674e-01
1.219485546659383329e-01
1.220079050690307532e-01
1.222979127205109928e-01
1.222992615933083255e-01
1.283840267832159487e-01
1.367928998033682841e-01
1.527756935819617745e-01
1.573699543305385196e-01
1.593379597422178717e-01
1.647474454878347927e-01
1.719242918164918255e-01
1.750285539510339772e-01
1.778937283822055460e-01
1.865008857036005996e-01
1.932175977991787696e-01
1.966673399790039301e-01
2.093190923839607087e-01
2.135612973323677000e-01
2.252765947975999550e-01
2.290787299957947887e-01
2.323524442755362795e-01
2.353051268294503728e-01
2.511206603811428906e-01
2.672693655138412283e-01
2.674514633415153164e-01
2.715672114651485614e-01
2.727983951111452310e-01
2.788080027948641182e-01
2.796594365960654582e-01
3.012066678828996813e-01
3.166030392127423543e-01
3.227188284769983428e-01
3.301956303940144499e-01
3.308894989915486806e-01
3.359920740234412229e-01
3.486603501201674948e-01
3.513742821889085377e-01
3.523130976560302496e-01
3.549582372120951290e-01
3.629847047941304750e-01
3.778202822583753284e-01
3.894711710475238786e-01
3.931906877868674433e-01
4.034272834477473091e-01
4.814339462049287977e-01
4.923820722665340766e-01
5.044315529673677467e-01
5.207583093093469673e-01
5.226054219965403647e-01
5.405415521951379976e-01
5.549193559537047848e-01
6.200973953603490241e-01
8.275155887543127475e-01
9.795146688230630394e-01
1.000000000000000000e+00
