0.000000000000000000e+00
3.403750932085908222e-04
1.912275299700605868e-03
4.159589464948556213e-03
4.718368733306668554e-03
4.959261296475249263e-03
5.372437781402266549e-03
5.919019957956390618e-03
7.115478432295913210e-03
1.061490030324591799e-02
1.175456606886418620e-02
1.354525160962561682e-02
2.053266057795854679e-02
2.182478999115257390e-02
2.795611557835553027e-02
2.894179305992326465e-02
2.953106505779806365e-02
3.770235424954759135e-02
3.782013241729838271e-02
4.531333953645847595e-02
4.840911390045866958e-02
4.951142607242038640e-02
5.006829954518478287e-02
5.044450359557514640e-02
5.750052120531726207e-02
5.823234671367359672e-02
5.872251734062540474e-02
6.226348555554119674e-02
6.584066388675481607e-02
6.725895696831331316e-02
6.755778571755995110e-02
6.985083897707909661e-02
7.053235148173606084e-02
7.250675571782397300e-02
7.478151333963521663e-02
7.714622451351213495e-02
8.003617295328477321e-02
8.151888192594416993e-02
8.312661108961795497e-02
8.333148411604529571e-02
8.411762479885173671e-02
9.506070310350130115e-02
9.636884119968865126e-02
9.794455299737096776e-02
9.982138049901066734e-02
1.063529231610968601e-01
1.091216630010473365e-01
1.139600968568184047e-01
1.147018325022694379e-01
1.205343293402252741e-01
1.217738587950072809e-01
1.263119392650569328e-01
1.314293815958914868e-01
1.350317164289542848e-01
1.355056877933518700e-01
1.422344802994881530e-01
1.522932694482065918e-01
1.555483683239195225e-01
1.576211116126934875e-01
1.610827987308689757e-01
1.657207428900804580e-01
1.728758618707465222e-01
1.827730395530376417e-01
1.884307749349619643e-01
1.925814071606150868e-01
1.929488445512689831e-01
2.031162640488837767e-01
2.031246495495003523e-01
2.036140578582142646e-01
2.107386841093655816e-01
2.482043385460538376e-01
2.482294950479035089e-01
2.550773997787054159e-01
2.645945618194168181e-01
2.729590986844662170e-01
2.831783558222570329e-01
2.846301909062856628e-01
2.859748249881102766e-01
2.864323112206141331e-01
2.930431349794387352e-01
3.099879447708525637e-01
3.408153319921538582e-01
3.412559519336441638e-01
3.464846927272061672e-01
3.956426890065932733e-01
4.334240384835402748e-01
4.399754014198111185e-01
4.922498499453974441e-01
5.739459708616495570e-01
5.888239453306333138e-01
7.410385054207794253e-01
7.839654077135826959e-01
9.083425832909208797e-01
1.000000000000000000e+00
