0.000000000000000000e+00
0.000000000000000000e+00
0.000000000000000000e+00
0.000000000000000000e+00
0.000000000000000000e+00
0.000000000000000000e+00
0.000000000000000000e+00
0.000000000000000000e+00
1.200122906836153959e-15
1.200122906836153959e-15
1.200122906836153959e-15
1.200122906836153959e-15
1.200122906836153959e-15
1.200122906836153959e-15
1.200122906836153959e-15
1.200122906836153959e-15
1.200122906836153959e-15
1.200122906836153959e-15
1.200122906836153959e-15
1.200122906836153959e-15
1.200122906836153959e-15
1.200122906836153959e-15
7.048370592842436927e-07
7.048370592842436927e-07
7.048370592842436927e-07
7.048370592842436927e-07
7.048370592842436927e-07
7.048370592842436927e-07
7.048370592842436927e-07
7.048370592842436927e-07
7.048370592842436927e-07
7.048370592842436927e-07
7.048370592842436927e-07
7.048370592842436927e-07
7.048370604843666650e-07
7.048370604843666650e-07
7.048370604843666650e-07
7.048370604843666650e-07
7.048370604843666650e-07
5.948824776722644011e-04
5.948824776722644011e-04
5.948824776722644011e-04
5.948824776722644011e-04
5.948824776722644011e-04
5.948824776722644011e-04
5.948824776722644011e-04
5.948824776722644011e-04
5.948824776722644011e-04
5.948824776722644011e-04
5.948824776722644011e-04
5.948824776722644011e-04
5.948824776722644011e-04
5.948824776722644011e-04
5.948824776722644011e-04
5.948824776722644011e-04
5.948824776722644011e-04
5.948824776722644011e-04
5.948824776722644011e-04
1.189060118284044482e-03
1.189060118285244693e-03
1.189060118285244693e-03
1.189764955343328807e-03
1.189764955343328807e-03
1.189764955343328807e-03
1.189764955343328807e-03
1.189764955344528802e-03
1.783942595956308991e-03
1.783942595956308991e-03
1.783942595956308991e-03
1.783942595956308991e-03
1.783942595956308991e-03
1.783942595956308991e-03
1.783942595956308991e-03
1.783942595956308991e-03
1.783942595956308991e-03
2.378120236568088963e-03
2.378825073627373506e-03
2.378825073627373506e-03
2.378825073627373506e-03
2.378825073627373506e-03
2.973002714240353690e-03
3.567180354852133445e-03
4.162062832524397737e-03
4.756945310195462469e-03
6.540183069091287139e-03
7.134360709704266890e-03
7.729243187376532050e-03
8.323420827988311371e-03
8.324125665047596781e-03
8.918303305660575664e-03
8.918303305660575664e-03
9.513185783331641263e-03
9.513185783331641263e-03
1.010736342394462015e-02
1.129642354222746593e-02
1.129642354222866463e-02
1.189130601989973023e-02
1.248548366051151041e-02
1.248548366051270911e-02
1.367454377879675359e-02
1.426872141940853378e-02
1.426872141940853378e-02
1.486360389707959938e-02
1.902496189254471171e-02
1.902496189254471171e-02
2.080890448850102048e-02
2.140308212911280067e-02
2.140308212911280067e-02
2.199796460678386453e-02
2.259284708445612883e-02
2.318702472506790901e-02
2.318702472506790901e-02
2.318702472506910944e-02
2.378190720273897635e-02
2.437608484335195350e-02
2.794326519820408694e-02
2.794326519820408694e-02
2.972720779415919876e-02
3.269950567133906444e-02
3.388856578962311239e-02
3.388856578962431282e-02
3.686156850386346218e-02
3.864480626276049074e-02
3.983386638104453176e-02
4.161710413994035990e-02
4.221198661761142029e-02
4.696822709074879865e-02
5.291352768216782410e-02
5.291352768216902452e-02
5.766976815530280159e-02
8.442397323522284058e-02
1.266352550157749945e-01
1.426879190311386159e-01
1.521996951403516984e-01
1.866824385705877776e-01
1.896554412848269477e-01
2.158147638870747120e-01
5.315098728729451549e-01
5.332938154689002008e-01
5.398339985379915218e-01
5.493464794842650711e-01
5.719386217316606569e-01
5.743163895496985472e-01
5.796671600819761627e-01
5.891796410282479357e-01
6.504162371198738413e-01
7.146254835072095579e-01
7.889417408999589432e-01
8.739597155665292938e-01
1.000000000000000000e+00
