0.000000000000000000e+00
3.671656935384100230e-05
5.357476073050940093e-05
5.528915307356713969e-05
5.728927747420958381e-05
1.130070286336943034e-04
2.281570476963639391e-04
2.711597223091043304e-04
3.068762294627772644e-04
4.818871145148557306e-04
5.268899135279322314e-04
5.448910331334079482e-04
5.698925881409789640e-04
5.954656072628004750e-04
6.410398703904338124e-04
6.590409899959095291e-04
6.677558177413689964e-04
6.813280904596420891e-04
6.848997411750093771e-04
9.253432673322001256e-04
1.204789219301152705e-03
1.252077874772149994e-03
1.284508463267427635e-03
1.570811984609836454e-03
1.634958831457349092e-03
1.646388113746493709e-03
1.721964242883151181e-03
2.081272304847170840e-03
2.100559218709940022e-03
2.125417907688871653e-03
2.171849366988646505e-03
2.189279022479259044e-03
2.211137524857074207e-03
2.240853658808973203e-03
2.279427486534664222e-03
2.314286797516502091e-03
2.351717697013385507e-03
2.422864979262993879e-03
2.455724165844188917e-03
2.511870515089438365e-03
2.522442601207053933e-03
2.664308567620658590e-03
2.674166323594925551e-03
2.703453859460600538e-03
2.803460079490424899e-03
2.895465801917833197e-03
3.008187098494249055e-03
3.043475007561698142e-03
3.094478179776855194e-03
3.186769634261388522e-03
3.325635414074182891e-03
3.351779897310560967e-03
3.413498021671820207e-03
3.419784126930872428e-03
3.450357457053993861e-03
3.457357892455936287e-03
3.484502437892788868e-03
3.517218758445345064e-03
3.561507227315531630e-03
3.612438966516522566e-03
3.646226782283566292e-03
3.846239222343215882e-03
3.864097475919745818e-03
3.922101083537151041e-03
3.955103136146985790e-03
4.125542308283223006e-03
4.164544734094830988e-03
4.216976566596073762e-03
4.268408336897302167e-03
4.323697489970869043e-03
4.383844088017250194e-03
4.480850121446110744e-03
4.550854475466758857e-03
4.573570174016714993e-03
4.632430977805343519e-03
4.671719135674077400e-03
4.806441800657100354e-03
4.809013389172146768e-03
4.878017680992626122e-03
4.930735245550993927e-03
5.166035594678398783e-03
5.257326986962611130e-03
5.325402649596936051e-03
5.394621240460526976e-03
5.416908340924412625e-03
5.464339862424049191e-03
5.689496723519449697e-03
5.749357589509011997e-03
5.909939005670675205e-03
6.048376187397551743e-03
6.236959345167904060e-03
6.265389684862049564e-03
6.285676660925293251e-03
6.294962952785309283e-03
6.420113593850884995e-03
6.482688914383825940e-03
6.617268713338056961e-03
6.633841172657293540e-03
6.661128584122325696e-03
6.700702474048644310e-03
6.840996914147371745e-03
6.882713794502511896e-03
6.922001952371399300e-03
6.999721071937491101e-03
7.001721196337980409e-03
7.122585856545452475e-03
7.177446411533101520e-03
7.563327554819264213e-03
7.692192712628999687e-03
7.836487401529011049e-03
7.879347210113418071e-03
8.145792353478042633e-03
8.246655769679549566e-03
8.403522669097513581e-03
8.679111238293820210e-03
8.697112357898988122e-03
8.830406362595773564e-03
8.886409845812535957e-03
9.028990142369184776e-03
9.172284769069028246e-03
9.530592768832420528e-03
9.547879558294853491e-03
9.578452888417974057e-03
9.664886835729679174e-03
9.861327625073655623e-03
1.002362343357898929e-02
1.030992695492124502e-02
1.034178607930211907e-02
1.037721685439820657e-02
1.042936295484232431e-02
1.054065559113265445e-02
1.066452043794078285e-02
1.075688332543978977e-02
1.078067051920392726e-02
1.097725417457669564e-02
1.115862259790199353e-02
1.191031220745372710e-02
1.194460005432131447e-02
1.261464172852060431e-02
1.274564987675946837e-02
1.285537098673476819e-02
1.548853476011728854e-02
1.555211014285039738e-02
1.565954539636823725e-02
1.570897704226836139e-02
1.615143313288584445e-02
1.655788698429237413e-02
1.803997916513289113e-02
1.905718528886355539e-02
1.974851400132640947e-02
1.992009610169145212e-02
2.144019064614356360e-02
2.381005232879029876e-02
2.433137046720252814e-02
2.464953311292565966e-02
2.500841257680360558e-02
2.603247626990803226e-02
2.722369321649060689e-02
2.828433061292023182e-02
2.835547789516999415e-02
3.382410373845230050e-02
3.465401249867036682e-02
3.979704666274183622e-02
4.028507701648664091e-02
4.067681566694578837e-02
4.074181970996528651e-02
4.807699021708849302e-02
4.841986868576130670e-02
5.129947635850294618e-02
5.265727509444941695e-02
6.125152391174595173e-02
6.793679685470431495e-02
6.806566201251421089e-02
7.187775625401847390e-02
7.613216372011158417e-02
8.333832620339565178e-02
9.251375402509412482e-02
9.693517187863705253e-02
1.053799828300033270e-01
1.192334158926347809e-01
1.206169305137323317e-01
1.207666541117192460e-01
1.405258830651914537e-01
1.959527589903496403e-01
2.617182779421801664e-01
2.653362172507977568e-01
3.506329509744327555e-01
4.790817971767782901e-01
1.000000000000000000e+00
