0.000000000000000000e+00
2.412455915973345683e-05
3.308169746148966931e-05
5.004054597948462033e-05
5.111540257578112948e-05
5.111540257578112948e-05
1.144125132419697725e-04
1.335210749520812689e-04
1.624227745394021631e-04
2.535467281963769515e-04
2.584432971347434241e-04
2.660867218188832698e-04
2.770741448024534857e-04
2.892558528928610264e-04
3.219792648222518706e-04
3.296226895063917705e-04
3.390575418510258297e-04
3.406101124897237330e-04
3.490895367488403250e-04
4.578889099882459883e-04
6.499299551786902026e-04
8.835321220896216396e-04
8.927281174128167416e-04
9.149418204011578772e-04
1.037953186412427691e-03
1.084291448560621403e-03
1.084410877071400377e-03
1.089785160052168149e-03
1.115223432829279835e-03
1.251730220548692533e-03
1.297351911632688582e-03
1.298068482696886246e-03
1.309653048233875043e-03
1.368650732515115957e-03
1.369606160600395171e-03
1.402807286572425568e-03
1.466104397238614373e-03
1.496080953421755283e-03
1.531670649607698529e-03
1.549704354721989901e-03
1.610612895174265858e-03
1.629602028374074751e-03
1.668894008391308892e-03
1.687763713080338811e-03
1.695407137764478765e-03
1.717620840752939054e-03
1.790472232274302423e-03
1.830600211866275110e-03
1.884581898698370469e-03
1.884940184230588563e-03
1.905362459558673739e-03
1.955044720006059514e-03
2.002338410239532223e-03
2.018938973225428701e-03
2.027060111952446245e-03
2.043899531959900238e-03
2.063963521756005844e-03
2.090476651129175717e-03
2.093820649428606087e-03
2.138486912426846524e-03
2.180525748189853820e-03
2.187213744788714560e-03
2.195215455004953346e-03
2.214204588204762240e-03
2.224117154591797544e-03
2.229849723105140763e-03
2.247525142687333520e-03
2.344501093368192221e-03
2.394302782326238142e-03
2.420696483188747652e-03
2.547648990052985788e-03
2.549320989202700973e-03
2.576072975597190704e-03
2.608557530505261745e-03
2.662300360316037246e-03
2.662658645847897770e-03
2.796179720800217022e-03
2.810749999104537357e-03
2.873449967217069165e-03
2.885034532754058179e-03
3.063699584747257582e-03
3.092601284334340304e-03
3.247858348232242256e-03
3.264817196750236915e-03
3.341370872102891396e-03
3.426165114693342610e-03
3.428075970864377653e-03
3.459485669176033153e-03
3.464859952156919970e-03
3.473458804926815753e-03
3.493164509190703048e-03
3.624535870950310480e-03
3.632537581166787356e-03
3.648063287556625213e-03
3.780628934423189286e-03
3.781106648465828567e-03
3.894683162132821837e-03
3.906148299159031660e-03
3.934333427681916719e-03
3.999421966008361376e-03
4.025218524317571676e-03
4.063077362206648363e-03
4.102249913712865438e-03
4.183939015025444665e-03
4.243414413349325294e-03
4.243653270370645152e-03
4.302531526141344966e-03
4.349466930842719493e-03
4.396641192565651536e-03
4.456116590889531298e-03
4.461371445359996711e-03
4.496961141545463558e-03
4.578172528815403070e-03
4.669654768004238843e-03
4.765675290599579589e-03
4.973480899201419662e-03
5.029134585183230206e-03
5.094223123509674864e-03
5.097925407340966192e-03
5.400437824920411613e-03
5.472572645377696797e-03
5.513775481565727672e-03
5.558680601585287533e-03
5.666166261207077059e-03
5.712026809312154875e-03
5.713340522930009102e-03
5.753110216989883174e-03
5.925445557916320452e-03
6.044038069032220753e-03
6.045948925203255796e-03
6.104468895441619337e-03
6.134564880135777096e-03
6.261875672532114280e-03
6.348222485761263398e-03
6.351208198528356628e-03
6.507062404979915143e-03
7.127015803974868884e-03
7.220528327845756114e-03
7.444934499433373404e-03
7.453055638160390947e-03
7.818745737895127154e-03
7.826747448111485636e-03
7.929336538794551012e-03
8.493039109254632221e-03
8.892646906025359482e-03
9.497432884162932201e-03
9.526334583750014490e-03
1.013804741550752841e-02
1.038729471731895775e-02
1.064131915955773659e-02
1.124252228237455735e-02
1.163854722382477204e-02
1.165550607234276670e-02
1.220010008109202217e-02
1.257606103274613168e-02
1.315170645427530052e-02
1.322288584664671127e-02
1.333359607605691388e-02
1.337909833863013161e-02
1.744229512934732107e-02
1.799094970745996475e-02
1.811348335942847623e-02
1.848705574086891013e-02
1.854127628472256387e-02
1.932496617187465585e-02
2.298330031135017645e-02
2.377606676531480306e-02
2.391508155175867123e-02
2.560762240526635869e-02
2.790518809393317812e-02
3.063747356151378526e-02
3.659301510412378555e-02
3.857517009605667541e-02
4.120008933252627265e-02
4.375335146258135105e-02
4.736128677054576158e-02
5.275706688354901003e-02
6.073895196704749699e-02
1.243489653310974330e-01
1.289144784377797837e-01
1.323982080946257411e-01
1.436032298246428529e-01
1.635559122487079686e-01
1.791095649099928022e-01
1.914458134932721656e-01
2.221014401884105205e-01
2.652841622269120903e-01
4.384614741538792049e-01
1.000000000000000000e+00
