0.000000000000000000e+00
1.253444783982989193e-04
4.820635124507060242e-04
2.130859926705047040e-03
3.509651231974134696e-03
4.199046738688560522e-03
4.825801817220782587e-03
8.586111435298296110e-03
8.648801173275223395e-03
9.588837593580276306e-03
9.982026472787093943e-03
1.361092822922252248e-02
1.510403503717043863e-02
2.801672991690959749e-02
2.875557721561741026e-02
4.625219098753246411e-02
8.385559838520099951e-02
1.214590057828698333e-01
1.647029204052034568e-01
1.996741022549099465e-01
2.602155857146269402e-01
4.116319016510197604e-01
1.000000000000000000e+00
