0.000000000000000000e+00
2.226840386510470094e-06
3.100280693447888938e-06
3.150006255478404468e-06
3.993178829008788298e-06
4.181271172333526134e-06
4.347743706084268598e-06
5.074169307897866989e-06
5.249289765474765260e-06
6.661063330901045929e-06
7.592877123702020794e-06
7.776645505111959555e-06
7.886906533959987030e-06
8.066350953455126717e-06
8.306330839767780467e-06
8.416591868615807943e-06
8.477127335429879664e-06
1.068234791235947013e-05
1.428637016897094404e-05
1.429069413088402110e-05
1.471876636052141099e-05
1.931621886723007423e-05
1.935189155302888755e-05
1.948269140097392947e-05
2.023181780284538799e-05
2.328237293426276098e-05
2.621618109396162862e-05
2.748742589713112309e-05
2.760525385933005254e-05
2.809602353674407678e-05
2.865813858576605130e-05
2.919647184425147205e-05
2.976399184566522657e-05
3.027638133265840885e-05
3.239079870936000958e-05
3.245782011905315825e-05
3.308263261584832985e-05
3.426199322831457908e-05
3.426307421879155407e-05
3.482518926781181081e-05
3.495923208719467934e-05
3.496355604910947757e-05
3.528569121181879834e-05
3.719904435944954539e-05
3.872215994420082769e-05
3.944966653649140700e-05
4.022365571937468328e-05
4.064524200613987414e-05
4.206350151443834961e-05
4.276830730667107133e-05
4.351635271806555147e-05
4.366985336606501203e-05
4.403090418601268713e-05
4.505027820760383611e-05
4.510973268394437009e-05
4.552267104687652215e-05
4.648799554452235272e-05
5.138163944244465421e-05
5.192429666284143424e-05
5.338147182838342755e-05
5.440084584997457654e-05
5.490999236552993897e-05
5.606232821602352560e-05
5.628501225467354071e-05
5.661579534121074353e-05
5.986525272074673799e-05
6.058951634159605174e-05
6.114406445726712936e-05
6.150187230578043035e-05
6.156456975355533844e-05
6.243801006049620598e-05
6.297634331898161657e-05
6.316443566230635440e-05
6.324442895774391130e-05
6.539343802977078254e-05
6.928176078232676062e-05
7.025357122284480208e-05
7.124267751102718641e-05
7.801508286125151534e-05
7.817723143308402147e-05
7.897932636842037090e-05
7.979439318949767268e-05
8.263091220609806596e-05
8.427834169591876066e-05
8.501557720252279611e-05
8.605549004321096801e-05
8.641654086315864311e-05
8.652247793008843171e-05
8.787263503822021231e-05
8.856771191614292024e-05
8.866067709732487181e-05
8.958168098533884688e-05
8.978490719536882762e-05
8.983679473835673337e-05
9.071023504529415857e-05
9.207876899156555619e-05
9.275871200278646355e-05
9.328947832791925946e-05
9.526336694236580110e-05
9.577791841031294353e-05
9.611951140164746218e-05
9.690647247027513991e-05
9.969110394388761389e-05
1.044388141271596407e-04
1.047004138230462890e-04
1.088168255666474977e-04
1.091022070530724277e-04
1.096621601211387277e-04
1.119257541839249840e-04
1.133277988350412551e-04
1.164118646713051990e-04
1.211141732544632318e-04
1.227107961917764313e-04
1.302528667629709663e-04
1.376684614481317914e-04
1.424529253076864811e-04
1.425610243555736891e-04
1.438992905684346145e-04
1.447370581895732027e-04
1.449175835995453394e-04
1.469498456998519773e-04
1.469714655094294243e-04
1.487702336662956228e-04
1.502706484509924831e-04
1.507689850617608567e-04
1.522791287607642952e-04
1.613172901547357287e-04
1.630825476067587884e-04
1.671103181310894150e-04
1.715704848469756772e-04
1.766165484024170016e-04
1.769430075270428621e-04
1.770748883654683383e-04
1.851542112046644173e-04
2.041277560900829776e-04
2.136491202281175282e-04
2.308260589376255883e-04
2.376708906499400229e-04
2.665246885123782666e-04
2.736894934064394323e-04
2.783226185989486588e-04
2.802965072133951734e-04
3.250819427536710956e-04
3.261780670992654274e-04
3.481524415540708235e-04
4.135480415647921544e-04
4.155975995127648699e-04
4.281846526489203322e-04
4.502757740754425599e-04
4.696903630762566521e-04
5.058905722332052071e-04
5.175155438431491926e-04
5.260834743788140059e-04
5.368414916246927026e-04
5.673232611483385252e-04
5.875140013129795911e-04
5.985357802357092402e-04
6.147636093047588240e-04
7.079514745276562762e-04
7.842067048892816753e-04
7.905759007908821651e-04
8.016106515993561953e-04
8.413759673556796097e-04
9.147298192719722880e-04
9.306333511973500019e-04
1.022028934206256753e-03
1.129483711769508486e-03
1.152824458189627942e-03
1.589678654479217751e-03
1.970697530553348637e-03
2.088724395000115218e-03
2.492517578483437884e-03
2.855548772988899739e-03
3.240718652501954015e-03
3.301072512919155447e-03
6.949575365752483358e-03
1.176571224633619038e-02
1.340198050946493288e-02
1.625091037775160119e-02
1.683250055124028283e-02
2.169076579276715475e-02
3.667239444605769477e-02
3.882113543244561371e-02
3.996465904855490275e-02
4.392296944867523506e-02
1.033929082752510636e-01
2.282140313757573258e-01
3.574747564292795055e-01
1.000000000000000000e+00
