0.000000000000000000e+00
2.777993277425948036e-05
3.767377787934464748e-05
3.971317770603986959e-05
5.203225503743433999e-05
5.302439549366665784e-05
5.591813849097683362e-05
6.528835391087146368e-05
6.895376170745071013e-05
8.791466820416230237e-05
9.841482136582479785e-05
1.015565994772135039e-04
1.021904669909061186e-04
1.052495667309080333e-04
1.075645611287561740e-04
1.097693176981431418e-04
1.105134230402969294e-04
1.396162097561722156e-04
1.635653779910788770e-04
2.050699204096945302e-04
2.104991334617751651e-04
2.669960205522140407e-04
2.727559470897190550e-04
2.728386254610649583e-04
2.749882631162213465e-04
3.125242437099486027e-04
3.705644603989665482e-04
3.813953270460125351e-04
3.896631641812136541e-04
3.958916014897195714e-04
4.035255711112281434e-04
4.038562845966115942e-04
4.111044218184651666e-04
4.116004920465812984e-04
4.352189467960635534e-04
4.410891111620706827e-04
4.545105667781995521e-04
4.562192531194294459e-04
4.668020846524787598e-04
4.675186305375172101e-04
4.790936025267579132e-04
4.862315019201911737e-04
4.962631443108528068e-04
4.981647468519307190e-04
5.445748726374364124e-04
5.487363506621317907e-04
5.543860393711757270e-04
5.548821095992919131e-04
5.587404335957599439e-04
5.740359322958105137e-04
5.990599193582953150e-04
6.045718107817627278e-04
6.160365449425422987e-04
6.236429551068946048e-04
6.297060356727497525e-04
6.360447108096758733e-04
6.542752916927709094e-04
7.003409242643149650e-04
7.144513663083261815e-04
7.177309417052913027e-04
7.396682695706589469e-04
7.588772111814082221e-04
7.609717299222931155e-04
7.616607163502571573e-04
7.659599916605290592e-04
7.995825293435985387e-04
8.253230622911218988e-04
8.365122018807894053e-04
8.365397613379046884e-04
8.371736288515972896e-04
8.514494276383411872e-04
8.582566135463090854e-04
8.613708322005825084e-04
8.852924409783739139e-04
9.001469883645797383e-04
9.716637795838753162e-04
9.848234203574293254e-04
9.981621976021715255e-04
1.042215989804135554e-03
1.048720021683794464e-03
1.068921103750776003e-03
1.095019909640839026e-03
1.110370527255161036e-03
1.148953767219351284e-03
1.167032771088291664e-03
1.183017256216306384e-03
1.184643264186231249e-03
1.185056656043001477e-03
1.188060636868772894e-03
1.189796882667158891e-03
1.202226197827055551e-03
1.221269782695072036e-03
1.242573243046706096e-03
1.247561504784942257e-03
1.250400128868062741e-03
1.252081255752218172e-03
1.274872926788200682e-03
1.277932026528243647e-03
1.293117287399832976e-03
1.295845673654451346e-03
1.303066251419148598e-03
1.323763403714205448e-03
1.361134027565281826e-03
1.411237120604482212e-03
1.442599782803974991e-03
1.495045429698097818e-03
1.501852615606106807e-03
1.528943561952361219e-03
1.549613154790343552e-03
1.589836182452995924e-03
1.631947032928188733e-03
1.663351034313334054e-03
1.700363385221830004e-03
1.800845165871424371e-03
1.854062477564898071e-03
1.879582534855539933e-03
1.955453720299338196e-03
1.960166387466421092e-03
1.962371144035808101e-03
2.021651536295095749e-03
2.024379922549673569e-03
2.029919373430256156e-03
2.032771777241913682e-03
2.056321333348628492e-03
2.092341543800891636e-03
2.110406767941295191e-03
2.137621731844547776e-03
2.193209156850141166e-03
2.241217731148415458e-03
2.261942442900628791e-03
2.291375943101846627e-03
2.315297551879719890e-03
2.318191294877029740e-03
2.406326438738032748e-03
2.729295716695413158e-03
2.999902026129975825e-03
3.029418204702621475e-03
3.035343487982777259e-03
3.492885595043822636e-03
3.572339509912976756e-03
3.598135161774771665e-03
3.651903662610510044e-03
4.236412188610909173e-03
4.250412392826459149e-03
4.732840689664412695e-03
5.344467721468180652e-03
5.350144969634340088e-03
5.553974714473723824e-03
5.744631038811016076e-03
6.060848249774699811e-03
6.474901533504624079e-03
6.665998809155884025e-03
6.762401790152047440e-03
6.886253990437249742e-03
7.333654217279049134e-03
7.533432721922239499e-03
7.577886126252355616e-03
7.764298294193687847e-03
9.189011989328407792e-03
9.992094569725934808e-03
1.018264065623480583e-02
1.043717980216996716e-02
1.114430035288509376e-02
1.148206905931440855e-02
1.159462188218144188e-02
1.287894770276080091e-02
1.531054616367535752e-02
1.536679501565171684e-02
1.972642553703393004e-02
2.382082384311947493e-02
2.506099941339694562e-02
3.070798729564148608e-02
3.483760658792291187e-02
3.806459854069925430e-02
3.923664713298281176e-02
8.019358313868316102e-02
1.313991647004143781e-01
1.694666569841107862e-01
1.729606449574391525e-01
1.928930533218998766e-01
2.051239645050727811e-01
2.243157090145745103e-01
2.990646733646250555e-01
3.060136251200042401e-01
3.341742091159246031e-01
5.339347449930323952e-01
7.883195579683554000e-01
8.315532909643426063e-01
1.000000000000000000e+00
