0.000000000000000000e+00
1.630637237064999184e-19
1.630637237064999184e-19
1.902410109909165754e-19
1.902410109909165754e-19
2.038296546331248919e-19
2.038296546331248919e-19
2.106239764542290502e-19
2.106239764542290502e-19
2.123225569095051018e-19
2.123225569095051018e-19
2.140211373647811293e-19
2.174182982753332084e-19
2.174182982753332084e-19
2.174182982753332084e-19
2.174182982753332084e-19
2.174182982753332084e-19
2.174182982753332084e-19
2.174182982753332084e-19
2.174182982753332084e-19
2.174182982753332084e-19
2.174182982753332084e-19
2.174182982753332084e-19
2.174182982753332084e-19
2.174182982753332084e-19
2.174182982753332084e-19
2.174182982753332084e-19
2.174182982753332084e-19
2.174182982753332084e-19
2.174182982753332084e-19
2.174182982753332084e-19
2.174182982753332084e-19
2.174182982753332084e-19
2.174182982753332084e-19
2.174182982753332084e-19
2.174182982753332084e-19
2.174182982753332084e-19
2.174182982753332084e-19
2.174182982753332084e-19
2.174182982753332084e-19
2.174182982753332084e-19
2.174182982753332084e-19
2.174182982753332084e-19
2.174182982753332084e-19
2.174182982753332084e-19
2.174182982753332084e-19
2.174182982753332084e-19
2.174182982753332084e-19
2.174182982753332084e-19
2.174182982753332084e-19
1.359656278892707384e-05
1.359656278892718226e-05
1.359656278892718226e-05
1.359656278892718226e-05
2.719312557785393084e-05
2.719312557785414768e-05
2.719312557785414768e-05
2.719312557785414768e-05
4.078968836678110971e-05
5.438625115570807852e-05
8.157937673356189417e-05
8.157937673356200259e-05
1.087725023114159402e-04
1.087725023114159402e-04
2.311415674117586120e-04
2.447381302006855605e-04
2.991243813563934629e-04
3.127209441453204113e-04
1.000000000000000000e+00
