0.000000000000000000e+00
3.258390355206641233e-04
4.670359509098480724e-04
5.376344086058949378e-04
7.203598285221653229e-04
2.090800477898072541e-03
2.090800477898072541e-03
2.090800477898557830e-03
2.090800477898557830e-03
2.090800477898557830e-03
2.443792766372487359e-03
3.461241127279315009e-03
3.816540554891321470e-03
4.181600955796630804e-03
4.247975574142785586e-03
5.620723362661619697e-03
5.973715651135549226e-03
5.973715651135549226e-03
5.973715651135549226e-03
5.973715651135549226e-03
5.973715651135549226e-03
5.973715651135549226e-03
5.973715651135549226e-03
5.973715651136034081e-03
5.973715651136034081e-03
5.973715651136034081e-03
5.973715651136034081e-03
5.973715651136034081e-03
5.973715651136034081e-03
5.973715651136034081e-03
9.150646247420800988e-03
9.856630824373026345e-03
9.856630824373026345e-03
9.856630824376905187e-03
1.179808841099588661e-02
1.373954599761050173e-02
1.373954599761438231e-02
1.550450743999227596e-02
1.762246117084749486e-02
1.762246117084749486e-02
1.762246117085185942e-02
1.762246117085185942e-02
1.762246117085185942e-02
1.762246117085185942e-02
1.762246117085234515e-02
1.891676622859364207e-02
1.956391875746647455e-02
2.150537634408497198e-02
2.150537634408885082e-02
2.150537634408933654e-02
2.150537634408933654e-02
2.344683393070831623e-02
2.409398645958066298e-02
2.538829151732244563e-02
2.538829151732632794e-02
2.538829151732632794e-02
2.538829151732632794e-02
2.635902031063387663e-02
2.732974910394530763e-02
3.218339307048984771e-02
3.315412186380128218e-02
3.703703703703875583e-02
3.833134209478393506e-02
4.091995221027575069e-02
4.156710473914906889e-02
4.480286738351322434e-02
5.256869772998769286e-02
5.256869772998769286e-02
5.451015531661055485e-02
6.033452807646264709e-02
6.810035842294147324e-02
7.586618876941594869e-02
7.974910394265342928e-02
7.974910394265342928e-02
8.557347670250890770e-02
8.751493428913226236e-02
9.528076463560236631e-02
9.916367980884420452e-02
1.049880525687001687e-01
1.069295101553186661e-01
1.146953405017933775e-01
1.302270011947428141e-01
2.040023894862558196e-01
3.204898446833925885e-01
4.097968936678680341e-01
1.000000000000000000e+00
