0.000000000000000000e+00
2.227600350265668775e-06
3.101533709719167462e-06
3.149878959390784707e-06
3.995920828652693833e-06
4.181864096617276030e-06
4.351072470473100112e-06
5.078110648229552926e-06
5.249178454760686039e-06
6.662347291323863324e-06
7.593923063849617835e-06
7.778006899138891001e-06
7.891432292597766595e-06
8.064359531807650233e-06
8.307945212851372091e-06
8.419511173628055665e-06
8.477153586703754679e-06
1.068615961017158864e-05
1.428974014340476421e-05
1.429345900876742878e-05
1.472112852509698315e-05
1.931764610928739129e-05
1.935297533020430955e-05
1.948499505045758016e-05
2.023248698769406235e-05
2.328381601506630312e-05
2.621614135093308884e-05
2.748985273651766639e-05
2.760699699534092941e-05
2.809788722277727001e-05
2.865943589204572597e-05
2.919867136915368509e-05
2.976393890377964380e-05
3.027900175605179197e-05
3.239131728017983293e-05
3.245825685664584307e-05
3.308302623702625217e-05
3.426190655594979148e-05
3.426190655594979148e-05
3.482717409057230445e-05
3.495919381082902079e-05
3.496477210887215790e-05
3.528831339513486729e-05
3.720166962253501825e-05
3.872454498719957178e-05
3.945158316495947032e-05
4.022324772703003552e-05
4.064533894531645618e-05
4.206594551260152024e-05
4.277067049820263296e-05
4.351630300276381120e-05
4.367063591517241514e-05
4.403136585503251364e-05
4.505219439618305820e-05
4.511169624193062051e-05
4.552449029681984028e-05
4.648953585758204305e-05
5.138356267052404398e-05
5.192465758031247395e-05
5.338431223386851668e-05
5.440328134233686583e-05
5.491276589657276497e-05
5.606375472529783046e-05
5.628874607954027093e-05
5.661786566384439625e-05
5.986629455526060704e-05
6.059147330034175252e-05
6.114558423888831831e-05
6.150445474606967052e-05
6.156581602449943502e-05
6.244160881663167830e-05
6.297712542838041351e-05
6.316678756171282378e-05
6.324488373425650228e-05
6.539624734465724308e-05
6.928246164520684882e-05
7.025494493668576470e-05
7.124416312227862169e-05
7.801807637438604734e-05
7.817798758483779516e-05
7.897940306978558725e-05
7.979569401617027499e-05
8.263132885269381691e-05
8.428064563957538523e-05
8.501884041341467330e-05
8.605826328136305522e-05
8.641713378853752275e-05
8.652312145128138946e-05
8.787492900941481242e-05
8.856849739893998472e-05
8.866146903292226650e-05
8.958188820937208145e-05
8.978456637145574963e-05
8.983848991917050186e-05
9.071242327862399208e-05
9.207910629819086835e-05
9.275965865896134040e-05
9.329331583803132254e-05
9.526431447850201070e-05
9.578123676345291532e-05
9.612337237651861880e-05
9.690805296734733337e-05
9.969348312152051387e-05
1.044406147527671884e-04
1.047009353279231150e-04
1.088186489970907833e-04
1.091040719134253329e-04
1.096637611500116003e-04
1.119285501538729277e-04
1.133296326780173423e-04
1.164125720609421240e-04
1.211160070242140526e-04
1.227132596960665064e-04
1.302532592122082448e-04
1.376686767388048572e-04
1.424529970236437641e-04
1.425627035517485657e-04
1.439014950811238461e-04
1.447391695033227660e-04
1.449186047569134489e-04
1.469509646758104728e-04
1.469714184352870429e-04
1.487713492692265937e-04
1.502719114417358308e-04
1.507693096835529504e-04
1.522800987358021937e-04
1.613188009917692256e-04
1.630852620374723290e-04
1.671109337889988065e-04
1.715717127875732964e-04
1.766182130802503253e-04
1.769454732318722484e-04
1.770756335194536473e-04
1.851567279453769513e-04
2.041303790089233250e-04
2.136506743289329593e-04
2.308281134238972612e-04
2.376745445505069562e-04
2.665255020085655633e-04
2.736917555560856386e-04
2.783217429285159551e-04
2.802964604343406935e-04
3.250827559573247084e-04
3.261798212383418792e-04
3.481545966469066730e-04
4.135508439915605008e-04
4.155962199392224977e-04
4.281882980460741226e-04
4.502783582807868483e-04
4.696908354567352981e-04
5.058902708649210380e-04
5.175154439783299790e-04
5.260874286316947600e-04
5.368423872510145068e-04
5.673240671691568652e-04
5.875119277725436660e-04
5.985346446977343922e-04
6.147637731260573645e-04
7.079548201667057146e-04
7.842101543607479536e-04
7.905768518560023781e-04
8.016107253772759497e-04
8.413784120977814028e-04
9.147311718788270424e-04
9.306367590208821554e-04
1.022031594092962176e-03
1.129484489786816833e-03
1.152827807647634250e-03
1.589679202548383539e-03
1.970699271808789253e-03
2.088724901719356437e-03
2.492519302440599372e-03
2.855551219957695296e-03
3.240721542959165702e-03
3.301071290011159658e-03
6.949575716789495317e-03
1.176571461364384584e-02
1.340198062362185118e-02
1.625091168216714552e-02
1.683249759798950695e-02
2.169076380163487833e-02
3.667240628288692683e-02
3.882113693661253667e-02
3.996465828369832884e-02
4.392295907037426644e-02
1.033928969556351246e-01
2.282140244128598727e-01
3.574747333361097956e-01
1.000000000000000000e+00
