0.000000000000000000e+00
2.227443246065885626e-06
3.099858517441977490e-06
3.149975990480439052e-06
3.994548221281137803e-06
4.182024694493605005e-06
4.349082937945964533e-06
5.074858195622920284e-06
5.247485047197931926e-06
6.660055305741472265e-06
7.593725266387560551e-06
7.777489334187221522e-06
7.887005293785833625e-06
8.065200753473169507e-06
8.306507105130021091e-06
8.417879267431593545e-06
8.475421551288784159e-06
1.068430277030784822e-05
1.428719222082363485e-05
1.429090462623299959e-05
1.471968745110231753e-05
1.931750155153074696e-05
1.935276940292486616e-05
1.948270359227670295e-05
2.023075328241672672e-05
2.328235052953352876e-05
2.621515080352142640e-05
2.748664965648675945e-05
2.760544662961050372e-05
2.809548414374465414e-05
2.865791356337689478e-05
2.919621234784310196e-05
2.976421037559110833e-05
3.027652232218660730e-05
3.239073720324795716e-05
3.245756050063027486e-05
3.308310081223375237e-05
3.425993332723965005e-05
3.426178952994605613e-05
3.482607515227953594e-05
3.495786554434121438e-05
3.496343415245698350e-05
3.528455722043064799e-05
3.719830220934503798e-05
3.872224463019531174e-05
3.944987609057867188e-05
4.022391261858596491e-05
4.064341442993359133e-05
4.206340949929930433e-05
4.276691032451319544e-05
4.351496001465666156e-05
4.366902483917452503e-05
4.403098436665808124e-05
4.505003965173675240e-05
4.510943813830034402e-05
4.552151513882235967e-05
4.648859674815616531e-05
5.138340328139222746e-05
5.192541447126607990e-05
5.338067739203280018e-05
5.440158887981787065e-05
5.491018842100056424e-05
5.606103409813747150e-05
5.628563462544702248e-05
5.661789490965222523e-05
5.986439344079678244e-05
6.058831249577077276e-05
6.114517330728552649e-05
6.150156422665674914e-05
6.156467511863315291e-05
6.243894659271220131e-05
6.297538917447373374e-05
6.316472185038916214e-05
6.324453856670598183e-05
6.539587750186786036e-05
6.928090976355382586e-05
7.025541618370807198e-05
7.124105982009386990e-05
7.801619969355316319e-05
7.817768932889319509e-05
7.897956889747760579e-05
7.979444188499650492e-05
8.262886341561903971e-05
8.427902762041695073e-05
8.501594009432200747e-05
8.605541360915389994e-05
8.641551693393449240e-05
8.652317669083013738e-05
8.787263605740761876e-05
8.856685586909637093e-05
8.865966600435112139e-05
8.958219874876223671e-05
8.978452484361559589e-05
8.983464231665405533e-05
9.071262619614247355e-05
9.207879138706379963e-05
9.275816157711854197e-05
9.329089175346726224e-05
9.526217902623884454e-05
9.577820337824370655e-05
9.612160087868044077e-05
9.690677462292099321e-05
9.969293488320803229e-05
1.044392452000385578e-04
1.046972573760461523e-04
1.088161711785668009e-04
1.091020263951463496e-04
1.096625996120738952e-04
1.119253107095373462e-04
1.133276718532077190e-04
1.164108245463092874e-04
1.211135140995720400e-04
1.227098484259186929e-04
1.302516000165648185e-04
1.376671298232719329e-04
1.424524203969059508e-04
1.425619363565045459e-04
1.439002585068539179e-04
1.447374059268324647e-04
1.449156013865197836e-04
1.469499995512643274e-04
1.469685615783111494e-04
1.487709344049239601e-04
1.502707461906064928e-04
1.507691366169160011e-04
1.522773013147756265e-04
1.613179365897562587e-04
1.630841134636200362e-04
1.671083609281829706e-04
1.715706722311403400e-04
1.766158311834849161e-04
1.769425228595743497e-04
1.770761694543389851e-04
1.851543636267500854e-04
2.041303238805470687e-04
2.136489313520822735e-04
2.308262311846809658e-04
2.376700505582220982e-04
2.665228654056370650e-04
2.736878078471553246e-04
2.783208897989778580e-04
2.802996018825646969e-04
3.250823483447825191e-04
3.261775079407652181e-04
3.481530917659341243e-04
4.135489692678088287e-04
4.155945046487814548e-04
4.281869837998879594e-04
4.502795083954776157e-04
4.696879638795567274e-04
5.058913414389925971e-04
5.175148827780553596e-04
5.260868268700152114e-04
5.368379529377087468e-04
5.673223699628611146e-04
5.875122867857713411e-04
5.985344184483932985e-04
6.147613424960106290e-04
7.079538555061073513e-04
7.842066626298580673e-04
7.905771503136140846e-04
8.016104191924744785e-04
8.413758497429127533e-04
9.147311244440645443e-04
9.306350692209948991e-04
1.022027065607195462e-03
1.129480784000253804e-03
1.152826245421753474e-03
1.589676127246149534e-03
1.970698856513236098e-03
2.088727361717003430e-03
2.492518273364321621e-03
2.855546973608596127e-03
3.240716459718771553e-03
3.301069034471011340e-03
6.949580235071934481e-03
1.176570604804576779e-02
1.340198017198701574e-02
1.625091546757287397e-02
1.683250089912138175e-02
2.169075508868922864e-02
3.667240471515211681e-02
3.882114496652629837e-02
3.996465493057138607e-02
4.392297007505172740e-02
1.033928833169726197e-01
2.282140509477339485e-01
3.574747505618561805e-01
1.000000000000000000e+00
