0.000000000000000000e+00
9.009156617174012135e-04
4.716557723950470446e-03
1.277180339370132672e-02
1.616348588487113991e-02
1.679942672213149621e-02
1.743512414559803686e-02
1.867545112473713645e-02
2.451550325436558861e-02
2.464269309990359258e-02
2.972997530824396384e-02
3.397005786621479922e-02
4.729968283460068285e-02
5.828105070915718527e-02
9.021104079610210713e-02
1.011924086706586096e-01
1.590381040044613059e-01
2.241905765481752022e-01
2.862261913822100601e-01
4.134142787599581759e-01
6.281872903424035037e-01
6.337303917538142928e-01
7.002472928157185139e-01
8.085505437597901857e-01
1.000000000000000000e+00
