0.000000000000000000e+00
2.227701798184383648e-06
3.102248793173897126e-06
3.148659247301232551e-06
3.995650035156082592e-06
4.181291851672308976e-06
4.349529747890783940e-06
5.074693093651052523e-06
5.247281969940522365e-06
6.661350494180963151e-06
7.592460230141608332e-06
7.775201393271433380e-06
7.888326875210255291e-06
8.062366078194647395e-06
8.306020962370043483e-06
8.416245790929349589e-06
8.477159511968035099e-06
1.068455673647170918e-05
1.429006889160955340e-05
1.429151921829758928e-05
1.471791526560625191e-05
1.931690120443834823e-05
1.935170904503384938e-05
1.948223844727042355e-05
2.023060702009779965e-05
2.328209437906648391e-05
2.621610527602534545e-05
2.748659145780246060e-05
2.760696857319867872e-05
2.809717899493586969e-05
2.865845542455382170e-05
2.919652662711154749e-05
2.976360436349713697e-05
3.027847033899291537e-05
3.239014600185208086e-05
3.245831135635160323e-05
3.308050150701684491e-05
3.426106743392224566e-05
3.426251776061028324e-05
3.482524451692487529e-05
3.496012489923588923e-05
3.496302555261884229e-05
3.528499807813756254e-05
3.719942931095210462e-05
3.872227233705520977e-05
3.944888600950867944e-05
4.022191013609464297e-05
4.064540553001690342e-05
4.206382503432833824e-05
4.276868380641134384e-05
4.351415172585920243e-05
4.367078700854240162e-05
4.403046802803957946e-05
4.505149801887193650e-05
4.510951108653454855e-05
4.552285419361989867e-05
4.648877177017604585e-05
5.138217402738186432e-05
5.192459621001575105e-05
5.337927388161417032e-05
5.440175419914144962e-05
5.491081886786786939e-05
5.606237826093680060e-05
5.628572857143492692e-05
5.661785338379399983e-05
5.986513484612270209e-05
6.059029819188297067e-05
6.114432298804869676e-05
6.150255368085438790e-05
6.156491772858799737e-05
6.244091505026898780e-05
6.297463527275399501e-05
6.316607839603269195e-05
6.324439603737602288e-05
6.539523052090856145e-05
6.928210605419853649e-05
7.025382493752060334e-05
7.124294774114213686e-05
7.801742371726192869e-05
7.817695965332808095e-05
7.897899031374363611e-05
7.979552424107053457e-05
8.262946259631044437e-05
8.427993437126888503e-05
8.501525000387294862e-05
8.605513424169798696e-05
8.641626558788663794e-05
8.652358976305954017e-05
8.787239358617653714e-05
8.856710007141917651e-05
8.865992097967729309e-05
8.958087842879585512e-05
8.978537449229959252e-05
8.983613592650480496e-05
9.071213324818580895e-05
9.207979131829546011e-05
9.275854420992840513e-05
9.329081410571849007e-05
9.526325840619563742e-05
9.578102503506749437e-05
9.612040148088740244e-05
9.690647854769324969e-05
9.969255612211777801e-05
1.044380250567858345e-04
1.046990838612624252e-04
1.088180116651976849e-04
1.091022756967344984e-04
1.096621017996661442e-04
1.119260617651340623e-04
1.133285276758426603e-04
1.164119222220256139e-04
1.211138813559544498e-04
1.227106910433247182e-04
1.302509395125696248e-04
1.376693605397234148e-04
1.424525379683768203e-04
1.425613124702377601e-04
1.439014143332093063e-04
1.447368025075288726e-04
1.449180933439672236e-04
1.469514513654899429e-04
1.469703056124791818e-04
1.487701610366634153e-04
1.502712491623926208e-04
1.507687112175872012e-04
1.522785013034652862e-04
1.613169372450547038e-04
1.630819848286417116e-04
1.671109923777018417e-04
1.715692966274535536e-04
1.766164335139630537e-04
1.769442073462442378e-04
1.770776374018672209e-04
1.851559570736681457e-04
2.041291308522087038e-04
2.136490752553864498e-04
2.308267445898223641e-04
2.376693859204416850e-04
2.665221851216588813e-04
2.736867989778003513e-04
2.783220430839125322e-04
2.802973880377692241e-04
3.250834762720935319e-04
3.261770225975102119e-04
3.481523726275056844e-04
4.135505038018006752e-04
4.155983650902347242e-04
4.281843001192942358e-04
4.502785769379979465e-04
4.696868487239994755e-04
5.058899035978744020e-04
5.175157223571435778e-04
5.260871531040681127e-04
5.368398751950393798e-04
5.673228415975342708e-04
5.875142897969552313e-04
5.985338719991655258e-04
6.147601270239653505e-04
7.079523189146562671e-04
7.842075957017159097e-04
7.905745298775093254e-04
8.016115160000243179e-04
8.413765732282823488e-04
9.147311966322870663e-04
9.306325784781747891e-04
1.022029265924759463e-03
1.129482520173230456e-03
1.152825528273339036e-03
1.589678431027886961e-03
1.970693756158677264e-03
2.088727143621829999e-03
2.492521299769729585e-03
2.855549673272216385e-03
3.240715833394157853e-03
3.301072628988706119e-03
6.949578268565909621e-03
1.176571292095688302e-02
1.340198128404166376e-02
1.625091202887541525e-02
1.683250463479088466e-02
2.169076257561051643e-02
3.667240524680334679e-02
3.882113965728709731e-02
3.996465843918088623e-02
4.392297126398836404e-02
1.033929094905861462e-01
2.282140579223497778e-01
3.574747839856232678e-01
1.000000000000000000e+00
