0.000000000000000000e+00
1.923693898778220239e-05
1.959990010057567080e-05
3.266650016805279673e-05
4.113559280442323718e-05
7.549591149995492237e-05
7.634282076356637315e-05
1.105821524215855724e-04
1.259475062043600372e-04
1.678090212348822257e-04
2.446357901495225715e-04
2.505641549945466519e-04
2.591542346686856262e-04
2.596381828192475573e-04
3.144453108794784124e-04
3.204946627625269865e-04
3.279958590975174965e-04
3.292057294739224056e-04
3.552179425708521638e-04
4.413607133852183733e-04
5.870291067286906436e-04
8.005712281993587450e-04
9.473285048817234452e-04
9.501112067478386953e-04
9.896739680628075918e-04
9.913677865900304663e-04
1.015807168197505918e-03
1.088278403756064421e-03
1.141754674402121854e-03
1.146715142946021964e-03
1.162927405992663981e-03
1.228502380404562474e-03
1.237818382304288391e-03
1.275808312129802927e-03
1.292867484440056274e-03
1.316217982708383152e-03
1.344649936558634743e-03
1.377195449689175115e-03
1.469629546462126925e-03
1.526614441200142532e-03
1.565209306213731369e-03
1.582268478523984716e-03
1.597270871193965736e-03
1.613483134240351665e-03
1.628727500985613624e-03
1.653408856668370014e-03
1.655586623346410853e-03
1.693939514284718752e-03
1.698295047640544560e-03
1.723823312586656191e-03
1.748988616419974674e-03
1.762781138713550569e-03
1.791092105526033863e-03
1.921153171011194451e-03
1.958538165648122508e-03
1.967007258284237097e-03
2.026411893775830354e-03
2.064885771751650678e-03
2.065369719902468860e-03
2.073233877350252625e-03
2.079888164421887786e-03
2.083396788513846177e-03
2.095374505242175028e-03
2.109529988648288414e-03
2.195309798349605063e-03
2.232694792986788992e-03
2.240558950434829062e-03
2.257255161632032957e-03
2.262820565364519546e-03
2.276613087657583696e-03
2.317869667500031556e-03
2.357674402890281174e-03
2.445148031118820914e-03
2.460150423788801718e-03
2.477814531287129800e-03
2.512416824057942498e-03
2.525967372275981365e-03
2.641751967317004183e-03
2.641872954354516825e-03
2.652156852555878457e-03
2.719062684382206677e-03
2.768909343898281333e-03
2.770845136501041018e-03
2.917118465032331881e-03
3.040646230483881694e-03
3.149413577340732292e-03
3.153769110696557666e-03
3.158850566278226506e-03
3.160665371842961806e-03
3.369851959958060188e-03
3.451639197416344826e-03
3.481402008681025711e-03
3.511043832907938516e-03
3.511285806983219238e-03
3.517335158866267703e-03
3.520843782958226094e-03
3.526046225577663448e-03
3.532337551535993068e-03
3.541048618247644251e-03
3.550364620147626257e-03
3.571658338775680810e-03
3.768141287936351436e-03
3.771649912028565699e-03
3.880901207036234046e-03
3.887192532994307361e-03
3.929054048024830173e-03
3.968132861189236325e-03
3.989184605742266028e-03
4.011446220671700640e-03
4.031651055961119230e-03
4.067584206146361223e-03
4.186998412317110077e-03
4.281731262805359498e-03
4.298911422153125703e-03
4.299637344378968301e-03
4.321898959308658784e-03
4.367511072506676147e-03
4.393644272641374256e-03
4.530843573348220139e-03
4.755516502283861635e-03
4.937964955075931951e-03
4.944377268072029652e-03
4.973535144148124275e-03
5.288101442065627072e-03
5.299958171756186977e-03
5.435221679860529481e-03
5.447441370664394926e-03
5.477567143041613303e-03
5.542900143378615314e-03
5.636181149414794429e-03
5.657595855080872933e-03
5.762733590807484450e-03
5.785963102038427057e-03
5.840044307872687378e-03
5.898239072987363982e-03
5.929332741666217856e-03
5.931268534268977974e-03
5.992729949400331380e-03
6.049109908950017246e-03
6.181711702226012038e-03
6.190059807824613985e-03
6.227444802461797914e-03
6.268338421190940667e-03
6.378436625461963820e-03
6.702681886392241987e-03
7.301809696887030104e-03
7.342219367465738049e-03
7.439734919819974458e-03
7.987443239309105839e-03
7.993613578229794014e-03
8.106131523254140464e-03
8.121375889999402423e-03
8.442717462025539979e-03
8.919406390408182728e-03
8.974092531430643768e-03
9.036521842863378534e-03
9.939327117886233298e-03
9.996674973737297923e-03
1.043416410191776514e-02
1.060354595464235716e-02
1.062084710102789188e-02
1.200360795445006533e-02
1.260079997234209333e-02
1.263165166694566605e-02
1.292456128512180918e-02
1.330712229820427660e-02
1.343899816925417205e-02
1.381647772675497106e-02
1.526033703419570585e-02
1.535761061247453360e-02
1.566782137703620972e-02
1.605159226049533705e-02
1.715717181063693836e-02
1.805126601894839478e-02
1.816378396397248449e-02
1.943947128906503216e-02
2.081122232205974421e-02
2.133775790995846161e-02
2.143091792895699885e-02
2.241139688215785034e-02
2.655689674055748684e-02
2.703576343561766085e-02
2.886024796353835534e-02
3.258822155497166639e-02
3.853013694855479676e-02
4.157429180313115119e-02
5.971895981515336349e-02
9.872542273097788257e-02
1.000000000000000000e+00
