0.000000000000000000e+00
2.382662117154980369e-05
2.440307168358900984e-05
4.976689422123693843e-05
5.168839592856248167e-05
5.264914678242332347e-05
1.131764505649606145e-04
1.318150171265729980e-04
1.617904437619210704e-04
2.521010240089946257e-04
2.553675769114084528e-04
2.628614335702949851e-04
2.659358363022931715e-04
2.734296929609816200e-04
3.189692834259439031e-04
3.262709899140186815e-04
3.356863482802307434e-04
3.370313994755170703e-04
3.470232083539664188e-04
4.530901026016640495e-04
6.404365190718467899e-04
8.790870311291664862e-04
8.826418092878969860e-04
9.143465874597588071e-04
1.034728669427487351e-03
1.069123549989723851e-03
1.081132935660805618e-03
1.086705290612366512e-03
1.099291126795685566e-03
1.235525597849345021e-03
1.283370990363256288e-03
1.290480546680519312e-03
1.293747099583131277e-03
1.352160751487729287e-03
1.359846758317229598e-03
1.398180717379622021e-03
1.460629522869682844e-03
1.491085324931763203e-03
1.526056656006236989e-03
1.543926621884800319e-03
1.602916724301635615e-03
1.614445734545984961e-03
1.626166894960948085e-03
1.678912116828876503e-03
1.680161092938459774e-03
1.709079693634640027e-03
1.774506826771194172e-03
1.806788055455293279e-03
1.856362799505916622e-03
1.878171843884635876e-03
1.882687372897029303e-03
1.968770649388026320e-03
1.993942321754664428e-03
2.005375256913706668e-03
2.018153243267837692e-03
2.019498294462926044e-03
2.040058362732061811e-03
2.049665871268887760e-03
2.065037884928086140e-03
2.127967065844879602e-03
2.165916724565846493e-03
2.169375427639072020e-03
2.170336178492735055e-03
2.195507850859570922e-03
2.202521332091527274e-03
2.217893345750527462e-03
2.218373721177458076e-03
2.319829011327455715e-03
2.384103243439535287e-03
2.405720137647640762e-03
2.506406827114787336e-03
2.524468943164162420e-03
2.540417407335400328e-03
2.583651195751611278e-03
2.642449147997833012e-03
2.648213653119809493e-03
2.753511946684656167e-03
2.787906827246892667e-03
2.835367919419180642e-03
2.867456997932665754e-03
3.020984984352849661e-03
3.076132083354637514e-03
3.217554609018432547e-03
3.223703414482032535e-03
3.258674745556506321e-03
3.381266554487679255e-03
3.408744028903266075e-03
3.439776281477584154e-03
3.441217407758176937e-03
3.441697783185107551e-03
3.474843687637364613e-03
3.548821503371774998e-03
3.588020138202324943e-03
3.600702049471149295e-03
3.733093517110157473e-03
3.753653585379293240e-03
3.857606827748853804e-03
3.880760923322859601e-03
3.903146418213816141e-03
3.972416554765021562e-03
3.985578841460775228e-03
4.035057510425894139e-03
4.067915189622230317e-03
4.154478841540157515e-03
4.155055292052197043e-03
4.207320138493194847e-03
4.218080548054494935e-03
4.291674063447479572e-03
4.312618432057843329e-03
4.322514165850986113e-03
4.419261776817778355e-03
4.455193858745915177e-03
4.542526111346693006e-03
4.578169968018711185e-03
4.666943346899884472e-03
4.931341981836277755e-03
4.936530036446214707e-03
5.034334473352174849e-03
5.049130036499136810e-03
5.373671674876641553e-03
5.432277476951853125e-03
5.484830548648969573e-03
5.499337886539614265e-03
5.552179183492849356e-03
5.635764507764085690e-03
5.669006487301847183e-03
5.690911606766071301e-03
5.775457681890970238e-03
5.871148466918990963e-03
5.994701026703826499e-03
6.045428671778924415e-03
6.080592153024011980e-03
6.136892153050473031e-03
6.291380890324318673e-03
6.300411948349105527e-03
6.407439593450465869e-03
7.090629525511593645e-03
7.179402904392965558e-03
7.289793177482244320e-03
7.293251880555470280e-03
7.669674065032547512e-03
7.742306829571670920e-03
7.784291641878299250e-03
8.221337205223418557e-03
8.519746420380227073e-03
9.145387376305309443e-03
9.312750175018593216e-03
9.894004441502991798e-03
1.033249113112870432e-02
1.096428089251719022e-02
1.123502048308779727e-02
1.134858123399457887e-02
1.226187099551516967e-02
1.282275734390144264e-02
1.290288396509945215e-02
1.317343140549924810e-02
1.318419181506074594e-02
1.493986792509971462e-02
1.714844198756953347e-02
1.737421843818741721e-02
1.760652799461072046e-02
1.789148669781585529e-02
1.804847338730906567e-02
1.890911400204782836e-02
2.157154676780196484e-02
2.310432867978463173e-02
2.348920547177386214e-02
2.516379420976096182e-02
2.654439318651853272e-02
2.956883687394441101e-02
3.600913414659141082e-02
3.625835291803941596e-02
3.929605496724635633e-02
4.069894336380918548e-02
4.206666827912672324e-02
4.498754302452485920e-02
5.074455429002502904e-02
5.585767033337993293e-02
6.138640719604285256e-02
7.287506590450594512e-02
1.016595457814953446e-01
1.153846403271856641e-01
1.183866024446354748e-01
1.250165519358010235e-01
1.383102693481830792e-01
1.503357956336898726e-01
1.552413894926476801e-01
2.289438540323542326e-01
1.000000000000000000e+00
