0.000000000000000000e+00
0.000000000000000000e+00
0.000000000000000000e+00
0.000000000000000000e+00
0.000000000000000000e+00
0.000000000000000000e+00
0.000000000000000000e+00
0.000000000000000000e+00
5.430632836608850924e-05
5.430632836608850924e-05
5.430632836608850924e-05
5.430632836608850924e-05
5.430632836609604444e-05
5.430835155096588499e-05
5.431037473583573232e-05
5.431037473583573232e-05
5.431037473583573232e-05
5.431037473583573232e-05
5.431037473583573232e-05
1.086126567321920889e-04
1.086126567321920889e-04
1.086126567321920889e-04
1.086167031019242348e-04
1.086167031019317700e-04
1.086167031019317700e-04
1.086167031019317700e-04
1.086167031019317700e-04
1.086167031019317700e-04
1.086167031019317700e-04
1.086167031019317700e-04
1.086167031019317700e-04
1.086167031019317700e-04
1.086167031019317700e-04
1.086167031019317700e-04
1.086180031562722093e-04
1.086207494716714646e-04
1.086207494716714646e-04
1.086207494716714646e-04
1.086207494716789998e-04
1.086207494716789998e-04
1.629230314680202860e-04
1.629230314680202860e-04
1.629230314680202860e-04
1.629230314680353564e-04
1.629270778377675023e-04
1.629270778377675023e-04
1.629270778377675023e-04
1.629270778377675023e-04
1.629270778377675023e-04
1.629270778377675023e-04
1.629270778377675023e-04
1.629270778377675023e-04
1.629270778377675023e-04
1.629270778377675023e-04
1.629270778377750375e-04
1.629270778377750375e-04
1.629270778377750375e-04
1.629311242075147457e-04
1.629311242075147457e-04
1.629311242075147457e-04
1.629311242075147457e-04
1.629311242075222809e-04
2.172334062038635400e-04
2.172334062038635400e-04
2.172334062038635400e-04
2.172334062038635400e-04
2.172334062038635400e-04
2.172334062038635400e-04
2.172334062038635400e-04
2.172354293887371617e-04
2.172369151651276176e-04
2.172374525736032482e-04
2.172374525736032482e-04
2.172374525736107834e-04
2.172374525736107834e-04
2.172374525736107834e-04
2.172374525736107834e-04
2.172374525736107834e-04
2.172374525736107834e-04
2.172374525736107834e-04
2.172374525736107834e-04
2.172414989433579997e-04
2.172414989433579997e-04
2.715437809396917235e-04
2.715437809396992587e-04
2.715437809396992587e-04
2.715437809397068481e-04
2.715478273094465021e-04
2.715478273094465021e-04
2.715478273094540373e-04
2.715518736792012808e-04
2.715518736792012808e-04
3.258541556755350046e-04
3.258541556755425398e-04
3.258541556755425398e-04
3.258541556755425398e-04
3.258541556755425398e-04
3.258541556755425398e-04
3.258541556755425398e-04
3.258541556755500750e-04
3.258541556755500750e-04
3.258582020452897832e-04
3.258582020452897832e-04
3.258582020452897832e-04
3.258622484150294914e-04
3.801645304113782857e-04
3.801645304113782857e-04
3.801645304113782857e-04
3.801645304113782857e-04
3.801645304113782857e-04
3.801645304113782857e-04
3.801645304113858209e-04
3.801645304113858209e-04
3.801645304113858209e-04
3.801645304113933561e-04
3.801685767811255291e-04
3.801685767811255291e-04
3.801726231508727183e-04
3.801726231508727183e-04
4.344746838613769923e-04
4.344747786981679192e-04
4.344749051472215668e-04
4.344749051472215668e-04
4.344749051472215668e-04
4.344749051472215668e-04
4.344749051472215668e-04
4.344749051472215668e-04
4.344749051472215668e-04
4.344749051472215668e-04
4.344749051472215668e-04
4.344749051472215668e-04
4.887812335133176044e-04
4.887812335133176044e-04
4.887832566981912532e-04
4.887852798830573126e-04
4.887852798830611073e-04
4.887852798830611073e-04
4.887852798830647936e-04
4.887852798830647936e-04
4.887852798830647936e-04
5.430936314340269449e-04
5.430936314340288965e-04
5.430956546189005937e-04
5.974040061698702260e-04
6.517083113510850796e-04
6.517123577208360635e-04
6.517123577208360635e-04
6.517126106189448766e-04
6.517143809057097123e-04
6.517164040905795664e-04
6.517164040905946368e-04
7.060207092718020095e-04
7.603290608227716418e-04
7.603331071925188310e-04
8.146394355586149228e-04
8.689498102944431335e-04
8.689538566641979121e-04
9.232596792340698726e-04
9.232601850302864146e-04
9.232601850302938956e-04
9.775685365812523606e-04
9.775705597661295872e-04
1.031876888132218090e-03
1.140497637603897062e-03
1.194807000747303682e-03
1.303424715441672127e-03
1.303424715441679716e-03
1.303426738626549571e-03
1.412045464913355003e-03
1.466353816464320949e-03
1.466354322260539226e-03
1.466354575158647930e-03
1.683591774834151825e-03
2.009451494268094975e-03
2.335305649943645104e-03
2.335305649943646839e-03
2.606853477253099141e-03
2.715470180355031033e-03
1.000000000000000000e+00
