0.000000000000000000e+00
0.000000000000000000e+00
0.000000000000000000e+00
0.000000000000000000e+00
1.502142032160657317e-18
1.502142032160657317e-18
2.253213048240985879e-18
2.253213048240985879e-18
2.253213048240985879e-18
2.253213048240985879e-18
2.253213048240985879e-18
2.253213048240985879e-18
2.253213048240985879e-18
2.253213048240985879e-18
2.440980802261068261e-18
2.440980802261068261e-18
2.628748556281150257e-18
3.004284064321314634e-18
3.004284064321314634e-18
3.004284064321314634e-18
3.004284064321314634e-18
6.008568128642629269e-18
4.938271604938247869e-04
4.938271604938247869e-04
4.938271604938307500e-04
4.938271604938307500e-04
4.938271604938307500e-04
4.938271604938307500e-04
4.938271604938367131e-04
4.938271604938367131e-04
9.876543209876495737e-04
9.876543209876554284e-04
9.876543209876554284e-04
9.876543209876615000e-04
1.481481481481474252e-03
1.481481481481474252e-03
1.481481481481483143e-03
1.481481481481486178e-03
1.481481481481486178e-03
1.975308641975310857e-03
1.975308641975310857e-03
1.975308641975310857e-03
2.469135802469135752e-03
2.469135802469135752e-03
2.469135802469147895e-03
2.962962962962964984e-03
3.456790123456797252e-03
3.950617283950609571e-03
4.444444444444447043e-03
4.444444444444447043e-03
5.432098765432095966e-03
5.432098765432108109e-03
5.925925925925921295e-03
5.925925925925927366e-03
5.925925925925932571e-03
6.419753086419770043e-03
8.395061728395063552e-03
8.395061728395068756e-03
1.185185185185185473e-02
1.333333333333331684e-02
1.333333333333333939e-02
1.530864197530856785e-02
1.728395061728381712e-02
1.777777777777782287e-02
2.024691358024691135e-02
2.370370370370357416e-02
2.419753086419753133e-02
4.197530864197532297e-02
4.197530864197560746e-02
4.296296296296294587e-02
6.666666666666662411e-02
6.814814814814826316e-02
7.209876543209878252e-02
1.027160493827159182e-01
1.032098765432098303e-01
1.204938271604938660e-01
1.476543209876543250e-01
1.950617283950618064e-01
2.661728395061727648e-01
2.681481481481480245e-01
2.874074074074076668e-01
3.412345679012345756e-01
1.000000000000000000e+00
