0.000000000000000000e+00
0.000000000000000000e+00
0.000000000000000000e+00
0.000000000000000000e+00
0.000000000000000000e+00
0.000000000000000000e+00
0.000000000000000000e+00
0.000000000000000000e+00
0.000000000000000000e+00
0.000000000000000000e+00
0.000000000000000000e+00
0.000000000000000000e+00
0.000000000000000000e+00
0.000000000000000000e+00
0.000000000000000000e+00
0.000000000000000000e+00
0.000000000000000000e+00
1.997949598264315771e-02
1.997949598264315771e-02
1.997949598264315771e-02
2.000333786329077171e-02
2.000333786329077171e-02
2.000333786329077171e-02
2.000333786329077171e-02
2.000333786329077171e-02
2.000333786329077171e-02
2.000333786329077171e-02
2.000333786329077171e-02
3.998283384593216694e-02
3.998283384593392942e-02
3.998283384593392942e-02
3.998283384593392942e-02
3.998283384593392942e-02
3.998283384593392942e-02
3.998283384593392942e-02
3.998283384593392942e-02
3.998283384593392942e-02
3.998283384593392942e-02
4.000667572657978094e-02
4.000667572658066218e-02
4.000667572658066218e-02
4.000667572658109933e-02
4.000667572658154342e-02
4.000667572658154342e-02
4.000667572658154342e-02
4.000667572658154342e-02
4.000667572658154342e-02
4.000667572658154342e-02
4.000667572658154342e-02
5.998617170922294212e-02
5.998617170922294212e-02
5.998617170922426051e-02
5.998617170922426051e-02
5.998617170922426051e-02
5.998617170922470460e-02
5.998617170922470460e-02
5.998617170922470460e-02
5.998617170922470460e-02
5.998617170922470460e-02
5.998617170922470460e-02
5.998617170922470460e-02
5.998617170922470460e-02
6.001001358987143736e-02
6.001001358987187451e-02
6.001001358987187451e-02
6.001001358987231166e-02
6.001001358987231166e-02
6.001001358987231166e-02
6.001001358987231166e-02
6.001001358987231166e-02
6.001001358987231166e-02
7.998950957251195482e-02
7.998950957251195482e-02
7.998950957251371729e-02
7.998950957251459160e-02
7.998950957251459160e-02
7.998950957251459160e-02
7.998950957251459160e-02
7.998950957251503568e-02
7.998950957251503568e-02
7.998950957251547977e-02
7.998950957251547977e-02
7.998950957251547977e-02
7.998950957251547977e-02
7.998950957251547977e-02
7.998950957251547977e-02
7.998950957251547977e-02
7.998950957251547977e-02
8.001335145315956188e-02
8.001335145316264275e-02
8.001335145316308683e-02
8.001335145316308683e-02
9.999284743580448553e-02
9.999284743580448553e-02
9.999284743580448553e-02
9.999284743580535983e-02
9.999284743580535983e-02
9.999284743580580392e-02
9.999284743580624801e-02
9.999284743580624801e-02
9.999284743580624801e-02
1.199961852990934913e-01
1.199961852990952538e-01
1.199961852990952538e-01
1.199961852990961420e-01
1.199961852990961420e-01
1.199961852990970163e-01
1.199961852990970163e-01
1.199961852990970163e-01
1.199961852990970163e-01
1.199961852990970163e-01
1.199961852990970163e-01
1.200200271797437490e-01
1.200200271797437490e-01
1.399756812817384011e-01
1.399756812817392893e-01
1.399995231623868963e-01
1.399995231623868963e-01
1.399995231623868963e-01
1.399995231623868963e-01
1.399995231623868963e-01
1.399995231623868963e-01
1.399995231623868963e-01
1.399995231623877845e-01
1.399995231623877845e-01
1.399995231623877845e-01
1.399995231623877845e-01
1.399995231623877845e-01
1.599790191450274346e-01
1.599790191450300714e-01
1.599790191450309595e-01
1.600028610256776784e-01
1.600028610256781225e-01
1.600028610256785666e-01
1.600028610256785666e-01
1.600028610256785666e-01
1.600028610256785666e-01
1.600028610256785666e-01
1.600028610256785666e-01
1.600028610256785666e-01
1.799823570083208257e-01
1.799823570083217139e-01
1.799823570083217139e-01
1.800061988889675724e-01
1.800061988889684605e-01
1.800061988889684605e-01
1.800061988889693210e-01
1.800061988889693210e-01
1.800061988889693210e-01
2.000095367522565781e-01
2.000095367522592149e-01
2.000095367522601031e-01
2.200128746155473602e-01
2.399923705981905075e-01
2.399923705981927002e-01
2.399923705981927002e-01
2.399923705981928113e-01
2.399923705981940325e-01
2.399923705981940325e-01
2.400162124788416396e-01
2.599957084614812897e-01
2.799990463247720718e-01
2.799990463247737926e-01
3.000023841880645747e-01
3.199818801707077220e-01
3.200057220513553569e-01
3.399852180339967278e-01
3.399852180339985042e-01
3.400090599146459169e-01
3.599885558972910626e-01
3.600123977779351447e-01
3.799918937605818448e-01
4.199985694871633535e-01
4.400019073504541356e-01
4.799847411963845678e-01
4.800085830770321471e-01
4.800085830770331463e-01
5.199914169229661320e-01
5.399947547862568031e-01
5.399947547862568031e-01
5.399947547862568031e-01
6.200081062394199316e-01
7.400042915385169895e-01
8.600004768376104947e-01
8.600004768376139364e-01
9.599933242734202121e-01
1.000000000000000000e+00
