0.000000000000000000e+00
5.844684664600011862e-07
2.279427019271058430e-05
4.695230014044313914e-05
5.708308689267333630e-05
5.805720100349137474e-05
1.104645401644847066e-04
1.278037713364909992e-04
1.599495369925616058e-04
1.998882155351764929e-04
2.470353384977216015e-04
2.485939210751537259e-04
2.538541372731396590e-04
2.637901012034220196e-04
3.105475785217631486e-04
3.175612001192831824e-04
3.261334042942353405e-04
3.274971640495655430e-04
3.413295844228118187e-04
4.079589896011012458e-04
4.395202867908659509e-04
6.129125985124699071e-04
8.392967178612189367e-04
8.798198648704479369e-04
9.126475104041836990e-04
1.024768044556843361e-03
1.024962867379099240e-03
1.052822530947847886e-03
1.072109990341490364e-03
1.077175383717528332e-03
1.188614037992677093e-03
1.242190314086436334e-03
1.247255707462320128e-03
1.267809515200241793e-03
1.301416452022693482e-03
1.333367394856816313e-03
1.384508385673530444e-03
1.444124169254299784e-03
1.475782877855115558e-03
1.502278781668688014e-03
1.509292403266362112e-03
1.526241988794318572e-03
1.569492655313745781e-03
1.579915676299128774e-03
1.635147946381217089e-03
1.652097531909019375e-03
1.683756240509989323e-03
1.727493964084517164e-03
1.736650636725929316e-03
1.773277327292040228e-03
1.784382228155242684e-03
1.816138348167109203e-03
1.857635609286848030e-03
1.884715981567034815e-03
1.948033398768666147e-03
1.965080395707673785e-03
1.968294972273280756e-03
1.990309951177274966e-03
1.991576299521246023e-03
2.006869891060719668e-03
2.009012942104457505e-03
2.096293566431719612e-03
2.097267680542537569e-03
2.102333073918729710e-03
2.111294923737885767e-03
2.132335788531370367e-03
2.135745187919079694e-03
2.167403896519895252e-03
2.182015608181703606e-03
2.246891607960766792e-03
2.352972634626416572e-03
2.360668136101755528e-03
2.385215811693692286e-03
2.435480099810485247e-03
2.450286634294857394e-03
2.509707595053216680e-03
2.581889450663261455e-03
2.605365600733483035e-03
2.628354693748449593e-03
2.719239540285368559e-03
2.723233408139845955e-03
2.814215666087969622e-03
2.895261960106427623e-03
3.020143389110156295e-03
3.026377719419268749e-03
3.102163797239124339e-03
3.127490764119776698e-03
3.243215520482247392e-03
3.261918511409583887e-03
3.344523388005011654e-03
3.356212757334520094e-03
3.364200493043012150e-03
3.387579231702182985e-03
3.419432763125254422e-03
3.478951135294664886e-03
3.505447039108391515e-03
3.592727663435653623e-03
3.671241260765707205e-03
3.747416984230074986e-03
3.803915602655979968e-03
3.809662875909837400e-03
3.867427842680021786e-03
3.891293638394447210e-03
3.895482329070718182e-03
3.902106305024342393e-03
3.930940082703755258e-03
3.950812010564165588e-03
3.965618545048075864e-03
3.987633523952070075e-03
4.067803115270452949e-03
4.141543553457776271e-03
4.241195426992056851e-03
4.293115709097487451e-03
4.312013522847079824e-03
4.330716513774261929e-03
4.377279168270346854e-03
4.380201510602492812e-03
4.435238957862633162e-03
4.645745017205757388e-03
4.825176836414063475e-03
4.846412524029342084e-03
4.914016043318603262e-03
5.017661784707207716e-03
5.091499634305426958e-03
5.292167141129319567e-03
5.311357189111911084e-03
5.322169855741806267e-03
5.396397350984384611e-03
5.505887777037742417e-03
5.535890491650383508e-03
5.543585993125568941e-03
5.708503512083117418e-03
5.772795043395720881e-03
5.841080442562492960e-03
5.869037517542292567e-03
5.918814748604139288e-03
6.113540159351918586e-03
6.121235660827257542e-03
6.147634153229779470e-03
6.829124385142328404e-03
6.839255171894712687e-03
6.979722426671222495e-03
7.054631801791465262e-03
7.200846329821677244e-03
7.236109260632611964e-03
7.444374857520638829e-03
7.468727710290472797e-03
7.655562796741119565e-03
8.061573558120585167e-03
8.776378492622279384e-03
9.189987344065878375e-03
1.008753608575284517e-02
1.016176358099557704e-02
1.016585486026095123e-02
1.046568718356371587e-02
1.136089805138453326e-02
1.187795782139478874e-02
1.198140873996144523e-02
1.256704614337162719e-02
1.273926951816015639e-02
1.383436860151630518e-02
1.563492112391032599e-02
1.620438823308172765e-02
1.628601899556618438e-02
1.663845348085189052e-02
1.769828963339725725e-02
1.770491360935088146e-02
1.960190342871373156e-02
2.119613858244136229e-02
2.224233713743558466e-02
2.278745139383684531e-02
2.386267854933289342e-02
2.607489169494918435e-02
2.656506591550135410e-02
2.998479091285976422e-02
3.428959599128660746e-02
3.734695053942933135e-02
3.850186022918819506e-02
3.894586144088864332e-02
3.920692402258186410e-02
4.282186148774361906e-02
4.466001481481440827e-02
4.514648740174571906e-02
5.624145230088309355e-02
8.149458133196517406e-02
9.190415954274687438e-02
1.167567328514701880e-01
1.436859226215867480e-01
1.000000000000000000e+00
