0.000000000000000000e+00
7.763557007940688286e-05
2.082086645435669945e-04
2.433470386790157326e-04
3.338835432414190133e-04
3.509698076279574785e-04
3.791632936817023987e-04
4.718844484684895008e-04
5.216024883119827794e-04
5.565568919022887209e-04
5.791852689633142587e-04
5.908214059479922897e-04
6.044582226118009466e-04
6.896595813630718511e-04
7.896935653220205900e-04
8.180710219209772621e-04
8.782293902052465970e-04
1.078573313941022039e-03
1.163935646919306592e-03
1.190611375975030896e-03
1.215447399579079385e-03
1.225933720655718925e-03
1.234028424645033624e-03
1.247182318627677302e-03
1.612363850873304227e-03
1.667601007073169200e-03
1.713731621285048169e-03
1.744592680244342079e-03
1.768462858485480996e-03
1.891907094322749661e-03
2.004520064310577783e-03
2.048741984115873185e-03
2.095976421599049771e-03
2.147971096939546489e-03
2.198677978463589242e-03
2.212383784081798678e-03
2.263343625105371237e-03
2.385638045035169859e-03
2.414222468497453662e-03
2.466079165929134509e-03
2.523064042308435177e-03
2.554293042358159096e-03
2.582578513684482407e-03
2.616843027730199854e-03
2.662559708215727922e-03
2.866583042855436018e-03
2.994028638050872694e-03
3.224980661246248416e-03
3.320162422075236940e-03
3.489553301579079690e-03
3.586367800996872156e-03
3.600096602933286743e-03
3.622977939494014584e-03
3.692794761401696577e-03
3.769763438254946850e-03
3.863565419994861600e-03
4.116961849706089055e-03
4.222721916884769090e-03
4.367230780148427353e-03
4.518546553585458744e-03
4.581556465320542164e-03
4.624835536081660717e-03
4.662641483122699319e-03
4.696905997168237222e-03
5.126753176055977475e-03
5.130570564869137672e-03
5.151313243841939074e-03
5.436559574192806679e-03
5.529372714252109994e-03
5.549517488952908015e-03
5.624209530308969286e-03
5.778514825105397421e-03
5.804822613070698654e-03
6.186998424430253940e-03
6.348501566808140671e-03
6.514534983861721903e-03
6.668472337567919739e-03
6.669944101929571253e-03
6.805530393750802536e-03
7.528580629069777166e-03
8.031740070224290678e-03
8.174869154399296706e-03
8.177789686804404559e-03
8.838197951478780207e-03
8.996113668225214771e-03
9.242910154626773206e-03
9.258225702515658628e-03
9.380428137172665271e-03
9.659603439531786948e-03
9.723487211356506357e-03
1.018437941974810294e-02
1.095392821036998698e-02
1.177291908501698105e-02
1.198954440200395918e-02
1.243029183569542041e-02
1.273108367711678693e-02
1.303914235507407614e-02
1.316966945690208925e-02
1.339466543369606868e-02
1.351682187571658263e-02
1.429888066341247592e-02
1.524448926580166883e-02
1.574341738441591490e-02
1.644213751513097510e-02
1.756914107509898945e-02
1.817495608048182165e-02
2.000969432787981506e-02
2.003186277857803982e-02
2.050659877049710450e-02
2.178050281081689993e-02
2.243580589286166965e-02
2.320093939039797812e-02
2.322292387055078372e-02
2.448073048816443859e-02
2.571756446362398821e-02
2.607538717406106613e-02
2.655702206142626295e-02
2.665728600856640679e-02
2.676840421787422125e-02
2.729934321135587746e-02
2.789577571893273739e-02
2.905074280177304125e-02
2.929100833381960423e-02
3.004225205519242201e-02
3.070771950986014853e-02
3.070804145831427037e-02
3.131164881715448045e-02
3.209269576685151032e-02
3.218983221472340034e-02
3.312881787748513801e-02
3.378338507734873070e-02
3.403634457701549404e-02
3.589481502474556329e-02
3.830611696083793816e-02
3.908739387371646529e-02
4.032151428363395934e-02
4.153921532239138181e-02
4.711131519576934601e-02
4.734753337582155858e-02
4.957339300233987861e-02
5.043382324229604002e-02
5.254488524860247145e-02
5.622668776992782030e-02
5.979074914231768262e-02
7.102233489804901656e-02
8.137564527093822664e-02
8.140397673490069874e-02
8.156274331541862876e-02
8.388730313944367523e-02
9.197455632168585749e-02
1.062913281206196020e-01
1.617562398554621417e-01
1.772606335090114726e-01
1.814848731828947737e-01
1.907463183699512066e-01
3.152996206389380718e-01
3.371342567826837722e-01
4.627018806526961292e-01
8.644924475721894597e-01
8.709373037120516914e-01
9.248292672853319907e-01
1.000000000000000000e+00
