0.000000000000000000e+00
1.705728715803659783e-15
1.414887543120149638e-03
1.414887543121855305e-03
2.415292214728539943e-03
4.829895919702609924e-03
4.829895919702609924e-03
4.829895919702609924e-03
4.829895919702609924e-03
4.829895919702609924e-03
4.829895919704316025e-03
4.829895919704316025e-03
4.830584429455373786e-03
4.830584429455373786e-03
4.830584429455373786e-03
4.830584429455373786e-03
4.830584429455373786e-03
4.830584429455373786e-03
4.830584429457079887e-03
4.830584429457079887e-03
4.830584429457079887e-03
6.244094953069995700e-03
6.244783462822759562e-03
7.245188134429444635e-03
7.245188134429444635e-03
7.245188134429444635e-03
7.245188134431149868e-03
7.245188134431149868e-03
7.245188134431149868e-03
7.245188134431149868e-03
7.245876644183913730e-03
9.660394285438729176e-03
1.066019651101190492e-02
1.066088502076637488e-02
1.166128969237305822e-02
1.307548872573873963e-02
1.307548872573873963e-02
1.307548872573873963e-02
1.307548872573873963e-02
1.307548872574044486e-02
1.307548872574044486e-02
1.307548872574044486e-02
1.307548872574044486e-02
1.307548872574044486e-02
1.307548872574044486e-02
1.307617723549150263e-02
1.307617723549320786e-02
1.307617723549320786e-02
1.307617723549320786e-02
1.307617723549320786e-02
1.307617723549320786e-02
1.307617723549320786e-02
1.307617723549320786e-02
1.307617723549320786e-02
1.549078094046727958e-02
1.549078094046727958e-02
1.649187412182843288e-02
1.790607315519411255e-02
1.790607315519581952e-02
1.890647782680079589e-02
1.890647782680250286e-02
1.890647782680250286e-02
1.890647782680250286e-02
1.890647782680250286e-02
1.890647782680250286e-02
2.032136536992265249e-02
2.132108153177657284e-02
2.132108153177657284e-02
2.473677841811179959e-02
2.473677841811179959e-02
2.473677841811179959e-02
2.473677841811179959e-02
2.473677841811179959e-02
2.715207063283863256e-02
2.715207063283863256e-02
2.715207063283863256e-02
2.715207063283863256e-02
3.056742326429832610e-02
3.056776751917385584e-02
3.056776751917556281e-02
3.298305973390239926e-02
3.539835194862923223e-02
4.122796403018576250e-02
4.122796403018576250e-02
4.122865253993852203e-02
4.222836870179244584e-02
4.464400517139779229e-02
4.705895313124781876e-02
5.047533852733751547e-02
5.288925372255711549e-02
5.288925372255882246e-02
5.530454593728565543e-02
5.630495060889319225e-02
5.872024282362087871e-02
5.872024282362087871e-02
6.213559545507908038e-02
6.938043933463107493e-02
6.938043933463278190e-02
7.279544771121523872e-02
7.421102376408644785e-02
7.521073992594207169e-02
7.521142843569483816e-02
7.521142843569483816e-02
7.862712532202835447e-02
8.345702124173182135e-02
8.687271812806619808e-02
9.028798469580597008e-02
9.511831093410402782e-02
9.511831093410402782e-02
1.023634990685334811e-01
1.033639037401401645e-01
1.033639037401418714e-01
1.116094965461779942e-01
1.174401413923636672e-01
1.256859063258390086e-01
1.266864831248845635e-01
1.291010868298594905e-01
1.291017753396113965e-01
1.315163790445863234e-01
1.373473681456509332e-01
1.480078228478181879e-01
1.699152564982853997e-01
1.771604446327148530e-01
1.781608493043215224e-01
1.946534119359010218e-01
1.970673271311223218e-01
1.970674992585617902e-01
2.111437369107846684e-01
2.567879746263507235e-01
2.708645565334497629e-01
3.014316355428708905e-01
3.048469881743293142e-01
3.096775726037842569e-01
3.179231654098212401e-01
3.179235096646976233e-01
3.470760453858749428e-01
3.601522226213664246e-01
3.669829278842841047e-01
3.738136331472009521e-01
4.689322883361805028e-01
5.320686327177432950e-01
5.509751105445440666e-01
6.000341845092533877e-01
6.388468563247097221e-01
6.869069026373195719e-01
7.126440857270380791e-01
8.650677519416402061e-01
1.000000000000000000e+00
