0.000000000000000000e+00
7.220401629174516295e-04
1.310425013841876474e-03
1.592307081619703238e-03
4.215166963621873493e-03
4.515640183820320529e-03
5.457759394307806419e-03
6.431659426165243880e-03
8.273565290619320362e-03
8.419279728507762794e-03
8.518767517135178435e-03
8.905915704698936716e-03
1.103736620650929388e-02
1.338562974262675134e-02
1.378458582429529025e-02
1.500657724824573658e-02
1.879515263336121664e-02
1.893081779966955189e-02
1.943428630575434052e-02
2.057688848423757863e-02
2.119893839494878945e-02
2.257970830984074723e-02
2.317261533297639703e-02
2.481768109038499232e-02
2.683256004188357483e-02
2.785055125279091090e-02
2.942024747336114895e-02
3.021614978238136573e-02
3.308973899026794452e-02
3.331333528289054380e-02
3.658738796318258824e-02
3.786320579802641278e-02
3.791137949365636778e-02
3.810922452785883707e-02
4.006694824725511028e-02
4.063221977354902759e-02
4.133365892973098893e-02
4.173864457434601355e-02
4.357766127322116462e-02
4.483482514769843164e-02
4.765364582548113626e-02
5.259512389244337671e-02
5.427511086858827216e-02
5.502145770713681022e-02
5.742907475351474722e-02
6.169147329355707809e-02
6.402742647199048676e-02
6.444371754713223988e-02
6.643070977000099797e-02
6.691508466008856681e-02
6.973390533786949508e-02
7.850993420741771145e-02
8.561828645850477759e-02
8.584690738691665157e-02
8.595393212922826376e-02
9.134411017217264339e-02
9.298490498916076041e-02
1.093622028807236801e-01
1.099330015063855887e-01
1.184417197519424397e-01
1.185472371035175554e-01
1.247742682371650452e-01
1.315550142347916285e-01
1.366600441966958068e-01
1.445555056441720498e-01
1.453401025226675192e-01
1.457661288296506208e-01
1.471268630093330587e-01
1.483202140092867716e-01
1.536372836014970877e-01
1.641100063611877768e-01
1.676811406325198484e-01
1.699135863136947699e-01
1.723852046584387343e-01
1.753417003568486232e-01
1.816983670938603079e-01
1.843719757973333873e-01
1.902060804122603921e-01
1.917009095595701984e-01
1.983796554506734588e-01
1.985062762725637864e-01
1.993207697340050599e-01
2.086208681163735645e-01
2.133681440100805016e-01
2.152795154643210584e-01
2.238808126242957663e-01
2.436084120442518208e-01
2.545538274158187786e-01
2.548696257751736916e-01
2.680851715963360471e-01
2.816986685720072603e-01
2.929031039185109320e-01
2.973107144328628881e-01
3.035520657785114040e-01
3.220876959733566247e-01
3.384881071895491367e-01
3.462416226759793547e-01
3.650980758659685410e-01
3.740701911471938090e-01
3.845245739862537260e-01
4.062121582117109719e-01
4.151514877444084095e-01
4.278487423839074655e-01
5.705644776338385515e-01
1.000000000000000000e+00
