0.000000000000000000e+00
1.114609150812051561e-03
4.919826929130780534e-03
7.610555404506860050e-03
9.185260524219121883e-03
1.030051685352235437e-02
1.568120677791393081e-02
1.791095241016180811e-02
1.948565752987207328e-02
1.948642455623465428e-02
1.948642455623465428e-02
2.060091385917730417e-02
2.329087530819080182e-02
2.329145057796248863e-02
2.598083675720629787e-02
2.709609308650953036e-02
2.978701331847825179e-02
3.405359745310796576e-02
3.516827851264076044e-02
3.628353484194499212e-02
4.054973546339591534e-02
4.166345773997399277e-02
4.166345773997548463e-02
4.166345773997598423e-02
4.435418621535206635e-02
4.973487613974363758e-02
4.973487613974413718e-02
5.354009391806236612e-02
5.354009391806336532e-02
5.845903397296316195e-02
5.892097559904558440e-02
6.003527314539858911e-02
6.003542894762749216e-02
6.114976244834123553e-02
6.383972389735473318e-02
6.764570870203603925e-02
7.302639862642762436e-02
7.414088792937026384e-02
8.063606715670648684e-02
8.332679563208057749e-02
8.601752410745865107e-02
8.601752410745865107e-02
8.601752410745865107e-02
8.982231043344954258e-02
9.520343181016995004e-02
9.900941661485225531e-02
1.016993780638657530e-01
1.070800679882593226e-01
1.097707964636334133e-01
1.119993196476173347e-01
1.135752472155925480e-01
1.146897365185342021e-01
1.162659756909676378e-01
1.189551701136225409e-01
1.238756442212445019e-01
1.238756442212460007e-01
1.265661809400324411e-01
1.341762329834901013e-01
1.368683037549986992e-01
1.395574981776516177e-01
1.395574981776536161e-01
1.449381881020451734e-01
1.460526774049878407e-01
1.476289165774232470e-01
1.487434058803639159e-01
1.525482401455023618e-01
1.525482880846503186e-01
1.552388083243547157e-01
1.552389686208794362e-01
1.579293135830754646e-01
1.617345313613949287e-01
1.655382150869905145e-01
1.660014990092064380e-01
1.682304776150897463e-01
1.698067167875251804e-01
1.866015259941517790e-01
1.866022930205123442e-01
1.877167823234550115e-01
1.919829829449059277e-01
1.942111945244286431e-01
2.087793262042556830e-01
2.228841739618662721e-01
2.336463208370115063e-01
2.412559893672883704e-01
2.439463343294851760e-01
2.531341595980989290e-01
2.753096587291181119e-01
2.974866919128604237e-01
2.990621640589312680e-01
3.158586990748724066e-01
3.288496327993130630e-01
3.299641221022547311e-01
3.418407582803431044e-01
3.564075476640360951e-01
3.655936471233375284e-01
3.823903738958676080e-01
3.888850257925791642e-01
4.202477269832948781e-01
4.343537252804473558e-01
4.348150916367588548e-01
4.883542986805917141e-01
5.472757297015388156e-01
5.949732639778504417e-01
6.500892854638884444e-01
1.000000000000000000e+00
