0.000000000000000000e+00
1.203194431496725815e-03
1.843323700319956550e-03
7.835679438178241862e-03
1.128989155091567921e-02
1.591125198098298360e-02
1.774463192567090480e-02
2.041204437401040322e-02
2.317951586339761158e-02
2.379540722786959925e-02
2.457599204499604645e-02
2.482955781361880290e-02
2.503837668189151655e-02
2.685435505422632471e-02
3.690376309002073307e-02
3.824492713091560969e-02
3.899195177278468039e-02
4.474690034492447011e-02
4.497560672446714730e-02
4.506758646406198304e-02
4.845094931792191806e-02
4.997918026164535621e-02
5.227867375159278573e-02
5.615487399397128820e-02
6.119387216059138379e-02
6.198688667225934340e-02
6.205524999223178961e-02
6.431372549019358231e-02
6.778161026692874902e-02
6.817190267549344540e-02
7.723936484260829349e-02
7.780802336782591255e-02
8.053136944159634825e-02
8.662844535595577711e-02
8.749634877722804738e-02
8.805941393990300570e-02
8.869581430036202474e-02
9.084117957801310372e-02
9.134955408470894767e-02
9.485907833814993806e-02
1.143488393772722628e-01
1.203498959013085678e-01
1.222584754979633842e-01
1.228662875609825011e-01
1.318318262328704860e-01
1.350933780802335837e-01
1.366651129548495658e-01
1.385637487958737979e-01
1.442229887200530691e-01
1.477418352443987393e-01
1.533066094900721876e-01
1.546328578975190160e-01
1.558422671762842993e-01
1.579776886983011441e-01
1.624076318324488288e-01
1.624449209160689633e-01
1.628697057269817283e-01
1.773998632733601311e-01
1.783449861719651752e-01
1.810832478791843947e-01
1.818973928715682253e-01
2.229029551598765979e-01
2.327336005717647871e-01
2.440259780615884611e-01
2.455958484820230658e-01
2.464808427332902951e-01
2.712743544327392842e-01
2.824014169851767342e-01
2.971007737484857025e-01
3.137174108946275131e-01
3.151138870762251742e-01
3.190270656598608867e-01
3.295697771977251778e-01
3.320857027438547937e-01
3.324850066809608151e-01
3.361902986234108215e-01
3.362471644759327805e-01
3.487352785805286071e-01
3.520661259749535699e-01
3.529567135887626828e-01
3.574108946272646081e-01
3.679363599639540183e-01
3.761971349554072419e-01
3.950654112675185958e-01
4.257468692706866120e-01
4.414766477113820087e-01
4.746378297753333642e-01
4.766514402908555992e-01
4.782704080047222583e-01
5.072179236195256680e-01
5.109598831608705982e-01
5.178857089587022289e-01
5.500960193903219331e-01
5.811540971380619869e-01
6.045082502097512966e-01
6.610235853453881871e-01
6.783356639010598155e-01
6.843242907305537859e-01
6.961200708492588651e-01
7.022205649296147101e-01
7.046375190329688953e-01
7.071800130511786131e-01
8.495373046207396195e-01
8.689077405922746022e-01
1.000000000000000000e+00
