0.000000000000000000e+00
8.173044055875221519e-04
9.790306830971538029e-04
1.091779917575765556e-03
1.325696315804054254e-03
2.192487941954386361e-03
2.513644698082463571e-03
2.731745592831668571e-03
2.755723936816189580e-03
2.804700979847743556e-03
3.035301224120197459e-03
3.075095071583268305e-03
3.505174730703401222e-03
3.542417690508055644e-03
3.838830836354994915e-03
4.129632029353845143e-03
4.915050339217571368e-03
6.022900849038049370e-03
6.142282391427261908e-03
6.309365533018553712e-03
6.533333469381208056e-03
6.682560397367589937e-03
6.708069273946412961e-03
7.798573747692970522e-03
8.308496190504872578e-03
8.529913239209378079e-03
8.787552892655491749e-03
8.828367095182141841e-03
8.856171770653219547e-03
8.876323783150650432e-03
9.316606992901778003e-03
9.452314216301330868e-03
9.619652446658516834e-03
9.647202033363966658e-03
9.687250969593200547e-03
9.963767191707535373e-03
9.991571867178613078e-03
1.004080399897579537e-02
1.007320027223138070e-02
1.015355323345494033e-02
1.027114915448315569e-02
1.080326431991858113e-02
1.117798971686218695e-02
1.120885545752240212e-02
1.153664452156107946e-02
1.203228199348820027e-02
1.208865661072777362e-02
1.227002472320304523e-02
1.267178952932057796e-02
1.273581680953406528e-02
1.285188219796744302e-02
1.363449453140765967e-02
1.383729010020957016e-02
1.415360016978751100e-02
1.417808869130328733e-02
1.484973741162482104e-02
1.495126274040885737e-02
1.500763735764789643e-02
1.573476788452885661e-02
1.659684036851178171e-02
1.784779567593983152e-02
1.859673629229525310e-02
1.887605849083416609e-02
1.908701690014098090e-02
1.942628495864092905e-02
2.123486430808215961e-02
2.162259923208133955e-02
2.221466025747726586e-02
2.286488152147269498e-02
2.299727259091641218e-02
2.330541981998945217e-02
2.427042062096798625e-02
2.440077098028614611e-02
2.507752147592397576e-02
2.544816545261486401e-02
2.560912646382707686e-02
2.584304286205536816e-02
2.699247284069937816e-02
2.730750746644864529e-02
2.844877460458722362e-02
2.913572865085631639e-02
3.005634400658753827e-02
3.009792347541160804e-02
3.176824471379593312e-02
3.194476613972160872e-02
3.222510869332303324e-02
3.277737587125641866e-02
3.334749926279392124e-02
3.540249435998775451e-02
3.567901058210316140e-02
3.638866752852676356e-02
3.666416339557885401e-02
3.675650552879414223e-02
3.830285362700528579e-02
4.184067971972910138e-02
4.309750206877006190e-02
4.385205463797357123e-02
4.425254400026162882e-02
4.644095052196303003e-02
4.673047627113320612e-02
4.837937005319089406e-02
5.027467958300119166e-02
5.107259724238870369e-02
5.172868554799731761e-02
5.190265608626563887e-02
5.489688801909355792e-02
5.583306378953770133e-02
5.714728111088128448e-02
5.717355525375752284e-02
6.238246785116335208e-02
6.479637284182224177e-02
6.981345868735457094e-02
7.214752089432062421e-02
7.439969960746961597e-02
7.688247856489106857e-02
7.944101888575236248e-02
8.193374630503998113e-02
8.575778199297813542e-02
8.585573607904124771e-02
8.644059084680325022e-02
8.991751449669477259e-02
9.574068084211978524e-02
1.005381352603083450e-01
1.076503926836464287e-01
1.198134076696013572e-01
1.384124397607883195e-01
1.418734841350092479e-01
1.438592226322918111e-01
1.477461377009975929e-01
1.526127211747140833e-01
1.587016900140914288e-01
1.610439150615639858e-01
1.681925226340266200e-01
1.696322436281390289e-01
1.771471586682736854e-01
1.852237791706758119e-01
1.956686437746611440e-01
2.016943506001221686e-01
2.106642919603170516e-01
2.139605489918386394e-01
2.141238058019436508e-01
2.288796705477570137e-01
2.854660114626687561e-01
3.298718638111695078e-01
3.498524566578682937e-01
3.573112521695300803e-01
5.153509868364002378e-01
1.000000000000000000e+00
