0.000000000000000000e+00
0.000000000000000000e+00
0.000000000000000000e+00
0.000000000000000000e+00
0.000000000000000000e+00
0.000000000000000000e+00
0.000000000000000000e+00
0.000000000000000000e+00
6.866890888247184371e-07
6.866890888247184371e-07
6.866890899818823336e-07
6.866890899818823336e-07
6.866890899818823336e-07
6.866890899818823336e-07
6.866890899818823336e-07
6.866890899818823336e-07
6.866890899818823336e-07
6.866890899818823336e-07
6.866890899818823336e-07
6.866890899818823336e-07
6.866890899818823336e-07
6.866890899818823336e-07
6.866890899818823336e-07
6.866890899818823336e-07
6.866890899818823336e-07
1.152264292895868215e-03
1.152264292897025493e-03
1.152264292897025493e-03
1.152264292897025493e-03
1.152264292897025493e-03
1.152264292897025493e-03
1.152264292897025493e-03
1.152264292897025493e-03
1.152950981987007359e-03
1.152950981987007359e-03
1.152950981987007359e-03
1.152950981987007359e-03
1.152950981987007359e-03
1.152950981987007359e-03
1.152950981987007359e-03
2.304528585792893925e-03
2.304528585792893925e-03
2.304528585794050986e-03
2.304528585794050986e-03
2.304528585794050986e-03
2.304528585794050986e-03
2.304528585794050986e-03
2.304528585794050986e-03
2.304528585794050986e-03
2.305215274884032852e-03
2.305215274884032852e-03
2.305215274884032852e-03
3.456792878689919201e-03
3.456792878691076262e-03
3.456792878691076262e-03
3.456792878691076262e-03
3.456792878691076262e-03
3.456792878691076262e-03
3.456792878691076262e-03
4.608370482496963044e-03
4.608370482498120105e-03
4.608370482498120105e-03
4.609057171586944911e-03
4.609057171586944911e-03
4.609057171586944911e-03
4.609057171588101971e-03
4.609057171588101971e-03
4.609057171588101971e-03
4.609057171588101971e-03
4.609057171588101971e-03
5.760634775393988320e-03
5.760634775393988320e-03
5.760634775393988320e-03
5.760634775395145381e-03
5.760634775395145381e-03
5.760634775395145381e-03
5.760634775395145381e-03
6.912899068291013596e-03
6.912899068291013596e-03
6.912899068291013596e-03
6.912899068292170657e-03
6.912899068292170657e-03
6.912899068292170657e-03
8.064476672098057006e-03
8.065163361188039740e-03
8.065163361189196800e-03
9.216740964995083149e-03
9.217427654085064148e-03
9.217427654085064148e-03
9.217427654086221209e-03
1.036900525789210756e-02
1.036900525789210756e-02
1.036900525789210756e-02
1.036900525789210756e-02
1.036900525789326462e-02
1.036969194698209029e-02
1.152126955078913370e-02
1.152126955078913370e-02
1.267284715459617711e-02
1.267284715459617711e-02
1.267284715459733417e-02
1.382511144749320325e-02
1.382579813658318425e-02
1.382579813658318425e-02
1.497737574039022766e-02
1.497737574039022766e-02
1.612964003328725207e-02
1.843348192999132162e-02
1.843416861908130436e-02
1.958574622288719244e-02
1.958574622288834777e-02
1.958574622288834777e-02
2.073801051578537391e-02
2.073801051578537391e-02
2.073801051578537391e-02
2.304185241248944346e-02
2.419411670538531081e-02
2.649795860208938036e-02
2.649795860209053569e-02
2.765022289498640651e-02
2.880180049879344992e-02
2.880248718788342918e-02
2.880248718788458798e-02
3.110632908458749873e-02
3.341085767038155102e-02
3.686696385998148445e-02
3.801922815287966939e-02
4.032307004958258362e-02
4.147533434248076162e-02
4.608301813588774887e-02
4.608370482497772813e-02
4.723596911787475428e-02
4.838754672168179422e-02
4.953912432548884109e-02
5.069138861838586724e-02
5.299591720417991952e-02
5.414818149707693873e-02
5.414818149707693873e-02
5.875586529048392598e-02
5.990812958338094518e-02
6.106039387627797133e-02
7.258097673797828109e-02
8.410155959967743899e-02
9.446987816847955688e-02
1.002305129438747083e-01
1.002311996329646876e-01
1.082956763050638982e-01
1.094472539088709451e-01
1.140563110804578839e-01
1.255768939421582076e-01
1.451619534759553964e-01
1.474657953726594695e-01
1.497696372693635425e-01
1.866359144402550407e-01
1.900927073189472849e-01
2.154384016281407910e-01
2.557607849886334161e-01
2.638252616607314471e-01
2.788019507120328422e-01
2.937793264524219405e-01
3.536874560358040376e-01
3.617512460188120893e-01
4.089861851030524575e-01
4.205071113092971880e-01
4.677423937380825181e-01
4.999999570819315120e-01
5.725809338199098208e-01
6.382490114895962297e-01
7.718895237424898692e-01
1.000000000000000000e+00
