0.000000000000000000e+00
3.904734855928207484e-07
1.212615409563849283e-04
1.527141802222795660e-04
1.637450561907976730e-04
1.917810524576072132e-04
1.927767598459242167e-04
1.944557958340479480e-04
2.047252485056253140e-04
2.379154947825070407e-04
2.651510204038860286e-04
2.749909522412264306e-04
2.825466141878475008e-04
2.907465573856311239e-04
2.929136852307780495e-04
3.031636142280333011e-04
3.213987260060695273e-04
3.261820262047680666e-04
3.373886152417733151e-04
3.677186432366047193e-04
4.153075992954001570e-04
4.262018095439466022e-04
4.636091694654211602e-04
4.686072300812253472e-04
4.760457499821197291e-04
4.850461638254368224e-04
4.928751572119497706e-04
4.979122651763208830e-04
5.186073599136665005e-04
5.308682273618520967e-04
5.571666166177259528e-04
5.612470645423472309e-04
5.762217227155148457e-04
5.793650342746823560e-04
5.819226356054478478e-04
6.059562786447701774e-04
6.088164969268463310e-04
6.345779851400075401e-04
6.446912484173426567e-04
6.613644662529046718e-04
6.631606442867294228e-04
6.769834056773377847e-04
7.021298981506523878e-04
7.520714569602815610e-04
7.803807846670086749e-04
7.827041019063721815e-04
7.967416237140861369e-04
8.039653831978748168e-04
8.182567127712357582e-04
8.278623605172513158e-04
8.472298454035246534e-04
8.501974438941793536e-04
8.948480869737389289e-04
8.986552034584426333e-04
9.076556173017854764e-04
9.229914634491270158e-04
9.310156935784235244e-04
9.344225747403861080e-04
9.379758834594429349e-04
9.409630056243424188e-04
9.433839412351362761e-04
9.592469265880680706e-04
9.901431411370308511e-04
9.907288513654329779e-04
9.961466709782745149e-04
9.966054773238532030e-04
9.994364100945362685e-04
9.994559337688324434e-04
1.002257581028071030e-03
1.074387795657457019e-03
1.097825966631254830e-03
1.122455081736153069e-03
1.136375461498191890e-03
1.136648792938083552e-03
1.140612098817055282e-03
1.161619572342859757e-03
1.177999935064285002e-03
1.178585645292661325e-03
1.181377530714777194e-03
1.187078443604684501e-03
1.200686444578187269e-03
1.208437343267592008e-03
1.208808293078914020e-03
1.282178261025192917e-03
1.290143920131600359e-03
1.303058830668173953e-03
1.306934280012863421e-03
1.314577798493689505e-03
1.320249425872177919e-03
1.332744577411714001e-03
1.333779332148598120e-03
1.339109295227157393e-03
1.343736406031639406e-03
1.407383584186201698e-03
1.422123958267967328e-03
1.478898803075766669e-03
1.497446293642261698e-03
1.498988663910413768e-03
1.533350330644151112e-03
1.575560514438620547e-03
1.645084318551577477e-03
1.651976175572662407e-03
1.665779413289000073e-03
1.670738426556211530e-03
1.707042698880880663e-03
1.726146614164371720e-03
1.732979900162593279e-03
1.786709051782604070e-03
1.820504531962158484e-03
1.844655317047181860e-03
1.854095013561819901e-03
1.864374228070558338e-03
1.867107542469836640e-03
1.913730076651682602e-03
1.918181474387651696e-03
1.974936795521129058e-03
2.022730750159881623e-03
2.090692660330364504e-03
2.162285973917089238e-03
2.190419588555354933e-03
2.297292181566961376e-03
2.345242325599917674e-03
2.355433683574335683e-03
2.513136162575348165e-03
2.537335756846086608e-03
2.547585685843341968e-03
2.598659617761208632e-03
2.665860104634750448e-03
2.959535213162469130e-03
2.979468884602899485e-03
3.004400616659134299e-03
3.086556238031650228e-03
3.196045003396795654e-03
3.238557804142665631e-03
3.477215198547855754e-03
3.479606848647230719e-03
3.650673282693208798e-03
3.704324339616072836e-03
3.797725597374135460e-03
3.945910285163388952e-03
3.981990035233791067e-03
4.021974520160328213e-03
4.256649085012237203e-03
4.308386821855665107e-03
4.525919600689311435e-03
4.816939489514937382e-03
5.116422891141038376e-03
5.297846634392837893e-03
5.316550314353575037e-03
6.042791950240709517e-03
6.285080748062077741e-03
7.052712573423903022e-03
8.213512151446984363e-03
9.784777457543955559e-03
9.877905383862075131e-03
1.011241399748264401e-02
1.060274131520105509e-02
1.142960796832998872e-02
1.158013549703279868e-02
1.375144140846750254e-02
1.447690209738339978e-02
1.547549898948386016e-02
1.617612556471490284e-02
1.758557865837487300e-02
1.811439689993725108e-02
1.904376284303894648e-02
1.992240628035985006e-02
2.185935000573117903e-02
2.250757503919328245e-02
2.351327854873180509e-02
2.448391753926266665e-02
2.493842867651329190e-02
2.579411227288039982e-02
3.208456203136965390e-02
3.475704066158542133e-02
3.928661118936532110e-02
4.297799133293334767e-02
5.410921898723410756e-02
7.065279474466421017e-02
7.440337554956934218e-02
8.584502962493036071e-02
8.682527426320731101e-02
1.488430846569749333e-01
1.580018745460624874e-01
1.600009426029943005e-01
1.800130211193247676e-01
3.157355133311843254e-01
4.661273134504622662e-01
1.000000000000000000e+00
