0.000000000000000000e+00
0.000000000000000000e+00
0.000000000000000000e+00
5.882390056824209398e-16
5.882390056824209398e-16
5.882390056824209398e-16
3.529434034094526033e-15
4.117673039776947170e-15
1.593121367692693210e-03
3.231869123001156197e-03
3.231869123001156197e-03
3.231869123001744702e-03
3.231869123001744702e-03
4.071729849042858215e-03
4.587169077809269760e-03
5.565996822948331146e-03
5.817364421401845925e-03
6.400368263200018233e-03
6.463738246002901332e-03
6.463738246002901332e-03
6.731035692266530354e-03
7.627211130284446486e-03
7.835156393595396965e-03
7.900124522891389597e-03
7.900124522894918025e-03
7.932769665549843641e-03
8.668732696918894295e-03
9.043563598575443674e-03
9.333976852217512610e-03
9.560946155548812400e-03
1.049867787835698923e-02
1.051581657825097216e-02
1.094299545156981850e-02
1.128460968781652869e-02
1.292747649200580266e-02
1.292747649200933109e-02
1.336421556268233349e-02
1.564224655532999581e-02
1.603094301866768087e-02
1.629400682846631962e-02
1.746956282703596500e-02
1.837024607179113533e-02
1.844450560097292066e-02
1.924912394035972057e-02
1.939121473801223156e-02
2.003758856261328783e-02
2.050993866520367179e-02
2.110744868608679936e-02
2.272407977110747074e-02
2.371308692547944436e-02
2.464300206288793510e-02
2.560255939535742084e-02
2.858201402668133009e-02
2.930970963274077273e-02
2.945301102012340758e-02
2.962546696084961823e-02
3.005638284391522544e-02
3.157997828761868048e-02
3.231869123001744615e-02
3.376148994564481115e-02
3.517034045619777533e-02
3.555056035301860234e-02
3.770513976835310199e-02
4.027139775054833226e-02
4.816163007774137278e-02
4.898077204193849316e-02
4.909363096369367269e-02
5.014014096542560722e-02
5.029464301873724785e-02
5.182742848159152538e-02
5.883422405675409889e-02
6.201837148184063259e-02
6.643842407656894156e-02
6.824488549426399597e-02
6.845098802517506076e-02
6.862335437840423602e-02
7.333230738947447980e-02
7.971943836737813149e-02
9.528088819462851577e-02
1.122649274305855538e-01
1.143061079293247739e-01
1.300729188330379260e-01
1.342776582993268353e-01
1.652170669849677975e-01
1.666069967126951601e-01
1.687427423918762270e-01
1.718277083729240207e-01
2.488539224711340536e-01
2.941000901931566935e-01
4.470752286819021371e-01
1.000000000000000000e+00
