0.000000000000000000e+00
1.341236786435566508e-04
1.584259048192990910e-04
2.510204627818198291e-04
7.075331671554940804e-04
1.002851358663455839e-03
1.186502359007999196e-03
1.211112208300154985e-03
1.386457384508072745e-03
1.510429500318353569e-03
1.624250053295358837e-03
1.814668762195244820e-03
2.079224642087750333e-03
2.350855853652796673e-03
2.398845059772500461e-03
2.464676406629540215e-03
2.660324708503747793e-03
2.661555200968617092e-03
2.714774000063165712e-03
2.928879688906751641e-03
3.096226664094718986e-03
3.136832915427037547e-03
3.441379800420080529e-03
3.602266690168856762e-03
3.704397564732349324e-03
3.798222615158954995e-03
3.850518544905570575e-03
3.880665610288722926e-03
3.952341796352388387e-03
4.016942650745342937e-03
4.196594550579649252e-03
4.342715530752608993e-03
4.488221264693788293e-03
4.597427470928775427e-03
4.603579933251553298e-03
4.638033722261094421e-03
4.671257018805765812e-03
4.852139411104679917e-03
4.924738466517324456e-03
4.932121421304709250e-03
4.944118722834635847e-03
5.057324029579598514e-03
5.073628054735913016e-03
5.150226210658532221e-03
5.194216316267999400e-03
5.324956140634146302e-03
5.346182135648630887e-03
5.589512020527174184e-03
5.687951417696321225e-03
5.780238352542689528e-03
5.792081842514670148e-03
5.839301990844648384e-03
5.843608714470514137e-03
6.012493805239502512e-03
6.087246222464686579e-03
6.173995941220582206e-03
6.259515167511347025e-03
6.265360006718233808e-03
6.381641544624715515e-03
6.484080042304360240e-03
6.536991218282757130e-03
6.596977725932648591e-03
6.718488856813974695e-03
6.767708555398548216e-03
6.853227781689574111e-03
6.962741611040975352e-03
7.011653686508873690e-03
7.011653686509134766e-03
7.148545973197797596e-03
7.148853596313949760e-03
7.298666053881255021e-03
7.404796028954200096e-03
7.454015727539296636e-03
7.753640642673646950e-03
7.761946466809488236e-03
7.856694386585334061e-03
7.912066547493207605e-03
8.045574979904199231e-03
8.196925553052002503e-03
8.227687864667982201e-03
8.282137156227139044e-03
8.421028993170919311e-03
8.749416669665608867e-03
8.964445227857911064e-03
9.064115117491665027e-03
9.109643338682938199e-03
9.124716871374383836e-03
9.274221705825275858e-03
9.288679992284679110e-03
9.462179429796208421e-03
9.681822334730007251e-03
9.736886872521728631e-03
9.991598812697632254e-03
1.005896827513543153e-02
1.015279332556256152e-02
1.023062197394952744e-02
1.030722012987214664e-02
1.032567751684178650e-02
1.041519584364252599e-02
1.047210612013089667e-02
1.054532042177558360e-02
1.066221720591437050e-02
1.072727949498116125e-02
1.078465120614389115e-02
1.103782503073903569e-02
1.109104382983384582e-02
1.110704023187374795e-02
1.117840879482178383e-02
1.126238990553178783e-02
1.126823474473867548e-02
1.144850189080528526e-02
1.167122102690086594e-02
1.169521562996123955e-02
1.174689631347529059e-02
1.181918774577152102e-02
1.215142071121797819e-02
1.233014974170408909e-02
1.247319449071605281e-02
1.281065704913761545e-02
1.291863276290773459e-02
1.293155293378611681e-02
1.308936359237337227e-02
1.320626037651215917e-02
1.334069167827186750e-02
1.365815873414303119e-02
1.374490845289840293e-02
1.425879286843480774e-02
1.436276948169495048e-02
1.441152774560490457e-02
1.447028376079071040e-02
1.470607687932313883e-02
1.484035436952490204e-02
1.499693453564755231e-02
1.514336313893692443e-02
1.567770449169730504e-02
1.597763702994780752e-02
1.626280365862301652e-02
1.634586189998456229e-02
1.665640743574270041e-02
1.717675193671803352e-02
1.763049603304555832e-02
1.767448613865554852e-02
1.792396848585739097e-02
1.853152414026271871e-02
1.858212814286984427e-02
1.883453290967473936e-02
1.891820639726859293e-02
1.965465613734263331e-02
2.037034131707576162e-02
2.144809890452313225e-02
2.192768334260793844e-02
2.261552863032944768e-02
2.304435525424892300e-02
2.448710766901358860e-02
2.468214072465549011e-02
2.603660530508323731e-02
2.738860890058281497e-02
2.752888504154888880e-02
2.791895115283295897e-02
2.798355200722538877e-02
2.895318006934417474e-02
3.166272447643301430e-02
3.367565633698989258e-02
3.426398554663533103e-02
3.621154749500925946e-02
3.721470647678912919e-02
3.778996170399824550e-02
3.931331137519523955e-02
3.966169455424019968e-02
3.979135769769902992e-02
3.987903028580311315e-02
4.127379349444755541e-02
4.273038894943931298e-02
4.352282609665300561e-02
4.590075278452743907e-02
4.790860886366767740e-02
4.843187578424658357e-02
5.058400710486338908e-02
5.207382585639956651e-02
5.327201789382107755e-02
5.368392524635245966e-02
5.388049641757485658e-02
5.512283237216469844e-02
5.753844289176773819e-02
5.975425219742878935e-02
7.097511298227980603e-02
8.653653593607088523e-02
1.092409676469691532e-01
1.000000000000000000e+00
