0.000000000000000000e+00
2.169981916817351122e-04
2.893309222423141695e-04
3.616636528028931998e-04
4.339963833634712001e-04
4.339963833634722301e-04
5.063291139240500135e-04
5.063291139240501219e-04
5.063291139240503388e-04
5.063291139240504472e-04
6.509945750452073151e-04
7.233273056057868333e-04
9.403254972875224604e-04
1.012658227848102412e-03
1.301989150090414630e-03
1.591320072332730751e-03
1.880650994575042969e-03
2.097649186256780006e-03
2.386980108499096344e-03
3.037974683544303334e-03
3.544303797468352588e-03
4.701627486437609700e-03
5.424954792043395341e-03
7.160940325497288164e-03
8.173598553345391010e-03
9.692585895117534003e-03
1.294755877034358370e-02
1.678119349005425739e-02
2.220614828209763539e-02
3.001808318264015396e-02
4.282097649186256128e-02
6.792043399638336698e-02
9.497287522603972687e-02
1.691139240506328578e-01
2.928028933092225450e-01
4.614104882459312829e-01
1.000000000000000000e+00
