0.000000000000000000e+00
2.047781733549577234e-06
6.844093205178301853e-05
7.441725959328513004e-05
8.323288733978440556e-05
9.508387949984636184e-05
1.006608169869365870e-04
1.048798282890016462e-04
1.058891958810574701e-04
1.203398542134751967e-04
1.344346923156045917e-04
1.438312510503575307e-04
1.480720472644938743e-04
1.511727664142132981e-04
1.545203812339217145e-04
1.549996492992330977e-04
1.606492031598276513e-04
1.683610620287050174e-04
1.780698711696322473e-04
1.863408761146538692e-04
2.047926966285665458e-04
2.122068283659552239e-04
2.308764980004380097e-04
2.320746681636926966e-04
2.374628030796031137e-04
2.420812044360895596e-04
2.451964468605136410e-04
2.500835287990604318e-04
2.555805882752701743e-04
2.781352338936009857e-04
2.830295774695048487e-04
2.831602869418564173e-04
2.846707075112759082e-04
2.861738664433478136e-04
2.920848392486741002e-04
2.952073433104457942e-04
2.997894364801658254e-04
3.270133149164732912e-04
3.276741239155883147e-04
3.328081015241431259e-04
3.423644162806569759e-04
3.477089813724343380e-04
3.494372510624524798e-04
3.965362309338354898e-04
3.979740351297220429e-04
4.037252519132874455e-04
4.060199293168164562e-04
4.106092841238935596e-04
4.174933163345187557e-04
4.182267417071762580e-04
4.225038461080790706e-04
4.418488480163911057e-04
4.488708513367059691e-04
4.495897534346492727e-04
4.510929123667307191e-04
4.542008931537977012e-04
4.629366428894260486e-04
4.644761100082643959e-04
4.664948451923855576e-04
4.675405209712173507e-04
4.873430060327790391e-04
4.896957765351362757e-04
4.903275389848515790e-04
4.907850221380915829e-04
4.907922837754392226e-04
4.908358535995627908e-04
4.954542549560301276e-04
4.997821908184231759e-04
5.062886178866887830e-04
5.331857226420981099e-04
5.490160920715742585e-04
5.596108209695723704e-04
5.622758418781134389e-04
5.697408050769636485e-04
5.746351486528866476e-04
5.867112515708757447e-04
5.948660703182599967e-04
6.000218328388670511e-04
6.033040929224091700e-04
6.088882920468469129e-04
6.099412294630262915e-04
6.192651718242654559e-04
6.286181607348757718e-04
6.336722603325596007e-04
6.356837338793236902e-04
6.401351175767016396e-04
6.560961964785388435e-04
6.568078369391250207e-04
6.653475224662259340e-04
6.713165883703710139e-04
6.766611534621483218e-04
6.775906430433426908e-04
6.926512789134139231e-04
7.110958377899503913e-04
7.289013725794432153e-04
7.420594594630400883e-04
7.428437162971686901e-04
7.667127182763820714e-04
7.819258485308667106e-04
7.995571040238842351e-04
8.114879741948172144e-04
8.251543756931158666e-04
8.300124110822531794e-04
8.526541963488216405e-04
8.677729253177496674e-04
8.901532916395671780e-04
9.012055036908054022e-04
9.163678024838188335e-04
9.190981781285452543e-04
9.234333756282667519e-04
9.352044897774291436e-04
9.737637841217016994e-04
9.812142240458758199e-04
9.830151101094079802e-04
9.923100059212185305e-04
9.965362788606501893e-04
1.006361274199233952e-03
1.102672370411706152e-03
1.103558290168796252e-03
1.116774470151192782e-03
1.125299632403589092e-03
1.212235954793370110e-03
1.217856462104583998e-03
1.219795319277824528e-03
1.297574716965522882e-03
1.303921388012027442e-03
1.372689093744708464e-03
1.383988201465916707e-03
1.509629050947074213e-03
1.514683150544738960e-03
1.550904197661358936e-03
1.571033456403809168e-03
1.574824031102052850e-03
1.670227422645402223e-03
1.688138251176539472e-03
1.770743006885296773e-03
1.787720715016542089e-03
1.886580645939937070e-03
1.973415305406775889e-03
2.062326793156583557e-03
2.071287653650158087e-03
2.201445241564898084e-03
2.213281710450226529e-03
2.228661858363800447e-03
2.359603703112650181e-03
2.481109050121268252e-03
2.555464585797013240e-03
2.751151189184996518e-03
2.772093751310946395e-03
3.194372486661089042e-03
3.297908912039808262e-03
3.691634889317989103e-03
4.310210205593730491e-03
4.901227608114913648e-03
5.287612070029262465e-03
5.704720519584121317e-03
5.704952891979396708e-03
6.076458258957539299e-03
6.117355800529483516e-03
7.368013078557437111e-03
7.597989133526118419e-03
8.241559005570766802e-03
8.560693443959262877e-03
9.749568711388064898e-03
9.853264892788544949e-03
1.051073353872685086e-02
1.072463232859600067e-02
1.182973734752096329e-02
1.235701935899510308e-02
1.331523597754409247e-02
1.361752341727372022e-02
1.394493612224454761e-02
1.408040922870163608e-02
1.803689781719460677e-02
2.187441173929652316e-02
2.256879854953725353e-02
2.446370829352117332e-02
3.195646904016524736e-02
3.401138533240315870e-02
4.330489780229380969e-02
5.374062588880169911e-02
5.659677309247337224e-02
8.971361547345711729e-02
1.024939810284932057e-01
1.115527283935809355e-01
1.221870186918684320e-01
2.356452806048803805e-01
3.829866909654608964e-01
1.000000000000000000e+00
