0.000000000000000000e+00
2.038887771643248972e-06
6.844704519218063575e-05
7.441474866988637626e-05
8.323130903400688385e-05
9.508292608101739539e-05
1.006596099860994592e-04
1.048677253869367127e-04
1.058825142778281142e-04
1.203409284757870072e-04
1.344362530705987499e-04
1.438207228140244158e-04
1.480660781741414782e-04
1.511756147756482239e-04
1.545179011227799763e-04
1.549973655987300892e-04
1.606624944071576575e-04
1.683618559922934685e-04
1.780628653897641520e-04
1.863394463440465137e-04
2.047825361870304905e-04
2.121932880875882963e-04
2.308784376660291042e-04
2.320701163636210151e-04
2.374606004721993005e-04
2.420876654151272024e-04
2.451878920268020967e-04
2.500756366848410728e-04
2.555778406713159223e-04
2.781266360270628988e-04
2.830330006647464956e-04
2.831540305324749653e-04
2.846622488840928390e-04
2.861704672357202536e-04
2.920823107744824690e-04
2.952058123607084229e-04
2.997816723596278209e-04
3.270133925972653201e-04
3.276744018748128538e-04
3.327855862886544992e-04
3.423562558285839436e-04
3.477001899880314867e-04
3.494318480954615707e-04
3.965403966091127609e-04
3.979648250523201377e-04
4.037183987640645877e-04
4.060179662507807752e-04
4.106077912344384363e-04
4.174878737149994613e-04
4.182233629111446684e-04
4.224966482407477709e-04
4.418521170865679910e-04
4.488625394246797962e-04
4.495887186310121796e-04
4.510922819877236957e-04
4.542018185892113865e-04
4.629299340499959305e-04
4.644753923609126951e-04
4.664863501630794190e-04
4.675337240183727728e-04
4.873314173808728379e-04
4.896914998014675717e-04
4.903106141248288847e-04
4.907761136160693032e-04
4.907947335957139239e-04
4.908319735550128148e-04
4.954683484877725952e-04
4.997788737766650476e-04
5.062772466744056921e-04
5.331831172681852958e-04
5.490194099602303509e-04
5.596048683910512375e-04
5.622768354707845771e-04
5.697341373204730438e-04
5.746405019581472080e-04
5.867062487711475517e-04
5.948617998577014707e-04
6.000195342206451812e-04
6.032966506390015707e-04
6.088826445338869171e-04
6.099439833739185883e-04
6.192539731987655545e-04
6.286105129727242351e-04
6.336658374476223689e-04
6.356767952497700651e-04
6.401316253809419656e-04
6.560936029356123069e-04
6.568011621623096648e-04
6.653477328215063290e-04
6.713061263093992323e-04
6.766593704586786268e-04
6.775903694411595721e-04
6.926539329777319605e-04
7.110877128309031408e-04
7.288977233658160831e-04
7.420620489781374479e-04
7.428533981132356533e-04
7.667149020342840099e-04
7.819181154182390297e-04
7.995605461362928143e-04
8.114866431019106350e-04
8.251537081647712006e-04
8.300088678584082108e-04
8.526554181073135426e-04
8.677562216032133364e-04
8.901560571217458301e-04
9.011977050540039610e-04
9.163543684888378338e-04
9.190915054973274002e-04
9.234299607556963789e-04
9.351977878942868390e-04
9.737597657487318242e-04
9.812077576086171166e-04
9.830138956346257378e-04
9.923052654798091097e-04
9.965413108501037804e-04
1.006354040125490056e-03
1.102665884863379252e-03
1.103559643886570848e-03
1.116770519447994169e-03
1.125289160137723848e-03
1.212225845122019176e-03
1.217849078976193872e-03
1.219790211854688416e-03
1.297579831836079929e-03
1.303910624916961416e-03
1.372692829742831744e-03
1.383976537410546489e-03
1.509614850096650460e-03
1.514670174571519862e-03
1.550886034990127567e-03
1.571032852971065074e-03
1.574822018829783029e-03
1.670221484564845442e-03
1.688133904987813502e-03
1.770741444703557554e-03
1.787713556154227291e-03
1.886585648093953155e-03
1.973410613200323079e-03
2.062339636007169078e-03
2.071295846218634135e-03
2.201468123949442551e-03
2.213273191047322470e-03
2.228634674258304742e-03
2.359588991134379567e-03
2.481102978328128365e-03
2.555452557069244190e-03
2.751148543187211058e-03
2.772096020293078784e-03
3.194378538767874819e-03
3.297905625620023949e-03
3.691625095312208241e-03
4.310199439253714800e-03
4.901220868308680569e-03
5.287636650983296854e-03
5.704705575156100716e-03
5.704929014911951091e-03
6.076472088841376393e-03
6.117361564152033228e-03
7.368009737281105108e-03
7.597985105934139741e-03
8.241528842585867098e-03
8.560675293781145473e-03
9.749598234371638361e-03
9.853274281060944023e-03
1.051070852253132605e-02
1.072463346872635365e-02
1.182971064095434538e-02
1.235702846463287118e-02
1.331521261740464986e-02
1.361748936703732933e-02
1.394494032915637692e-02
1.408038206112805467e-02
1.803690429692620181e-02
2.187437038284446855e-02
2.256878390389902359e-02
2.446370199288621164e-02
3.195641904387094834e-02
3.401138167669062740e-02
4.330496148070851065e-02
5.374067803520073822e-02
5.659683395362241631e-02
8.971358495933154376e-02
1.024939665912690118e-01
1.115526611707499255e-01
1.221869784281856830e-01
2.356452921061908956e-01
3.829866061924485088e-01
1.000000000000000000e+00
