0.000000000000000000e+00
0.000000000000000000e+00
5.221789942211319118e-16
5.221789942211319118e-16
5.221789942211319118e-16
5.221789942211319118e-16
5.221789942211319118e-16
5.221789942211319118e-16
5.221789942211319118e-16
5.221789942211319118e-16
5.221789942211319118e-16
5.221789942211319118e-16
5.221789942211319118e-15
3.364952197964230125e-03
4.326367111670161199e-03
4.326367111670161199e-03
4.326367111670683351e-03
4.326367111670683351e-03
4.326367111670683351e-03
4.326367111675382716e-03
4.326367111675382716e-03
5.191640534005655637e-03
7.787460801010571629e-03
8.652734223340322398e-03
8.652734223340322398e-03
8.652734223340844549e-03
8.652734223340844549e-03
8.652734223345021763e-03
9.614149137046775623e-03
1.081591777917566451e-02
1.112494400143867676e-02
1.153697896445393667e-02
1.297910133501518209e-02
1.297910133501570425e-02
1.297910133501570425e-02
1.483325866858281258e-02
1.730546844668064480e-02
1.730546844668064480e-02
1.730546844668534243e-02
1.854157333573216992e-02
2.163183555835080513e-02
2.163183555835080513e-02
2.163183555835080513e-02
2.163183555835550623e-02
2.163183555835550623e-02
2.249710898069047851e-02
2.307395792891205055e-02
2.379501911418614724e-02
2.379501911419032445e-02
2.487661089210564669e-02
2.509292924769069427e-02
2.595820267002566656e-02
3.028456978169582689e-02
3.028456978169582689e-02
3.028456978169582689e-02
3.316881452280891901e-02
3.337483200431393821e-02
3.461093689336546680e-02
3.605305926392253502e-02
3.785571222712030837e-02
3.807203058270065832e-02
3.893730400503615102e-02
3.965836519031442492e-02
4.037942637559269882e-02
4.412894453904128017e-02
5.191640534004610813e-02
5.624277245171575151e-02
5.927122942988606591e-02
6.489550667506129022e-02
8.220097512174141807e-02
8.220097512174610876e-02
8.566206881107607529e-02
9.518007645675137518e-02
9.950644356842153204e-02
1.023906883095398457e-01
1.124855449034367211e-01
1.312331357206736604e-01
1.384437475734566492e-01
1.860337858018323298e-01
2.249710898068632559e-01
3.489936136747622819e-01
4.210997322025968881e-01
1.000000000000000000e+00
