0.000000000000000000e+00
4.762035859669526747e-05
1.011932620176147769e-04
6.327059103068303570e-04
6.885110180370756800e-04
9.360376736566504517e-04
1.002259734829288266e-03
1.089315702888161508e-03
1.235649096491088679e-03
1.368837286939634081e-03
1.637445872146050868e-03
1.650839098001280784e-03
1.684818208041172650e-03
1.806101308841027682e-03
2.171934792848345501e-03
2.468817965971036553e-03
2.607214633141261700e-03
2.625320290315991296e-03
2.658059286850675100e-03
2.840355972101971972e-03
2.944525506530731775e-03
3.004795022879145402e-03
3.247857269880552195e-03
3.391710436473063459e-03
3.506296924345182753e-03
3.622867593825537889e-03
3.694298131719855448e-03
3.704219039760309976e-03
3.743406626522365142e-03
3.824262027055198940e-03
4.247388754998334195e-03
4.254333390626918732e-03
4.303193862728096723e-03
4.437374143981001606e-03
4.486234616082179598e-03
4.566593971213317102e-03
4.645961235540578028e-03
4.733265226300058075e-03
4.781381630297966076e-03
4.826769784585093793e-03
4.862733076233463278e-03
4.880590710706861172e-03
4.885551164727209433e-03
4.990216744558391079e-03
5.023203763794406584e-03
5.124893071213234251e-03
5.247912330919993207e-03
5.393253633719044017e-03
5.473364966148849819e-03
5.517016961529073830e-03
5.633091585606765130e-03
5.634083676411124827e-03
5.745941914571738723e-03
5.779424979209934511e-03
5.932454985740596987e-03
6.066139221590838466e-03
6.082508719858422362e-03
6.126408737939252093e-03
6.196599162328362241e-03
6.314161922612835515e-03
6.425028069969330839e-03
6.449086271968768394e-03
6.540854671346899539e-03
6.585002712128819845e-03
6.675034952599321302e-03
6.726127629010067270e-03
6.749441762905992841e-03
6.753906171524402813e-03
6.884366112261684593e-03
6.940171219991688248e-03
7.031195551266791396e-03
7.059718161883913809e-03
7.079311955264941392e-03
7.210763986806582003e-03
7.242510892537390096e-03
7.246975301155558075e-03
7.507151114527334766e-03
7.581557924834006305e-03
7.583790129143332288e-03
7.775263654332055692e-03
7.878689120658028192e-03
8.065202191826645328e-03
8.143577365349546557e-03
8.269820920169508940e-03
8.299335621590990184e-03
8.380687067526246259e-03
8.431283698534569951e-03
8.471463376100017706e-03
8.769090617326219875e-03
8.779011525367157523e-03
8.808030181387186200e-03
8.973709345669324614e-03
9.127979465704712247e-03
9.150053486095913527e-03
9.162454621146783745e-03
9.428831002044116977e-03
9.636674025500422541e-03
9.923636290582659933e-03
9.927852676500221324e-03
1.004194311897016120e-02
1.015900983385269532e-02
1.016645051488297702e-02
1.021357482807700758e-02
1.021431889618027757e-02
1.030187090964108931e-02
1.054121281612687214e-02
1.055609417818840004e-02
1.061561962643354368e-02
1.063967782843273924e-02
1.097599661101809204e-02
1.097872486072959744e-02
1.098591751905902969e-02
1.102064069720195064e-02
1.102535312852145032e-02
1.107793394113825054e-02
1.114018763909465845e-02
1.154744091417214853e-02
1.158067595610901349e-02
1.168509351323958854e-02
1.204447840702001747e-02
1.204522247512304634e-02
1.240435934620238642e-02
1.263080407223536074e-02
1.283145443736175180e-02
1.292272679133818665e-02
1.300730253238640242e-02
1.339694619569182718e-02
1.347259311950322301e-02
1.350136375282167712e-02
1.378435765468768309e-02
1.391804189053840769e-02
1.409066569044961463e-02
1.413555779933456207e-02
1.421790133607393584e-02
1.424766406019650766e-02
1.453760259769085704e-02
1.459216759191565155e-02
1.486499256303963103e-02
1.495750503052054904e-02
1.594686758489654438e-02
1.600192862452352177e-02
1.645605819009443582e-02
1.653616952252448535e-02
1.675690972643384055e-02
1.726833253594057399e-02
1.777653105033434600e-02
1.781026213767363323e-02
1.817163121306205817e-02
1.844520025228906304e-02
1.961710751461720470e-02
1.973566236570531082e-02
2.017565463731797043e-02
2.022525917752217642e-02
2.085722101972597650e-02
2.105687929404825159e-02
2.113351830866424738e-02
2.152787440328892896e-02
2.226946227934426328e-02
2.263852005846405530e-02
2.270151782452349207e-02
2.274566586530541237e-02
2.309364171483933165e-02
2.412219185597641591e-02
2.448926545348894396e-02
2.450092252043678531e-02
2.507162275548805580e-02
2.575318913789606187e-02
2.735020730977509237e-02
3.205395783465270210e-02
3.290715592616803853e-02
3.341634653136568711e-02
3.445878594376018678e-02
3.546774229151696683e-02
3.696530336028625019e-02
3.794995348334274932e-02
3.797872411666096404e-02
3.860274923243205841e-02
3.941725578258752777e-02
4.159241487054859271e-02
4.619770038312057125e-02
4.638917390830978038e-02
4.928459092003775743e-02
5.349750451959377900e-02
5.479019883731960083e-02
5.507244867108257447e-02
6.282365412341518740e-02
7.988116736348686853e-02
1.086272464346119265e-01
1.000000000000000000e+00
