0.000000000000000000e+00
1.483661617239008266e-16
1.483661617239008266e-16
7.968535124410256501e-08
7.968535124410256501e-08
7.968535124410256501e-08
7.968535124410256501e-08
7.968535139246872371e-08
7.968535139246872371e-08
7.968535139246872371e-08
7.968535139246872371e-08
7.968535139246872371e-08
7.968535139246872371e-08
1.337120193718772812e-04
1.337120193718772812e-04
1.337120193718772812e-04
1.337120193718772812e-04
1.337120193720256543e-04
1.337120193720256543e-04
1.337120193720256543e-04
1.337917047231214048e-04
1.337917047231214048e-04
1.337917047231214048e-04
1.337917047231214048e-04
1.337917047231214048e-04
1.337917047231214048e-04
1.337917047231214048e-04
1.337917047232697507e-04
1.337917047232697507e-04
1.337917047232697507e-04
1.337917047232697507e-04
2.674240387437545625e-04
2.674240387437545625e-04
2.674240387437545625e-04
2.674240387437545625e-04
2.674240387437545625e-04
2.674240387437545625e-04
2.674240387437545625e-04
2.674240387437545625e-04
2.674240387437545625e-04
2.674240387437545625e-04
2.674240387437545625e-04
2.674240387437545625e-04
2.674240387437545625e-04
2.674240387439029355e-04
2.675037240949986860e-04
2.675037240949986860e-04
2.675037240949986860e-04
2.675037240949986860e-04
2.675037240949986860e-04
2.675037240951470591e-04
2.675037240951470591e-04
4.011360581154835249e-04
4.011360581154835249e-04
4.011360581154835249e-04
4.011360581154835249e-04
4.011360581156318979e-04
4.011360581156318979e-04
4.011360581156318979e-04
4.011360581156318979e-04
4.011360581156318979e-04
4.011360581156318979e-04
4.011360581156318979e-04
4.011360581156318979e-04
4.011360581156318979e-04
4.012157434667275942e-04
4.012157434667275942e-04
4.012157434667275942e-04
5.347683921361166826e-04
5.347683921361166826e-04
5.347683921361166826e-04
5.347683921362651098e-04
5.348480774873608061e-04
5.348480774873608061e-04
5.348480774873608061e-04
5.348480774873608061e-04
5.348480774873608061e-04
5.348480774873608061e-04
5.348480774873608061e-04
5.348480774873608061e-04
5.348480774873608061e-04
5.348480774873608061e-04
5.348480774873608061e-04
5.348480774875091250e-04
5.348480774875091250e-04
5.348480774875091250e-04
5.348480774875091250e-04
5.348480774875091250e-04
5.348480774875091250e-04
6.684804115079939638e-04
6.684804115079939638e-04
6.684804115079939638e-04
6.684804115079939638e-04
6.684804115079939638e-04
6.684804115081423911e-04
6.684804115081423911e-04
6.684804115081423911e-04
6.685600968592380873e-04
6.685600968592380873e-04
6.685600968592380873e-04
6.685600968592380873e-04
6.685600968593865146e-04
6.685600968593865146e-04
8.021924308797229262e-04
8.021924308797229262e-04
8.021924308797229262e-04
8.021924308797229262e-04
8.021924308797229262e-04
8.021924308797229262e-04
8.021924308798712450e-04
8.021924308798712450e-04
8.021924308798712450e-04
8.021924308798712450e-04
8.021924308798712450e-04
8.022721162309670497e-04
8.022721162311153686e-04
8.022721162311153686e-04
8.022721162311153686e-04
8.022721162311153686e-04
9.358247649005045112e-04
9.358247649005045112e-04
9.359044502516002074e-04
9.359044502516002074e-04
9.359044502516002074e-04
9.359044502516002074e-04
9.359044502517485263e-04
9.359044502517485263e-04
9.359044502517485263e-04
9.359044502517485263e-04
9.359044502517485263e-04
9.359044502517485263e-04
9.359044502517485263e-04
9.359044502517485263e-04
9.359044502517485263e-04
9.359044502517485263e-04
1.069536784272381684e-03
1.069536784272381684e-03
1.069536784272381684e-03
1.069616469623477489e-03
1.069616469623477489e-03
1.069616469623477489e-03
1.069616469623477489e-03
1.069616469623477489e-03
1.069616469623477489e-03
1.069616469623477489e-03
1.069616469623477489e-03
1.069616469623477489e-03
1.203248803644110755e-03
1.203248803644110755e-03
1.203248803644110755e-03
1.203248803644110755e-03
1.203328488995354878e-03
1.336960823015839609e-03
1.336960823015839609e-03
1.336960823015987928e-03
1.336960823015987928e-03
1.336960823015987928e-03
1.337040508367083732e-03
1.470672842387716998e-03
1.470672842387716998e-03
1.470672842387716998e-03
1.470672842387716998e-03
1.604305176408350048e-03
1.604384861759445852e-03
1.738017195780079118e-03
1.738017195780227437e-03
1.738017195780227437e-03
1.738017195780227437e-03
1.871729215151956291e-03
1.871729215151956291e-03
2.005361549172589557e-03
2.005441234523833681e-03
2.272785587916195584e-03
2.540209626659802045e-03
2.673921646031679217e-03
2.673921646031679217e-03
2.807553980052312267e-03
3.475954706208914113e-03
3.475954706209062432e-03
4.010802783696274486e-03
4.411779471109269872e-03
5.481395940732747794e-03
6.684565059025465890e-03
7.754101843297550936e-03
9.358327334354508975e-03
1.056157613799847163e-02
1.564175633526434378e-02
3.435841100397320907e-02
1.000000000000000000e+00
