0.000000000000000000e+00
3.894957888441273863e-05
1.555259408619370245e-04
2.255262329836779591e-04
4.540485874206778285e-04
5.594575876195753607e-04
1.127903539597445480e-03
1.394830723563670683e-03
1.647049674944430680e-03
1.818645721780010353e-03
1.883198520351548081e-03
2.010669869429060948e-03
2.087479528489182695e-03
2.140320215927324007e-03
2.337519482449610785e-03
2.403434154408907834e-03
2.503123286379799542e-03
2.665458594180117324e-03
2.993942455265393831e-03
3.363010143300645266e-03
3.370364259593795504e-03
3.449352916073413454e-03
3.832039337985008662e-03
4.121301245507651492e-03
4.124842116315743587e-03
4.137371351481294521e-03
4.148538713259503768e-03
4.181496049239360677e-03
4.193752909727109859e-03
4.200289901987687945e-03
4.206554519570463412e-03
4.308150274284302042e-03
4.467761835309100316e-03
4.797879944459938761e-03
4.938970027413377983e-03
4.956402006774779899e-03
4.984456598558786693e-03
5.093134094887972509e-03
5.190371854761983463e-03
5.326014444165009902e-03
5.420528457263501347e-03
5.580684767643277755e-03
5.718506354466845569e-03
5.868312427101194349e-03
5.898001266950762649e-03
5.938040344545550409e-03
5.979168920850712506e-03
5.993060029404024061e-03
6.149130719621148308e-03
6.155667711881308325e-03
6.212866394160113451e-03
6.302750037740555665e-03
6.360221094696537174e-03
6.361310593406702477e-03
6.399170673581575965e-03
6.421505397137994460e-03
6.456914105215568259e-03
6.574307591224830098e-03
6.621973159790152212e-03
6.728744033377227242e-03
6.964620504106542459e-03
7.000301586861083607e-03
7.064854385433038536e-03
7.163181644016588558e-03
7.180068874022803305e-03
7.335867189562543002e-03
7.398785740068518357e-03
7.458163419767237755e-03
7.492210254457052666e-03
7.665712924035161628e-03
7.699215009369788504e-03
7.703573004210035116e-03
7.709020497760237997e-03
7.801900262793584270e-03
7.811161001829055629e-03
7.834585224095639427e-03
7.837581345548126285e-03
7.900499896054728743e-03
8.178594441799580395e-03
8.196843545192927794e-03
8.278555948448064819e-03
8.328128139756335591e-03
8.417194659304206086e-03
8.425910648984905743e-03
8.523148408858290462e-03
8.569724478713864474e-03
8.598323819852850269e-03
8.601864690660940629e-03
8.640269520190584085e-03
8.641086644223156671e-03
8.760386752975572733e-03
8.836924037358102196e-03
8.843733404296064832e-03
8.975290373536438243e-03
8.995173724995140715e-03
9.350895053832268197e-03
9.478911152264969317e-03
9.892920662090859060e-03
9.925333248715110732e-03
9.927239871458057655e-03
9.930780742265731681e-03
1.001331026955344129e-02
1.019689080219959333e-02
1.027860320545473209e-02
1.051093880537699865e-02
1.051747579763715953e-02
1.052101666844483356e-02
1.070350770238081943e-02
1.096171889666738841e-02
1.114230330786042736e-02
1.127249840371387715e-02
1.140214875021172171e-02
1.140759624376234266e-02
1.143020334199614657e-02
1.159417289786118972e-02
1.160397838625205728e-02
1.160724688238234589e-02
1.163965946900659930e-02
1.187608068909131072e-02
1.188670330151454096e-02
1.190576952894066912e-02
1.191067227313610290e-02
1.198067256525784351e-02
1.207682082642148012e-02
1.207818269980902998e-02
1.213783275418492576e-02
1.238351471330531584e-02
1.246032437236502081e-02
1.248565521737413433e-02
1.253985777820003367e-02
1.293806955672966753e-02
1.301678583853210953e-02
1.303639681531363476e-02
1.305192217193167255e-02
1.334281832751987688e-02
1.355091258114257159e-02
1.360021239777345521e-02
1.364106859940081642e-02
1.364651609295101931e-02
1.364678846762882106e-02
1.365141883714645309e-02
1.393931887128175423e-02
1.408177082762336954e-02
1.426153811478425397e-02
1.445165563969098496e-02
1.452301780520027716e-02
1.477796050335634763e-02
1.505578267442360570e-02
1.548395566748019155e-02
1.558119342735378443e-02
1.561387838865562969e-02
1.596033897845707678e-02
1.602189565557592121e-02
1.653804566947083762e-02
1.686326103442582422e-02
1.773295337973711944e-02
1.788384895108142622e-02
1.788657269785652593e-02
1.836077701141329219e-02
1.905969043392199622e-02
1.975070499078215511e-02
2.046405427119873249e-02
2.080724636487030904e-02
2.084864731585285569e-02
2.150779403544374191e-02
2.180059681377447683e-02
2.184009114201449289e-02
2.209122059468487942e-02
2.285223544366698709e-02
2.569119670742583961e-02
2.587995235894480911e-02
2.784431853319672620e-02
2.834194706902028182e-02
2.853969108489733814e-02
3.138382746752880342e-02
3.217371403232790333e-02
3.298457344729566892e-02
3.323052778109323452e-02
3.440718638796617240e-02
3.797052810658111538e-02
4.042898194584849947e-02
4.181468811771580502e-02
4.688385324098263279e-02
4.731066436065146236e-02
4.911732559662111003e-02
5.556552371215597863e-02
7.670043681407962000e-02
1.086418152464856679e-01
1.000000000000000000e+00
