0.000000000000000000e+00
2.779717519708978742e-20
1.111887007883591497e-19
1.419385973627812519e-05
2.838771947255480703e-05
2.838771947255580653e-05
2.838771947255625038e-05
2.838771947255625038e-05
2.838771947255625038e-05
2.838771947255636218e-05
2.838771947255636218e-05
4.258157920883348787e-05
4.258157920883437556e-05
4.258157920883437556e-05
4.258157920883482280e-05
5.677543894511261595e-05
5.677543894511261595e-05
7.096929868139063272e-05
8.516315841766787021e-05
9.935701815394598862e-05
1.135508778902246220e-04
1.277447376265020086e-04
1.277447376265022526e-04
1.419385973627808860e-04
1.987140363078927633e-04
2.271017557804492441e-04
2.271017557804492441e-04
2.696833349892840872e-04
4.683973712971766065e-04
4.825912310334561886e-04
5.251728102422891344e-04
8.232438647041289163e-04
1.575518430726867512e-03
2.852965806991894591e-03
3.491689495124412467e-03
1.260414744581494009e-02
1.000000000000000000e+00
