0.000000000000000000e+00
8.445581145880796123e-04
9.117921047866742656e-04
9.842615286487412657e-04
1.060037542192463454e-03
1.280752403460064205e-03
1.888613806651180454e-03
2.194197803088077103e-03
2.810050131343874713e-03
3.176530487756023396e-03
3.450701882214129903e-03
3.878354147741242507e-03
4.314272887474026631e-03
4.482908961250703893e-03
4.617652490788627488e-03
4.719054574367220756e-03
5.495276502195813040e-03
5.501614132419411531e-03
5.506574016941894259e-03
5.774132232036690605e-03
6.171474092146416943e-03
6.223001781356382947e-03
6.311453055348067998e-03
6.365736235958732031e-03
6.393015600834686847e-03
6.694190811028524757e-03
7.056813479478316747e-03
7.361433053924177315e-03
7.506509676218167150e-03
7.929477606362509562e-03
8.013244544970913111e-03
8.424088312947993623e-03
8.439794613937644241e-03
8.613941670517761065e-03
8.635434503450563348e-03
8.658856180363905600e-03
8.732152251646387725e-03
8.931374279981696418e-03
9.534964671500121072e-03
9.567341695468925544e-03
9.664886091085417991e-03
9.855290546935376386e-03
9.886152050633464916e-03
1.000822031972368152e-02
1.052101726956031214e-02
1.052184391698072694e-02
1.076157166891912251e-02
1.077920681389007811e-02
1.080593508048456435e-02
1.093544317635952723e-02
1.099441069235372777e-02
1.127767520843715385e-02
1.137301521093237247e-02
1.138596602051927982e-02
1.141765417163803815e-02
1.152346504145943494e-02
1.172489146291601746e-02
1.187313690032180610e-02
1.201201366696103348e-02
1.221426673583879581e-02
1.236251217324458619e-02
1.284141657884092964e-02
1.292545906658955704e-02
1.324537161831447658e-02
1.329001057902039901e-02
1.342365191199743069e-02
1.444786806596906788e-02
1.446109442469722083e-02
1.506482259078601241e-02
1.523373421370342352e-02
1.536131346559707969e-02
1.538473514251093369e-02
1.541008566340558092e-02
1.556163769049277029e-02
1.561757416594579569e-02
1.563217827037301916e-02
1.573854023847537364e-02
1.582313382450419026e-02
1.587328376801304397e-02
1.602676463908153659e-02
1.614345969993919230e-02
1.634254395370439081e-02
1.636265904093582232e-02
1.673644144956183688e-02
1.677873824257663030e-02
1.678535142193993829e-02
1.686856726226840936e-02
1.690411310134901091e-02
1.712455241347638976e-02
1.801182064478882780e-02
1.803606896912335333e-02
1.831588912095475502e-02
1.844691273710094212e-02
1.847584539681721566e-02
1.852654643860651013e-02
1.865881002588293952e-02
1.901233957270741237e-02
1.907819581720591323e-02
1.934988726940252424e-02
1.959898369210645933e-02
2.000817416524271197e-02
2.102880818039272806e-02
2.110789078361810511e-02
2.116410280821083914e-02
2.121094616203803712e-02
2.137338238016173869e-02
2.164383386122836761e-02
2.169784149269931781e-02
2.190119675813695030e-02
2.239194977676033441e-02
2.296013210376852270e-02
2.333184789384312036e-02
2.355807373791365261e-02
2.378085521773318223e-02
2.388046623190006809e-02
2.391325657957946507e-02
2.494325926549476394e-02
2.609037033597830929e-02
2.632775592022480737e-02
2.650975612729974951e-02
2.653248893136304562e-02
2.721433527868720101e-02
2.734825216080496654e-02
2.764832517443790993e-02
2.797843304434904227e-02
2.819777015991603922e-02
2.825287998794737132e-02
2.899576046981688915e-02
2.945923412356457258e-02
2.951048626363431820e-02
3.027706397155714366e-02
3.084386855286472967e-02
3.087114791774017361e-02
3.169669314165745461e-02
3.399890620768795252e-02
3.446871749165897336e-02
3.483492229893115494e-02
3.524948598030074043e-02
3.689189663021981425e-02
3.714650403572668236e-02
3.830009051100393552e-02
3.876948847126462233e-02
3.907149032887964613e-02
4.128745651403972761e-02
4.189890005605374085e-02
4.218078682643656291e-02
4.255608475533354668e-02
4.288894811664537704e-02
4.565270599244326821e-02
4.835515418455455655e-02
5.066053606569786982e-02
5.090357040731740418e-02
5.112180532632402269e-02
5.190519153179611739e-02
5.435303231840078741e-02
5.532888959827476916e-02
5.632031540456803459e-02
6.187924375814107814e-02
6.245679475591480595e-02
6.466614776171054901e-02
6.634534422184072688e-02
6.795014241412802858e-02
7.224650460749112990e-02
7.346553400355604335e-02
7.488750534134774872e-02
7.524392815414303326e-02
7.570133972680810619e-02
7.586611811262267135e-02
8.163336161615634967e-02
8.311306049881098112e-02
8.544420622455876912e-02
8.563102854158607946e-02
9.869040449029341244e-02
1.089551610595050068e-01
1.106249888488706618e-01
1.107792963673598224e-01
1.187735280216594275e-01
1.229855721781336758e-01
1.293628814779802516e-01
1.455578688671286536e-01
1.463196244650985800e-01
1.469936176619289492e-01
1.481669059007270361e-01
1.508998022728260668e-01
1.522351134060375422e-01
1.616208682181408396e-01
2.013423789686570320e-01
2.845571171001873290e-01
1.000000000000000000e+00
