0.000000000000000000e+00
2.040478006802831629e-06
6.843990556017677150e-05
7.441520455095916326e-05
8.322660559897234270e-05
9.507978022741494552e-05
1.006653858057467241e-04
1.048762396235280005e-04
1.058829476056889177e-04
1.203449031340835760e-04
1.344388148840981495e-04
1.438239312337377001e-04
1.480672595025628747e-04
1.511739819850801080e-04
1.545188504418684846e-04
1.549951423904298261e-04
1.606565216878418122e-04
1.683746162176024146e-04
1.780628274436008777e-04
1.863438124580144950e-04
2.047893006469402662e-04
2.122043003003514427e-04
2.308771096465654735e-04
2.320732519264078614e-04
2.374585983900085937e-04
2.420916200712748675e-04
2.451929301453054295e-04
2.500803350263409975e-04
2.555793420685811162e-04
2.781382607221945247e-04
2.830364904202510861e-04
2.831609758158923568e-04
2.846764501976108900e-04
2.861702749453160053e-04
2.920806250340391829e-04
2.952089971505793753e-04
2.997987195637807304e-04
3.270123095326833988e-04
3.276726233704204305e-04
3.328035866342519229e-04
3.423619000560938481e-04
3.477093596601735248e-04
3.494305055651288441e-04
3.965401092025974531e-04
3.979581602312128605e-04
4.037169628817279996e-04
4.060118240883477049e-04
4.106123713185605667e-04
4.174969549383626536e-04
4.182330424951989883e-04
4.225088452150489791e-04
4.418527932160210892e-04
4.488672746399702002e-04
4.495817125627645482e-04
4.510971869445116501e-04
4.542093218355441778e-04
4.629341243474466424e-04
4.644766607716937796e-04
4.664900767359870452e-04
4.675400839861747443e-04
4.873386743016566410e-04
4.896930720018203339e-04
4.903154989800268503e-04
4.907809661115577387e-04
4.907972033370748902e-04
4.908350901966149465e-04
4.954572870608697950e-04
4.997763890487657039e-04
5.062821040731476036e-04
5.331817743486894209e-04
5.490184816376630960e-04
5.596105650841850555e-04
5.622788824777096538e-04
5.697371813991762351e-04
5.746408235057289546e-04
5.867104944744388779e-04
5.948724065017072741e-04
6.000141945825502188e-04
6.033049389542813334e-04
6.088797197156016732e-04
6.099405517828198524e-04
6.192715440474211687e-04
6.286133611289958277e-04
6.336685506737279629e-04
6.356819666380212827e-04
6.401363788385888882e-04
6.560867467061924901e-04
6.568011846289963790e-04
6.653527900687060100e-04
6.713172642424769087e-04
6.766647238465565853e-04
6.775956581095991717e-04
6.926529785736812699e-04
7.110984667626165821e-04
7.288998783393319057e-04
7.420574434177696927e-04
7.428476550596632352e-04
7.667163765717584451e-04
7.819252444740390409e-04
7.995588713870387153e-04
8.114932321430768335e-04
8.251595636211006427e-04
8.300144940511017993e-04
8.526654236493127429e-04
8.677876930154634471e-04
8.901517649628706581e-04
9.011984907239024584e-04
9.163694717666239159e-04
9.190973256537019343e-04
9.234380772756588035e-04
9.352046533680097870e-04
9.737626515657593325e-04
9.812101256702334892e-04
9.830070452942689212e-04
9.923163879248283591e-04
9.965488913766325403e-04
1.006356175589776143e-03
1.102675397365088759e-03
1.103552207543093003e-03
1.116774721523590072e-03
1.125299264920751963e-03
1.212233370346444111e-03
1.217862275192821767e-03
1.219794505029529004e-03
1.297576227671318585e-03
1.303919570440509670e-03
1.372700457736575775e-03
1.383979917063392047e-03
1.509612743307982893e-03
1.514678757669745508e-03
1.550887770575837222e-03
1.571032755035685650e-03
1.574826853398506900e-03
1.670231378136274999e-03
1.688135625474618392e-03
1.770745216503885134e-03
1.787713117170646902e-03
1.886576170943842900e-03
1.973412853016412623e-03
2.062327899955354246e-03
2.071290848441527908e-03
2.201470097831274408e-03
2.213279973191671201e-03
2.228662038166154009e-03
2.359599024746778396e-03
2.481107595709684463e-03
2.555463263767085436e-03
2.751154305715208803e-03
2.772089501816970072e-03
3.194365613466282339e-03
3.297915813005782709e-03
3.691614407742672271e-03
4.310209400726810851e-03
4.901228172372148334e-03
5.287625428034251930e-03
5.704705627517644637e-03
5.704943773491896915e-03
6.076473142987642330e-03
6.117347652025996105e-03
7.368003710357556336e-03
7.597987772600609847e-03
8.241544793615076386e-03
8.560703698405346812e-03
9.749593350864838026e-03
9.853273448208474741e-03
1.051070788463273793e-02
1.072462791842952907e-02
1.182971183757986627e-02
1.235705362315039739e-02
1.331524477544400280e-02
1.361751696569506349e-02
1.394494603068273560e-02
1.408038614114046939e-02
1.803685675913128603e-02
2.187438428779097527e-02
2.256877464949529066e-02
2.446372381639813631e-02
3.195644565596278408e-02
3.401138020589872940e-02
4.330492401603586866e-02
5.374061050636498582e-02
5.659676012469077450e-02
8.971364240159630798e-02
1.024939842567867410e-01
1.115526241253488038e-01
1.221870975552913491e-01
2.356452954054403526e-01
3.829865560806247071e-01
1.000000000000000000e+00
