0.000000000000000000e+00
0.000000000000000000e+00
0.000000000000000000e+00
4.929561692351030391e-16
4.929561692351030391e-16
4.929561692351030391e-16
4.929561692351030391e-16
4.929561692351030391e-16
4.929561692351030391e-16
4.929561692351030391e-15
7.722007722016865049e-04
1.447876447877730847e-03
2.413127413126265122e-03
3.861003861003503308e-03
3.861003861003503308e-03
3.861003861003503308e-03
3.861003861003503308e-03
3.861003861003995969e-03
3.861003861003995969e-03
3.861003861003995969e-03
3.861003861003995969e-03
3.861003861003995969e-03
3.861003861008432958e-03
6.949806949805813205e-03
7.722007722007006615e-03
7.722007722007006615e-03
7.722007722007006615e-03
7.722007722007499277e-03
7.722007722011443170e-03
7.722007722011443170e-03
7.722007722011443170e-03
1.081081081081375177e-02
1.158301158301051036e-02
1.158301158301051036e-02
1.158301158301494604e-02
1.287001287001151260e-02
1.544401544401401323e-02
1.544401544401844892e-02
1.544401544401844892e-02
1.709873138444317070e-02
1.801801801801651212e-02
1.820187534473650601e-02
1.930501930501751437e-02
1.930501930502145913e-02
1.930501930502145913e-02
1.930501930502195179e-02
2.220077220077248600e-02
2.261445118588075939e-02
2.316602316602496200e-02
2.316602316602496200e-02
2.316602316602496200e-02
2.393822393822221326e-02
2.647545504688426227e-02
2.702702702702846488e-02
2.702702702702846488e-02
2.702702702702846488e-02
2.978488692774701463e-02
3.088803088802753380e-02
3.088803088803147509e-02
3.295642581356940382e-02
3.530060672917523928e-02
3.764478764478550871e-02
3.861003861003897697e-02
3.957528957529145297e-02
4.633204633204549006e-02
4.633204633204549006e-02
5.405405405405643710e-02
5.405405405405643710e-02
6.756756756756845950e-02
7.335907335907346227e-02
7.915057915057896465e-02
8.301158301158197139e-02
8.880308880308698805e-02
8.928571428571568935e-02
9.266409266409492140e-02
1.095559845559812423e-01
1.814671814671814098e-01
1.891891891891881727e-01
2.200772200772196374e-01
3.320463320463266643e-01
4.555984555984441964e-01
1.000000000000000000e+00
