0.000000000000000000e+00
7.650835607210105434e-06
5.019935362776643687e-04
5.523409705949572845e-04
8.665188327784230848e-04
9.869577933014615258e-04
1.044215659779099224e-03
1.245852198196032703e-03
1.304837672714140133e-03
1.494874557146121975e-03
1.676273401376266467e-03
1.831511323853904491e-03
2.045981521997923287e-03
2.205661865150105021e-03
2.329556041753571508e-03
2.511942090578343084e-03
2.515397306658771238e-03
2.564757536381437070e-03
2.770836495472914478e-03
2.937427270786207960e-03
2.952728942000116749e-03
3.293067725937112288e-03
3.376733315316552200e-03
3.566029796302435956e-03
3.700536422295971125e-03
3.708187257903437263e-03
3.751871061207891558e-03
3.764211118638430189e-03
3.915747023886854972e-03
3.942401547936675091e-03
4.051981257920860523e-03
4.197347134453249459e-03
4.339751397203035418e-03
4.380226785575334902e-03
4.404166496990569515e-03
4.434276237121584537e-03
4.509550587448227406e-03
4.710199921270278797e-03
4.719084762620388840e-03
4.755858133763731822e-03
4.779551044030437221e-03
4.877284298880886146e-03
4.917512886104656415e-03
4.954533058396783617e-03
4.983161991635858337e-03
5.155429193367363355e-03
5.170237262283957844e-03
5.404945154614765844e-03
5.539451780608556884e-03
5.608062499922873527e-03
5.611764517152085900e-03
5.653473911267541466e-03
5.684077253695614916e-03
5.752441171861146472e-03
5.946673675819143245e-03
5.978264222841587691e-03
6.084388716744833225e-03
6.108575229309107929e-03
6.229507792129204691e-03
6.258877128814377064e-03
6.379809691634217954e-03
6.418804273114832142e-03
6.538996432489342127e-03
6.622168419571724043e-03
6.693493951520881197e-03
6.755441039822359002e-03
6.810971298260549804e-03
6.858603919942489816e-03
6.984225704586426685e-03
6.996318960868435667e-03
7.138723223617965755e-03
7.149582474156819523e-03
7.258421780694906435e-03
7.491402064985244053e-03
7.563221199230947892e-03
7.653303618474953732e-03
7.694519410292839992e-03
7.843340502906680570e-03
7.982536350724055846e-03
8.052134274632742617e-03
8.112847357191576084e-03
8.276229717572969324e-03
8.501805967404883063e-03
8.762921582636981968e-03
8.783159276823259212e-03
8.865590860459543476e-03
8.952464864771393638e-03
9.103260366573464463e-03
9.122510856165371579e-03
9.152867397444659076e-03
9.270344744184328550e-03
9.484074538882759919e-03
9.768636263232780004e-03
9.891790036390658847e-03
9.936707845438525963e-03
9.990757296984264721e-03
1.009046496102396738e-02
1.014945043554207373e-02
1.023089481458449787e-02
1.026125135586378710e-02
1.035034657051290934e-02
1.049744005508602453e-02
1.057098679737245375e-02
1.057839083183062349e-02
1.060800696966432421e-02
1.093032926975231502e-02
1.095106056623565069e-02
1.101917768325290890e-02
1.106162748081420712e-02
1.106927831642116021e-02
1.119564050451093973e-02
1.120872096538732057e-02
1.125462597902904781e-02
1.141603393022169906e-02
1.142171035663965342e-02
1.165172902714687805e-02
1.186570562299383777e-02
1.212509363018572303e-02
1.248394250026827086e-02
1.265571609970271745e-02
1.272259921097656371e-02
1.293484819878331152e-02
1.297853200208802169e-02
1.310242617869148730e-02
1.348521476018926975e-02
1.352420934167013894e-02
1.404298535605365272e-02
1.408494155131789424e-02
1.409431999496506271e-02
1.412048091671833615e-02
1.420019768772003491e-02
1.454399168773720143e-02
1.455065531874978439e-02
1.459063710482477044e-02
1.474439422041021186e-02
1.536361830227978356e-02
1.577602302161101172e-02
1.612697425493807638e-02
1.649298035833051887e-02
1.723363060531647728e-02
1.727805481206651922e-02
1.775413422774071645e-02
1.802290067858002692e-02
1.818776384585259198e-02
1.821812038713213622e-02
1.841506770372497437e-02
1.853575346539654278e-02
1.862953790186925099e-02
2.020141441738248361e-02
2.088184518410743373e-02
2.157733082089776516e-02
2.221012896593975092e-02
2.231674706214056836e-02
2.400412651520498347e-02
2.450488604573949208e-02
2.523788545711926068e-02
2.542002470479499260e-02
2.571618608312996671e-02
2.623446849521616706e-02
2.631936809033876001e-02
2.639242123032838755e-02
2.651582180463479821e-02
2.728682859290004412e-02
2.735272449957977525e-02
2.968968457579151607e-02
3.032791234610420980e-02
3.074846150333970449e-02
3.348079701962931864e-02
3.523925520349385082e-02
3.702264030336773620e-02
3.763816236800783532e-02
3.835191128979544700e-02
3.915401502278556545e-02
3.947140129990169694e-02
4.030706998910352223e-02
4.154551815284112520e-02
4.298831766763025475e-02
4.628360660390515302e-02
5.014604457969134427e-02
5.079759961202817697e-02
5.131292041033151674e-02
5.195114818064319046e-02
5.491300876514258050e-02
5.638813923039961290e-02
5.843708236618141982e-02
6.874645994602446297e-02
9.854868584558404421e-02
1.089701111468971972e-01
1.000000000000000000e+00
