0.000000000000000000e+00
2.053933868392537909e-06
6.845826640117161756e-05
7.443419163822034715e-05
8.324473148999921978e-05
9.509434996156719327e-05
1.006706410070059080e-04
1.048807407463299960e-04
1.058937669529073081e-04
1.203549483974260021e-04
1.344443771055630330e-04
1.438311336987253483e-04
1.480784087116714142e-04
1.511918378787044436e-04
1.545283186875645598e-04
1.550069503356248232e-04
1.606622388375423822e-04
1.683761081170587919e-04
1.780742076269301239e-04
1.863503529202014753e-04
2.048078762806107556e-04
2.122057557342308699e-04
2.308956245548607952e-04
2.320852333112210489e-04
2.374756479884927642e-04
2.420853819193887846e-04
2.452081049048249130e-04
2.500873595695826245e-04
2.555800062493457023e-04
2.781453973465686127e-04
2.830432396481420633e-04
2.831640592874491648e-04
2.846882455065500488e-04
2.861752564520003727e-04
2.920954187785637754e-04
2.952181417640189587e-04
2.997999942396865729e-04
3.270215883598401080e-04
3.276814494668896737e-04
3.328209310471154370e-04
3.423656825532163319e-04
3.477096281384248742e-04
3.494475721809211502e-04
3.965579376964965862e-04
3.979705980946648719e-04
4.037234716898769737e-04
4.060283386553154429e-04
4.106194849494052110e-04
4.175062043905208354e-04
4.182311222264397722e-04
4.225062786945951894e-04
4.418653024406872932e-04
4.488821353395226321e-04
4.495884655385972610e-04
4.511033579393045599e-04
4.542167871063375892e-04
4.629436825924503930e-04
4.644864564483574751e-04
4.664939212247153880e-04
4.675487696141495666e-04
4.873492497346609419e-04
4.897005857921530973e-04
4.903325654439742026e-04
4.907972563644250876e-04
4.908065501828282138e-04
4.908437254564787739e-04
4.954627532058064349e-04
4.997936725843995284e-04
5.062900516523367650e-04
5.331910090373877253e-04
5.490323225156495740e-04
5.596179816835657010e-04
5.622853075669731254e-04
5.697482437494531511e-04
5.746460860510266017e-04
5.867094623459995217e-04
5.948787287275636090e-04
6.000275041262019852e-04
6.033082220245863155e-04
6.088938068884472248e-04
6.099533021870877370e-04
6.192750020513996005e-04
6.286245833708923279e-04
6.336804205854234401e-04
6.356878853617814072e-04
6.401442712889355863e-04
6.560971105881108429e-04
6.568127346055981390e-04
6.653630475419470289e-04
6.713296789605735504e-04
6.766736245457820927e-04
6.776030063866647808e-04
6.926589922093635745e-04
7.111072217513792967e-04
7.289141778231420562e-04
7.420649308719648668e-04
7.428456116183405076e-04
7.667214311112213136e-04
7.819354118468777688e-04
7.995750791872798489e-04
8.114990482061107922e-04
8.251609612674380657e-04
8.300216282953800382e-04
8.526706637582690852e-04
8.677731186729929422e-04
8.901526334020488668e-04
9.012076303996316992e-04
9.163797889524313151e-04
9.191121715646986779e-04
9.234430909433298269e-04
9.352090650492126496e-04
9.737784114468327808e-04
9.812227599924970133e-04
9.830164669454501559e-04
9.923288729913302703e-04
9.965482665490481198e-04
1.006362538789020138e-03
1.102683672780588753e-03
1.103557291711052685e-03
1.116782395307147884e-03
1.125304826788277963e-03
1.212239204186683992e-03
1.217871258142550882e-03
1.219799725462458696e-03
1.297575044818726452e-03
1.303932016610550226e-03
1.372706272837637262e-03
1.383988968386234541e-03
1.509632099458431192e-03
1.514697230491355998e-03
1.550905947013080793e-03
1.571045651505548592e-03
1.574837529416447035e-03
1.670257163022342232e-03
1.688147763459780723e-03
1.770751221479584117e-03
1.787731027712936632e-03
1.886580080311770803e-03
1.973421519526107840e-03
2.062344774064075233e-03
2.071304015010427737e-03
2.201491823284613090e-03
2.213276385027320922e-03
2.228666948312722426e-03
2.359598262059651834e-03
2.481119584667425531e-03
2.555493366485992422e-03
2.751165419270467597e-03
2.772095098327723595e-03
3.194369031562079193e-03
3.297920756275897567e-03
3.691644079357645023e-03
4.310203457391557219e-03
4.901234545297747033e-03
5.287652927109914337e-03
5.704740909672038028e-03
5.704945373677040160e-03
6.076475058397945786e-03
6.117349271761023631e-03
7.368018415069214726e-03
7.598003245419961138e-03
8.241544407337438038e-03
8.560712719141591598e-03
9.749596557666311697e-03
9.853315571111482402e-03
1.051072311009527971e-02
1.072462963459841316e-02
1.182970181871009600e-02
1.235707025051423387e-02
1.331526292848907687e-02
1.361753507842553348e-02
1.394493771334015877e-02
1.408036723519712902e-02
1.803689443303161527e-02
2.187446075522999842e-02
2.256878334093461586e-02
2.446371856399608830e-02
3.195646931593346118e-02
3.401139646117974646e-02
4.330492792360359638e-02
5.374065921295606563e-02
5.659683548643058143e-02
8.971361014928093403e-02
1.024939487715994246e-01
1.115526707501907910e-01
1.221870295265819889e-01
2.356453698600967372e-01
3.829866672461051946e-01
1.000000000000000000e+00
