# UNNS Normalized Spectral Ladder

# index coord spectral
0 0.000000000000 0.456073312528
1 0.000031898266 0.310924370130
2 0.000042531018 0.310924370130
3 0.000053163775 0.279984733197
4 0.000095694791 0.545072585615
5 0.000116960305 0.286223597991
6 0.000180756825 0.557422998247
7 0.000308349885 0.557422998247
8 0.000425310208 0.891902219606
9 0.000489106709 0.957219256207
10 0.000521004999 1.000000000000
11 0.000542270512 0.944996160532
12 0.000584801539 0.747517163769
13 0.000616699789 0.435828816009
14 0.000648598039 0.414438444112
15 0.000935682449 0.267379603172
16 0.000946315225 0.313521721043
17 0.001052642753 0.313521721043
18 0.001265297807 0.362414012674
19 0.001371625334 0.452826521435
20 0.001584280546 0.319518685897
21 0.001903263206 0.294690551266
22 0.002009590654 0.199961772280
23 0.002115918260 0.062070253096
24 0.002222245708 0.055958735615
25 0.002541228369 0.022918220910
26 0.002647555975 0.034759327770
27 0.002753883423 0.048128314000
28 0.002966538635 0.059587477579
29 0.003072866083 0.059587477579
30 0.003179193848 0.041634822881
31 0.003391848743 0.025210077911
32 0.003817159168 0.019735162921
33 0.003923486616 0.018971230825
34 0.004136141512 0.026037671016
35 0.004348796724 0.027692870884
36 0.004561451937 0.030557673162
37 0.004667779384 0.031130645001
38 0.004774106832 0.031512620156
39 0.004880434597 0.037433165997
40 0.005093089493 0.032276544663
41 0.005199417257 0.054294440341
42 0.005305744705 0.048612614743
43 0.005412072153 0.043074050128
44 0.005518399601 0.130809151409
45 0.005624727048 0.125031843785
46 0.006262692369 0.114336657836
47 0.006369020451 0.000000000000
48 0.006581675346 0.033613422037
49 0.007006985771 0.130061089979
50 0.007113313219 0.132543926209
51 0.007325968115 0.108861758024
52 0.007538623010 0.043735715831
53 0.008070260883 0.060160460802
54 0.008282915779 0.247708226479
55 0.008389243860 0.250000022767
56 0.008708226204 0.250954949271
57 0.009239864076 0.057295635756
58 0.009452518972 0.051948065549
59 0.009771501949 0.042780743793
60 0.010409467270 0.048701274456
61 0.010515794718 0.041252811299
62 0.010622122165 0.042398732211
63 0.011260086852 0.163292568736
64 0.011472743015 0.157754004121
65 0.012642346209 0.284568371308
66 0.012855001104 0.164247495239
67 0.013492965791 0.192895335884
68 0.014024604298 0.079449939749
69 0.014556241537 0.082314742027
70 0.015725844730 0.034568371308
71 0.015832172178 0.092627984695
72 0.016151154521 0.123376649988
73 0.016470136865 0.285714292219
74 0.016682793028 0.384262807577
75 0.016789120476 0.365928209599
76 0.017320757715 0.222689097441
77 0.018703015804 0.032467546660
78 0.019128325595 0.020244450985
79 0.019234653043 0.026355998823
80 0.020829567295 0.067990821704
81 0.020935894743 0.058823545482
82 0.021254877086 0.130252084386
83 0.024125720712 0.180672240209
84 0.024551030503 0.222689006372
85 0.024657357951 0.226508757921
86 0.024976340295 0.182964104799
87 0.025401652621 0.203972533415
88 0.025507980069 0.207028261799
89 0.025720634964 0.200534747914
90 0.027740856473 0.317608855656
91 0.028059841351 0.258021423612
92 0.028804133486 0.588808301447
93 0.029123115829 0.633689892655
94 0.030505372651 0.628724265729
95 0.030718030081 0.288388122857
96 0.030824357529 0.084033623394
97 0.031249667320 0.047746370719
98 0.031462322216 0.017570665882
99 0.031674977112 0.048319353942
100 0.031781304559 0.107524842706
101 0.032844579037 0.299274257679
102 0.033907856051 0.233002294574
103 0.034545820737 0.203208578552
104 0.035821750111 0.043162732608
105 0.036566044781 0.093200922383
106 0.041031800124 0.064935070553
107 0.041350785002 0.064935070553
108 0.042520386928 0.214667696596
109 0.042626716911 0.257830383670
110 0.043371006510 0.259740236677
111 0.045391230554 0.098930458638
112 0.045710215432 0.068754753801
113 0.048262074180 0.092436967520
114 0.049219023745 0.322383488174
115 0.049963313345 0.339572210776
116 0.050601283102 0.279220801101
117 0.051345572701 0.091673035424
118 0.051664557580 0.108479723675
119 0.052515177162 0.145530908446
120 0.053153141849 0.105042006475
121 0.054322746310 0.154316286921
122 0.054641726118 0.312261285449
123 0.055917660562 0.306913692475
124 0.058682174205 0.417303291925
125 0.059745448683 0.422459867724
126 0.060277088457 0.744843378667
127 0.060596068265 0.810924370131
128 0.060702398248 0.949961787458
129 0.061553017831 0.700534747914
130 0.061659347814 0.431627189480
131 0.061872002709 0.415966422141
132 0.062509967396 0.618410977527
133 0.063466911891 0.675706613283
134 0.063573241874 0.596638616815
135 0.064211206561 0.580977849475
136 0.064530191439 0.782658518300
137 0.066656740396 0.552711997645
138 0.067507359978 0.505729604557
139 0.067720014874 0.292589817688
140 0.071654132978 0.360580639392
141 0.071866792943 0.157754004121
142 0.073249047230 0.152406388379
143 0.073780687004 0.112299429689
144 0.073887011917 0.112299429689
145 0.074099666812 0.143621055438
146 0.074205996795 0.182200149936
147 0.076757855542 0.142475180062
148 0.079309719360 0.112299475224
149 0.081755253194 0.384644796391
150 0.083669147255 0.426279619273
151 0.085051406611 0.416730354236
152 0.085795696211 0.145912897261
153 0.086008356177 0.140947270335
154 0.086752645776 0.312452234323
155 0.087390615533 0.286860167596
156 0.088134905133 0.273109207729
157 0.088560214924 0.119174909623
158 0.089623494472 0.172650839365
159 0.091750043428 0.167303269158
160 0.097066420889 0.273682190952
161 0.106316916453 0.283613444804
162 0.116630691566 0.535332326171
163 0.119926839913 0.653170366010
164 0.120458479687 0.785714337754
165 0.127369766329 0.728036713182
166 0.134387393095 0.508403389660
167 0.134919022729 0.359816661761
168 0.138002521250 0.202444600921
169 0.138534161024 0.210466001766
170 0.140767039963 0.163865551958
171 0.141298679737 0.192895381418
172 0.146827717163 0.231856419197
173 0.166072997892 0.253628734374
174 0.167774237056 0.234912147581
175 0.172877964691 0.407944975761
176 0.178407002118 0.608479723675
177 0.179044961734 0.825439262094
178 0.179789251334 0.837662357769
179 0.180427210951 0.847975554902
180 0.180852530882 0.786096189966
181 0.183829709561 0.757830292601
182 0.189677716655 0.537815071332
183 0.195100424098 0.598166481007
184 0.198821892377 0.463330758510
185 0.199034532062 0.490450689429
186 0.217854513139 0.347211622805
187 0.223915180199 0.501909853007
188 0.233909975503 0.634835768032
189 0.235930204617 0.779220755567
190 0.236674494217 0.600076379549
191 0.239970642564 0.452253583746
192 0.243798440825 0.250954903736
193 0.245074360058 0.406799100384
194 0.250390737519 0.406035168288
195 0.250603397484 0.590145216766
196 0.251135047399 0.478609673638
197 0.255600805277 0.453399595727
198 0.269104388613 0.283040507116
199 0.271762577343 0.226890746736
200 0.272719526909 0.234148169951
201 0.274527096056 0.245607287995
202 0.287392740056 0.394576004709
203 0.290901548369 0.618029034246
204 0.293240747151 0.607333848298
205 0.299407744194 0.490450689429
206 0.305787401202 0.367838017072
207 0.308020270001 0.432391121577
208 0.311848068262 0.406035168288
209 0.323225112783 0.483575255030
210 0.325351671879 0.408326964576
211 0.332581948470 0.558823545483
212 0.348956380502 0.610007678936
213 0.350232299736 0.640947315869
214 0.355442367494 0.536669195955
215 0.365968772151 0.491214667059
216 0.373199048742 0.449579844177
217 0.373943338342 0.574102415076
218 0.378728086169 0.433155099207
219 0.391168430518 0.478991616919
220 0.398398707109 0.398777699540
221 0.407968162201 0.543926664705
222 0.410413690965 0.733384283389
223 0.411264330828 0.776928913744
224 0.425299564079 0.801375014025
225 0.429552682272 0.791825703453
226 0.460706657435 0.849885362375
227 0.477612698820 0.869365926799
228 0.523120917463 0.881970965754
229 0.530776473425 0.843773814537
230 0.531627113288 0.852559147478
231 0.566289876483 0.846447599641
232 0.568416435579 0.907944930227
233 0.569905014778 0.915966285537
234 0.579155540763 0.865164186433
235 0.594785662916 0.731474384847
236 0.597231191680 0.730710498286
237 0.597975521840 0.661573755670
238 0.615306883158 0.796791421449
239 0.625833328376 0.751718835833
240 0.637954662496 0.874331553724
241 0.670809876824 0.876241452266
242 0.673255405589 0.903361337650
243 0.674318664856 0.851031283286
244 0.675062995017 0.816653929153
245 0.677721183747 0.794117727414
246 0.681442591184 0.787624236296
247 0.684845150635 0.736058159562
248 0.691969076963 0.681436263375
249 0.695690524961 0.636363677759
250 0.699411972959 0.687547720143
251 0.725143220399 0.754392620936
252 0.744282211705 0.831932753212
253 0.758211094692 0.789915987049
254 0.796808046973 0.756684553827
255 0.797445986309 0.768525615153
256 0.835936588326 0.785714337754
257 0.839126366130 0.801757139444
258 0.889631952004 0.811306450015
259 0.903348215586 0.846829725059
260 0.956937310122 0.877005429897
261 0.978415439369 0.888082513591
262 0.982774907824 0.920932003532
263 1.000000000000 0.943659222446
