# UNNS Normalized Spectral Ladder

# index coord spectral
0 0.000000000000 0.200157580478
1 0.000627281046 0.428946685794
2 0.001625228174 0.352771181481
3 0.002052919815 0.284475932706
4 0.003478558691 0.010769564970
5 0.004191377810 0.007092144395
6 0.004904197354 0.053935689647
7 0.006329836017 0.131687207491
8 0.009466241671 0.420103361905
9 0.011462135715 0.431573423723
10 0.013172902281 0.402153933869
11 0.013315466019 0.197936763920
12 0.013458029758 0.205948367836
13 0.013600593497 0.172326084771
14 0.013885720975 0.088127079431
15 0.014313412191 0.068032531144
16 0.014455977630 0.092723917776
17 0.014598541369 0.403730051778
18 0.014741105108 0.415112561928
19 0.014883668846 0.377287485652
20 0.016166744196 0.072322886462
21 0.016309307934 0.378250606193
22 0.019588275628 0.453900696117
23 0.019730841066 0.748883653603
24 0.020015968544 0.717362798457
25 0.020158532283 0.638560597967
26 0.020586223499 0.611767783416
27 0.022867245020 0.371683636118
28 0.025433395719 0.495140444024
29 0.025861086936 0.269766166904
30 0.026003650674 0.240872049688
31 0.026146214413 0.121092662356
32 0.026288778152 0.116364496509
33 0.026573905630 0.235618542517
34 0.026716469369 0.251203908504
35 0.027144162285 0.227037894508
36 0.027286726024 0.106733165854
37 0.027429289762 0.223010194196
38 0.027714417240 0.216180694369
39 0.029140054629 0.199369521524
40 0.029425182107 0.275544984085
41 0.030280567939 0.310743322432
42 0.030565695416 0.387444188943
43 0.031563641588 0.418439734079
44 0.034985174720 0.379038633834
45 0.035555429675 0.330706605843
46 0.035697993414 0.276595729358
47 0.036268248370 0.458103458015
48 0.036553375847 0.606251621241
49 0.037123634202 0.471762551610
50 0.037266197941 0.469923872635
51 0.037693889157 0.611767846043
52 0.037836452896 0.848174510140
53 0.038976962807 0.895718479176
54 0.039119526546 0.914105707304
55 0.039974908979 0.632519063155
56 0.040545167334 0.651168914974
57 0.040972858550 0.464670302838
58 0.041400549767 0.491988427398
59 0.041685677244 0.281061177574
60 0.041828240983 0.155292836533
61 0.041970804722 0.401155790574
62 0.042398495939 0.429524597781
63 0.044822082898 0.699763618846
64 0.045820029070 0.703441018546
65 0.047103102720 0.661413149059
66 0.048813870985 0.377462547238
67 0.049384125941 0.354872588525
68 0.049811817157 0.453112699789
69 0.050382072113 0.495665879287
70 0.050667199591 0.234567891184
71 0.050809763329 0.117502835201
72 0.050952330467 0.078189297062
73 0.051094894206 0.076613241779
74 0.051237457945 0.098590297063
75 0.051380021684 0.194378763297
76 0.051522585423 0.203835001053
77 0.051665149162 0.183258876840
78 0.051807712900 0.072673072259
79 0.051950276639 0.064092392938
80 0.052092840378 0.217844249131
81 0.052235404117 0.364679064267
82 0.052377967856 0.386130778228
83 0.052520531595 0.229577059894
84 0.052663095334 0.097714707316
85 0.053233350289 0.075650089926
86 0.053375914028 0.113475166202
87 0.053661041506 0.260572615467
88 0.054088732722 0.326854029742
89 0.054944118554 0.504421651507
90 0.055086682293 0.435601061409
91 0.055371809771 0.455739406405
92 0.055799500987 0.409333661245
93 0.055942064726 0.330006056805
94 0.056084628465 0.448209367979
95 0.056227192204 0.459942147428
96 0.056512319682 0.517730444487
97 0.057082574637 0.560809017496
98 0.057652829593 0.395849712739
99 0.059363594459 0.436301526944
100 0.059506161597 0.296821573833
101 0.060361544030 0.484195754842
102 0.060646671508 0.388057071497
103 0.060931798985 0.326066012538
104 0.061216926463 0.170738059312
105 0.061359493601 0.170212686675
106 0.061502053941 0.251904311413
107 0.061929748556 0.484108182299
108 0.062500003512 0.660625184044
109 0.062642563852 0.629629638908
110 0.062785130990 0.573680052135
111 0.063497953083 0.533228237931
112 0.064923590471 0.443393713089
113 0.065066150811 0.312319409028
114 0.065493845427 0.382978740727
115 0.065778972905 0.460730258571
116 0.066206660722 0.466509044438
117 0.066919482815 0.328605146611
118 0.067489737771 0.337536105670
119 0.068059992726 0.309167298463
120 0.068345120204 0.345591422793
121 0.068487687342 0.335084408451
122 0.068630247682 0.267314532312
123 0.069485630115 0.155240255430
124 0.069628197253 0.145783986362
125 0.069770757593 0.212678304067
126 0.070198452208 0.316321988710
127 0.070341012548 0.315346368243
128 0.070483579686 0.379438844683
129 0.070626146824 0.272643112101
130 0.070911274302 0.203222118499
131 0.071196401779 0.071709951719
132 0.071338962119 0.072235261729
133 0.071481529257 0.141055883140
134 0.072051784212 0.210927187198
135 0.072194344552 0.446458292861
136 0.072479472030 0.578583310882
137 0.072907166646 0.532352710810
138 0.073334854463 0.319936936496
139 0.073619981941 0.141581255777
140 0.073762549079 0.313370091674
141 0.073905109419 0.469661155003
142 0.074047676556 0.702390398525
143 0.074760498650 0.543735252272
144 0.074903058990 0.639436156400
145 0.075615881083 0.443481306508
146 0.076186136038 0.665178163052
147 0.076613823856 0.705805038843
148 0.077041518471 0.694247341855
149 0.077184078811 0.636459107422
150 0.077469206289 0.650643604964
151 0.077754340565 0.666404095164
152 0.078182028382 0.692934192083
153 0.078467155860 0.392172354790
154 0.078752283338 0.326503843944
155 0.079322538293 0.428158658152
156 0.079892793249 0.388494871589
157 0.080035360387 0.428946623167
158 0.080463048204 0.380614595177
159 0.081033303160 0.562910382789
160 0.081318437435 0.735224560009
161 0.082173819868 0.488836316833
162 0.082316380208 0.332282598499
163 0.082886635164 0.141581255777
164 0.084739967168 0.253480366695
165 0.085310222123 0.423167774674
166 0.085737916739 0.539269710116
167 0.086308171694 0.676648297935
168 0.086878426650 0.605201001221
169 0.087306114467 0.675072273965
170 0.087448681605 0.433674789015
171 0.087876369423 0.396900395386
172 0.088018936561 0.495665816660
173 0.088731758654 0.469398437372
174 0.089302013609 0.393748347446
175 0.089444573949 0.092723917776
176 0.089587141087 0.147360104271
177 0.089729701427 0.150512152210
178 0.090299956382 0.287890677401
179 0.090442523520 0.253217680377
180 0.091440466293 0.258471156235
181 0.091583033431 0.120567321033
182 0.091868160909 0.198318870191
183 0.092438415864 0.197793560180
184 0.092580983002 0.194641449615
185 0.092866110480 0.080640910778
186 0.093008670820 0.024953979011
187 0.093151237958 0.029682082233
188 0.093293798297 0.037036923382
189 0.093436365435 0.259259152563
190 0.094862002824 0.262411263127
191 0.095147130302 0.273968960115
192 0.095432257779 0.100341445244
193 0.095859952395 0.185447866865
194 0.096430207350 0.370370392406
195 0.096857895168 0.385342823651
196 0.097000462306 0.271342284813
197 0.098426099694 0.070921986704
198 0.098996354650 0.132650390658
199 0.099566609605 0.353821937192
200 0.099851737083 0.371421075052
201 0.100421992038 0.282374546539
202 0.101134814132 0.214604607773
203 0.101990196565 0.246125525545
204 0.102560451520 0.349619112667
205 0.103415833953 0.320724995450
206 0.104413783524 0.300236402030
207 0.104556343864 0.254531111968
208 0.104841471342 0.366955595523
209 0.105554293435 0.626477549218
210 0.105839420913 0.803519860973
211 0.105849400341 0.615970597503
212 0.106124548391 0.395499526942
213 0.107122497962 0.175904035690
214 0.107550185779 0.374485623511
215 0.107967900967 0.517380279565
216 0.107977880395 0.741703874038
217 0.108215959086 0.606164038259
218 0.108263007873 0.399527112439
219 0.108405568213 0.445232465127
220 0.108548135350 0.532440272916
221 0.108690695690 0.530338907624
222 0.108833262828 0.476753341149
223 0.108968698890 0.518781148009
224 0.108975823168 0.811400053884
225 0.109118390306 0.651694287611
226 0.109831212399 0.483933141588
227 0.110401467355 0.235968843130
228 0.110829155172 0.204185270353
229 0.111541977265 0.189650628763
230 0.111684537605 0.150249497205
231 0.111827104743 0.256107104624
232 0.112254792561 0.228263670054
233 0.112539920038 0.263987318411
234 0.112825047516 0.133700979364
235 0.112967614654 0.201996228139
236 0.113537876407 0.348042994758
237 0.115106074136 0.418439671452
238 0.115818896229 0.371158326108
239 0.115961449771 0.167848635065
240 0.116246584047 0.315996766977
241 0.116816839002 0.601260769075
242 0.116959406140 0.700551562985
243 0.117387093958 0.768321439124
244 0.117672228233 0.527186734432
245 0.118385036731 0.742054122462
246 0.119097858824 0.463969920804
247 0.119240425962 0.709307481334
248 0.119382993100 0.418001944424
249 0.119668113779 0.721302905350
250 0.120238368735 0.438402923550
251 0.120380935873 0.507486168653
252 0.120523503011 0.305227160256
253 0.120808623690 0.275545015398
254 0.121236325104 0.482532189642
255 0.121521445784 0.376411864591
256 0.121664012921 0.438402923549
257 0.122091700739 0.266088746329
258 0.122376835015 0.469398437372
259 0.122408200873 0.603362165680
260 0.122661955694 0.548463292867
261 0.122804522832 0.359338005428
262 0.123374777788 0.353033846924
263 0.123517344926 0.609141076800
264 0.123659898467 0.659049128760
265 0.124800421974 0.461518286211
266 0.125085542654 0.418965044088
267 0.125513230472 0.350669795313
268 0.125940931885 0.353821874565
269 0.126796307520 0.187811887162
270 0.127081441796 0.413186226908
271 0.127509129614 0.442080344125
272 0.127794263889 0.319148908855
273 0.128079384569 0.080640879466
274 0.128364518845 0.369057023442
275 0.128649639525 0.438928327499
276 0.129219894480 0.435250906924
277 0.129647582298 0.124770145558
278 0.130075283711 0.319674250178
279 0.130217837253 0.321250305460
280 0.130502971529 0.360651437019
281 0.130645538667 0.100078821553
282 0.130930659346 0.101654814209
283 0.131358360760 0.104806862148
284 0.131786048577 0.110060338005
285 0.132071169257 0.090885176175
286 0.132356303533 0.043603893457
287 0.133211679168 0.095087969387
288 0.133354246306 0.175991566483
289 0.134067068399 0.183871780269
290 0.134637323355 0.250065663752
291 0.135065011172 0.165747269773
292 0.135207578310 0.178180483443
293 0.136348088221 0.067857365181
294 0.136490655359 0.259084111852
295 0.136918343176 0.285526657103
296 0.137060910314 0.298135036738
297 0.137203477452 0.138954517848
298 0.137488598132 0.102574153696
299 0.137631165270 0.206593050827
300 0.138629108043 0.283556572343
301 0.138914242318 0.430259992132
302 0.139627064412 0.612555842370
303 0.139769617954 0.530601546971
304 0.140339872909 0.364696646621
305 0.141052695002 0.151105074098
306 0.141480382820 0.155745641308
307 0.141622949958 0.190050871224
308 0.141765517096 0.094737737663
309 0.141908084233 0.314858580676
310 0.142050651371 0.595131755659
311 0.142478339189 0.774012777701
312 0.142763459869 0.550039410776
313 0.143191161282 0.436564244575
314 0.144901926148 0.298660346747
315 0.145044479690 0.612818466062
316 0.145329613966 0.521933258575
317 0.146042436059 0.804045212734
318 0.146897811694 0.486209610217
319 0.147182945970 0.425794575228
320 0.147610633788 0.418965044088
321 0.148323455881 0.738902011897
322 0.149321398654 1.000000000000
323 0.149463965792 0.866298926697
324 0.149749100068 0.863672251394
325 0.152030119889 0.647754180718
326 0.152315240569 0.630155011544
327 0.152600374845 0.378513229884
328 0.152885495525 0.569214666545
329 0.153455750480 0.719989599012
330 0.154738827529 0.768846999640
331 0.155879337440 0.539269804056
332 0.156021904577 0.505122148355
333 0.156877293809 0.686892625958
334 0.157019847350 0.938534344991
335 0.157447548764 0.664302604618
336 0.157590102306 0.679537596929
337 0.157875236582 0.411610140312
338 0.158017803719 0.526661361796
339 0.158160357261 0.454163382436
340 0.158588058675 0.593380617915
341 0.159443434310 0.737325977491
342 0.160441390679 0.806146536275
343 0.160726511359 0.709482480294
344 0.161011645635 0.710007894681
345 0.161154199176 0.704229108813
346 0.161439333452 0.682689832746
347 0.161581900590 0.715261370538
348 0.161724454132 0.717888108466
349 0.161867021270 0.953769399927
350 0.162009588408 0.934856861790
351 0.162437276225 0.797740991603
352 0.162864964043 0.617021259273
353 0.163007531181 0.619648059829
354 0.163435232594 0.753349164445
355 0.163577786136 0.646178156749
356 0.164718296047 0.344628291815
357 0.164860863185 0.354872525899
358 0.165003430323 0.623325417778
359 0.165431118140 0.765169453812
360 0.165858805958 0.733123288656
361 0.166001373096 0.741528812453
362 0.166429060913 0.900709206090
363 0.166856762327 0.665353255952
364 0.167284450144 0.649067455743
365 0.167427017282 0.494089792691
366 0.167712137962 0.570265223939
367 0.167854705100 0.561859637516
368 0.167997272238 0.752561011551
369 0.169137782149 0.799317046886
370 0.169280349286 0.844496964312
371 0.169850604242 0.526136051786
372 0.169993157784 0.436301526944
373 0.170563426335 0.208825884532
374 0.171561369108 0.497767307205
375 0.171703936246 0.694772839744
376 0.172559311881 0.658523787438
377 0.172844446157 0.435776185621
378 0.172986999699 0.412660854271
379 0.173129566837 0.522458631210
380 0.173699821792 0.457840803010
381 0.174982898841 0.320724932824
382 0.175125465979 0.159443048642
383 0.175268033116 0.279747808610
384 0.175838288072 0.429997368440
385 0.176408543027 0.629104266272
386 0.176551096569 0.798266301614
387 0.177121351525 0.629629576282
388 0.177406485800 0.632781686846
389 0.177549052938 0.411084830302
390 0.177691620076 0.621224052485
391 0.178404428573 0.428421313158
392 0.179687505622 0.564486438072
393 0.179972639898 0.508799568930
394 0.180400327715 0.623325417777
395 0.180828015533 0.483057499652
396 0.181398270488 0.350669732687
397 0.182681347537 0.303913759979
398 0.183251602493 0.252429621423
399 0.183394169630 0.209876441926
400 0.183536736768 0.148410724291
401 0.183964424586 0.219858114944
402 0.184534679541 0.204623060007
403 0.185247501635 0.301287115989
404 0.185675189452 0.429997368440
405 0.185960323728 0.399001823305
406 0.186530578683 0.406882037091
407 0.187671088594 0.249277636110
408 0.189381853461 0.451536644507
409 0.189666974140 0.596007355844
410 0.191520306144 0.631205631564
411 0.192233128238 0.597846003505
412 0.193088517469 0.426582540243
413 0.193373638149 0.459154140662
414 0.193943893104 0.340688153609
415 0.194229027380 0.268715484259
416 0.194799282335 0.179931673376
417 0.195369537291 0.218282059661
418 0.196082359384 0.291830784294
419 0.196224912926 0.256632445947
420 0.196510047201 0.405831385758
421 0.196937735019 0.379038633834
422 0.197222869295 0.546624707833
423 0.197507989974 0.298135036738
424 0.197650557112 0.251904436665
425 0.197793124250 0.131074366688
426 0.197935677792 0.150161987287
427 0.198078244930 0.105507379871
428 0.198220812068 0.358199781551
429 0.198363379206 0.339112160952
430 0.199076201299 0.411259954514
431 0.199218754841 0.130724118264
432 0.199646456254 0.085544138212
433 0.199789009796 0.034410248080
434 0.199931576934 0.011557603048
435 0.200216711210 0.011032293038
436 0.200929519707 0.022852645031
437 0.201214653983 0.000000000000
438 0.202070029618 0.049120024319
439 0.202212596756 0.048069310360
440 0.203210553125 0.196742814908
441 0.204493616578 0.264775377365
442 0.205491572947 0.269240856894
443 0.206204395040 0.308116594941
444 0.206346948582 0.235618552954
445 0.206774649995 0.338586767440
446 0.207915159906 0.185185117920
447 0.209625924773 0.288678705043
448 0.209911045452 0.458891485657
449 0.210481300408 0.515103727434
450 0.210766434683 0.403729926526
451 0.211764377456 0.236669256476
452 0.211906944594 0.470449182645
453 0.212049511732 0.627528242302
454 0.212334632412 0.681376401156
455 0.213475142323 0.648804800737
456 0.213760276598 0.516942437722
457 0.214045397278 0.603362196993
458 0.214615652234 0.534016265572
459 0.215185907189 0.619122687192
460 0.215328474327 0.619648059829
461 0.215898729282 0.682164460110
462 0.216326417100 0.643814011198
463 0.217609494149 0.501181978836
464 0.218464883380 0.286839963442
465 0.219177705473 0.312056722710
466 0.220175648246 0.317047512249
467 0.220745903202 0.337536074356
468 0.222028980250 0.246650804242
469 0.222314100930 0.215655290420
470 0.226448452756 0.264512659734
471 0.227161274849 0.432098702419
472 0.227588976263 0.414236878241
473 0.231153073133 0.322826360743
474 0.231723314493 0.306015250524
475 0.232008448768 0.245600215535
476 0.232863824404 0.333333312458
477 0.233576660093 0.184659807910
478 0.233861767177 0.184659807910
479 0.234574602866 0.200420235483
480 0.236000247052 0.221959495893
481 0.236142814190 0.485158849288
482 0.237140756963 0.390070848589
483 0.238423834012 0.622274672505
484 0.239421776785 0.432098671106
485 0.240847420972 0.483582809662
486 0.241275095193 0.222747539191
487 0.241417662331 0.148148131912
488 0.242843306518 0.075387434920
489 0.243128440793 0.342526926522
490 0.243271007931 0.419227761720
491 0.243413547877 0.503020783063
492 0.244981759202 0.508799568930
493 0.245409460615 0.592855245278
494 0.248118154659 0.783556619313
495 0.249116124623 0.781980564031
496 0.249971500259 0.767008132786
497 0.250541741618 0.526398675478
498 0.250684308756 0.297346977783
499 0.252109952943 0.240346739677
500 0.253678164267 0.459942293556
501 0.254248405626 0.689519426513
502 0.254390972764 0.877068627357
503 0.254961241316 0.711583949963
504 0.255103808454 0.501444665154
505 0.255816616951 0.245074842899
506 0.257384828275 0.242448042344
507 0.258525338186 0.257157787270
508 0.258810445270 0.320724932824
509 0.259950982373 0.496191251923
510 0.260236089457 0.477804086421
511 0.261091492284 0.456002092723
512 0.261519166505 0.471237210286
513 0.262659676416 0.440767037787
514 0.263229944968 0.504596838345
515 0.263372512105 0.304964505251
516 0.263800186327 0.354347215889
517 0.265083263376 0.223010194196
518 0.265368397651 0.225111622115
519 0.266651474700 0.201996290766
520 0.266794041838 0.201470980756
521 0.268077118887 0.162595221834
522 0.269360195935 0.100078821552
523 0.270785812930 0.114788566479
524 0.272068889979 0.074336752274
525 0.276630929622 0.301287084676
526 0.277628899587 0.340688153609
527 0.278769409498 0.339112098326
528 0.280195026493 0.130548931426
529 0.280765295044 0.108484345349
530 0.282903747728 0.152613580129
531 0.283759123363 0.179406332053
532 0.284329391915 0.176254221488
533 0.284471959053 0.399527133314
534 0.285469901826 0.452061954517
535 0.286610411736 0.494615134014
536 0.288178623061 0.250853628766
537 0.289746807193 0.180982324708
538 0.291315018518 0.209351131915
539 0.291885287069 0.226687614771
540 0.292027854207 0.263987318410
541 0.292170394153 0.167848635065
542 0.292455528429 0.157867055986
543 0.292740662704 0.126346200841
544 0.295306816802 0.317047574876
545 0.296162192437 0.314420836947
546 0.297017568072 0.309167361089
547 0.297302702348 0.133701104617
548 0.297872970899 0.179931704688
549 0.298158077983 0.171000745629
550 0.299013480810 0.182033007355
551 0.299583722170 0.107958972712
552 0.300153990721 0.117940614418
553 0.300439097805 0.105752557943
554 0.300866799218 0.356868904340
555 0.301151933494 0.441975263335
556 0.301437067770 0.482794813334
557 0.302577577681 0.489099034464
558 0.302862684764 0.411872889256
559 0.303432953316 0.352771223232
560 0.303718087592 0.166272642408
561 0.304145761813 0.392697664800
562 0.304288328951 0.449960589224
563 0.305143704586 0.379038602520
564 0.305571406000 0.132124986708
565 0.305856540275 0.338586850942
566 0.306141674551 0.599159529035
567 0.306284241689 0.609141170740
568 0.307424751600 0.436826962207
569 0.307567291546 0.229314415326
570 0.308422694373 0.221434201540
571 0.308850368595 0.147360104271
572 0.309848338559 0.161544476561
573 0.310561147057 0.184659745284
574 0.311986791243 0.420015726735
575 0.312842166879 0.353296533242
576 0.313982676789 0.337536105670
577 0.314267811065 0.343840264174
578 0.314552945341 0.421066472008
579 0.315265753838 0.424218582572
580 0.315693455252 0.313632809305
581 0.315835995198 0.392172354790
582 0.315978562336 0.430522741076
583 0.317119072246 0.367743623163
584 0.317261639384 0.236143883840
585 0.317689340798 0.201470918129
586 0.318972417847 0.229314352700
587 0.319685226344 0.205148338705
588 0.319970360620 0.268715484259
589 0.321396004806 0.174678228832
590 0.325245235952 0.425269265219
591 0.326528285809 0.460992913576
592 0.326955987223 0.574468079776
593 0.327098554360 0.362752802311
594 0.327241121498 0.322826360743
595 0.327526255774 0.479380141704
596 0.327668822912 0.512477052132
597 0.328096497134 0.447859223932
598 0.328524198547 0.157866993359
599 0.328666765685 0.086419696646
600 0.329237007044 0.057000206793
601 0.329807275596 0.087470441918
602 0.330234949817 0.097452052310
603 0.330520084093 0.097452052310
604 0.331232919782 0.066456507174
605 0.331945728280 0.049119993006
606 0.332230862555 0.307591243180
607 0.334369315239 0.314946084330
608 0.335652392288 0.346467002102
609 0.337933412110 0.122318490090
610 0.338361113523 0.368706795893
611 0.338646220607 0.391034068287
612 0.339073922021 0.643551324880
613 0.339644163380 0.418702295144
614 0.340214431932 0.427895909208
615 0.342067750340 0.299448374388
616 0.343493394526 0.352508568227
617 0.344776471575 0.324139729707
618 0.345774414348 0.199369552837
619 0.346202115762 0.154714945421
620 0.346487250037 0.155765659380
621 0.346629817175 0.174678197518
622 0.346772357121 0.388494840276
623 0.351049289681 0.635933797412
624 0.351762098178 0.851326432826
625 0.352332366730 0.628578893635
626 0.352760040951 0.399789819633
627 0.354755953689 0.180194391008
628 0.355041060773 0.187549232157
629 0.355183627911 0.281323863892
630 0.355611329324 0.266088746329
631 0.355896463600 0.294457553536
632 0.357179540649 0.168374007702
633 0.357607214870 0.211977932471
634 0.359032859057 0.409246151328
635 0.360886204657 0.489624407101
636 0.361028744603 0.452324640835
637 0.363737465838 0.290648758489
638 0.364165167252 0.221040140749
639 0.366161052798 0.255187796450
640 0.366588754211 0.240872049687
641 0.367158995571 0.291042756653
642 0.367729264122 0.456527434046
643 0.368869774033 0.457840803010
644 0.371578495269 0.413186258221
645 0.372006169490 0.319674250177
646 0.372576438042 0.269240856895
647 0.373146679401 0.274494332753
648 0.373289246539 0.171526118267
649 0.373716947952 0.171000745630
650 0.373859515090 0.346467002102
651 0.374002082228 0.339112160952
652 0.374429756450 0.416338368787
653 0.374857457863 0.232466525892
654 0.375000025001 0.277646443317
655 0.375142592139 0.252429684049
656 0.376425641996 0.272392904833
657 0.378564121872 0.211452497208
658 0.380132306004 0.216705973066
659 0.380560007418 0.172051365650
660 0.381272815915 0.204097593432
661 0.382698460102 0.183609031324
662 0.382841027239 0.211977838531
663 0.383696402875 0.198318838877
664 0.384266671426 0.163120531843
665 0.384979479923 0.161019166551
666 0.385549748475 0.144207993706
667 0.385692315613 0.142631938423
668 0.385977422696 0.142106565786
669 0.386262556972 0.156291000703
670 0.386832825523 0.132124986708
671 0.387830768296 0.131599676698
672 0.389969220980 0.172051428276
673 0.390967163753 0.185710490557
674 0.392392807940 0.160493731288
675 0.393248183575 0.107958972712
676 0.394103586402 0.114263131216
677 0.395529203397 0.125295455567
678 0.395671770535 0.168899317711
679 0.398380491770 0.151562834855
680 0.399378434543 0.188862538495
681 0.400518944454 0.149986779573
682 0.401231780143 0.147360041645
683 0.406078954062 0.118991297064
684 0.406221494008 0.110060400631
685 0.406791762560 0.122143407629
686 0.406934329698 0.116364559135
687 0.407076896835 0.252429684049
688 0.407504571057 0.297609664101
689 0.408074839608 0.282374546538
690 0.409785590879 0.181507697345
691 0.409928158017 0.138954455222
692 0.412209177838 0.150512152210
693 0.413064580666 0.143682683696
694 0.414062523439 0.125820890830
695 0.415060466212 0.113737883832
696 0.415203033349 0.171000808256
697 0.415630707571 0.241660108642
698 0.416913784620 0.298397660429
699 0.417341486033 0.216443349373
700 0.418481995944 0.159968421278
701 0.418767130220 0.204097656058
702 0.418909697358 0.228263670053
703 0.419765072993 0.230890407982
704 0.422616361366 0.148148100599
705 0.424041978361 0.120304666029
706 0.424897381188 0.105069548466
707 0.425182488272 0.125295455568
708 0.425467622547 0.158392378521
709 0.426893266734 0.163645854379
710 0.431455306377 0.173102123448
711 0.432453249150 0.192014649060
712 0.433166084840 0.237719939123
713 0.434021460475 0.238770621769
714 0.436872748848 0.193065331707
715 0.439011201532 0.153664262775
716 0.445854260997 0.166272642409
717 0.446709636632 0.194116076979
718 0.447422472322 0.187286545839
719 0.447707579405 0.209351131916
720 0.451271676276 0.183609062638
721 0.451984511965 0.187286483213
722 0.452697320462 0.131599614072
723 0.453837830373 0.117415241782
724 0.454122964649 0.171526118267
725 0.458114735741 0.156291000704
726 0.462534235439 0.188337228485
727 0.468236812185 0.135277034646
728 0.468949620682 0.155240255431
729 0.469092160628 0.140530510504
730 0.469662429180 0.152613517502
731 0.474081928877 0.167323262429
732 0.474652143045 0.172576738286
733 0.475079871650 0.256632477260
734 0.475935220094 0.257157849897
735 0.476790622921 0.287628022396
736 0.478929102796 0.241397359698
737 0.482493199667 0.272392904833
738 0.483633682386 0.252429684049
739 0.483776276716 0.196217442272
740 0.484061356608 0.153664262775
741 0.485344433656 0.127396883487
742 0.486342376429 0.157341745976
743 0.486912644981 0.154715008048
744 0.488623450635 0.189387973758
745 0.489193664802 0.208825821906
746 0.490049067630 0.189913283768
747 0.491759818900 0.206199083977
748 0.492615221727 0.190438656404
749 0.494040838722 0.188337228485
750 0.498175204144 0.163645841853
751 0.500028549744 0.173627483559
752 0.500313684019 0.180982387336
753 0.500741358241 0.203047004725
754 0.501596761068 0.192539990384
755 0.501739301014 0.252429652736
756 0.503164918009 0.254005739331
757 0.503307512338 0.257157849897
758 0.503877780890 0.189387973758
759 0.504020320836 0.173102173549
760 0.505018263609 0.171526118266
761 0.508724954809 0.168374007701
762 0.508867494755 0.159968421278
763 0.509722897582 0.130548931425
764 0.510863380301 0.137903819545
765 0.513572128728 0.146834715978
766 0.513857208620 0.205673695684
767 0.514712611447 0.225111559488
768 0.515140285669 0.189387911132
769 0.515425419945 0.161544476561
770 0.517706439766 0.161544476561
771 0.517991574042 0.159968421278
772 0.518419248264 0.141055883140
773 0.518704382539 0.115839186499
774 0.520130053918 0.182558442618
775 0.520557728139 0.206199083977
776 0.522268479410 0.228789042690
777 0.523266422183 0.266088746330
778 0.526402844832 0.267927487930
779 0.526687979107 0.295770922500
780 0.529824401756 0.295245549864
781 0.529966941702 0.340688153608
782 0.530537210254 0.391646919528
783 0.531107478805 0.391646919528
784 0.532247961524 0.341738836254
785 0.535812058394 0.242448042343
786 0.539091020989 0.179406269426
787 0.540944366589 0.184659807910
788 0.541086906535 0.230365097973
789 0.541942309362 0.287102712386
790 0.543653060633 0.283425229185
791 0.544793597735 0.251379001403
792 0.545363866287 0.186235800567
793 0.549355637379 0.190963966415
794 0.550353580152 0.219858083631
795 0.551351522925 0.225111559489
796 0.553917677022 0.216968659384
797 0.554773079850 0.172314114595
798 0.554915619795 0.175991597796
799 0.557339233947 0.199894925473
800 0.560475602212 0.238245311759
801 0.560903330817 0.236143883840
802 0.563041756309 0.182033007356
803 0.564039699083 0.182033007356
804 0.564467427688 0.196742752282
805 0.565893044683 0.245600152909
806 0.567603795953 0.242973446293
807 0.568031524558 0.205673742654
808 0.569457141553 0.194116108293
809 0.572165835597 0.157867055986
810 0.572878698478 0.191489339050
811 0.574304315472 0.199894862846
812 0.580862240662 0.201996290765
813 0.586279683132 0.158392428622
814 0.591269396998 0.273969022742
815 0.591411991327 0.327029153954
816 0.596259165247 0.355397898535
817 0.596829379414 0.214604607773
818 0.600821204890 0.207775076633
819 0.606666321582 0.193590704343
820 0.611513495502 0.188862601121
821 0.614507323821 0.143682683696
822 0.615362726648 0.141581318404
823 0.618926823518 0.157867055986
824 0.619211957794 0.199894862847
825 0.621207843340 0.221959448924
826 0.623061134556 0.223010194196
827 0.623631403108 0.213553925127
828 0.624771940210 0.188599914803
829 0.626482691481 0.280010432302
830 0.627480634254 0.298397660430
831 0.635179096546 0.326503781318
832 0.636319579265 0.211977932471
833 0.642022156011 0.193065394333
834 0.643732907282 0.160493793915
835 0.646584195655 0.195166759626
836 0.649292889698 0.168899317712
837 0.650148292525 0.197793497555
838 0.652286772401 0.159968421279
839 0.654282657947 0.156816373340
840 0.654567792223 0.125295455568
841 0.657561620542 0.124244772921
842 0.657989294764 0.154714945421
843 0.658417023369 0.235093201194
844 0.668111316824 0.240346677051
845 0.676380047667 0.216180663056
846 0.682795432911 0.152613580128
847 0.683508241408 0.177304966760
848 0.696766686117 0.205148401331
849 0.704322554080 0.224060876842
850 0.706318439626 0.219332710994
851 0.709169727999 0.225636932125
852 0.714444576140 0.221959511550
853 0.724281518308 0.237719939123
854 0.729128692227 0.234567828557
855 0.733833271817 0.242973414980
856 0.744240428153 0.198318870191
857 0.752366619050 0.202521663402
858 0.759922487013 0.205148401331
859 0.767620949305 0.249277636110
860 0.775604491490 0.248752263473
861 0.783445493728 0.211977869844
862 0.790573687469 0.192014649060
863 0.797844475540 0.201470918129
864 0.837904943942 0.245074842899
865 0.845603351850 0.275019642762
866 0.851876197148 0.280273118619
867 0.891366396999 0.243498724990
868 0.907048401476 0.224586249478
869 0.930286273915 0.213553987753
870 1.000000000000 0.237982719380
