0.000000000000000000e+00
5.836068738569996639e-02
8.175648562025381039e-02
9.880748643265641062e-02
1.333797213389971148e-01
1.405217807223485826e-01
1.458489191408916530e-01
1.541945785815891923e-01
1.551122656014306544e-01
1.665198881747977921e-01
2.098984453079585366e-01
2.104044687140453340e-01
2.220734826869004142e-01
2.301833088022658680e-01
2.591682818709586389e-01
2.674865198576329983e-01
2.791342758637182508e-01
2.825369839160223329e-01
2.885427123578279685e-01
2.912368068165820389e-01
3.081260188450648529e-01
3.124412317365145020e-01
3.163446266513801897e-01
3.268523249561850474e-01
3.426663778271671901e-01
3.957242561679240045e-01
3.961212773647334595e-01
3.983017184832696178e-01
3.984336766504384397e-01
4.186829484866892437e-01
4.221074216979164295e-01
4.233971010843974314e-01
4.360953402471374196e-01
4.364782923746531318e-01
4.414475846772649703e-01
4.489987937654377759e-01
4.512133270174035760e-01
4.557605472412033509e-01
4.619331198495864599e-01
4.665197687503410684e-01
4.726011790821405545e-01
4.819180784185100319e-01
4.852885687431681694e-01
5.005520094022454236e-01
5.016721542985536075e-01
5.024188293554281426e-01
5.187168096960828034e-01
5.253758457349044786e-01
5.354695870353487486e-01
5.387763034596974032e-01
5.399623833359245006e-01
5.420857984149722864e-01
5.447730788574070004e-01
5.479006902961697234e-01
5.530371795946830149e-01
5.578696623269213672e-01
5.586865063156025712e-01
5.639087772435086299e-01
5.683233336414915682e-01
5.700920229389421223e-01
5.795972449269863880e-01
5.998210248445795534e-01
6.146868268555304438e-01
6.221663233836040030e-01
6.309012748537325965e-01
6.431585214651619475e-01
6.542388176591222848e-01
6.548554751101097748e-01
6.616746956620187525e-01
6.617438943131845885e-01
6.688430408300067853e-01
6.863029763418614371e-01
6.870959161438429108e-01
6.969213307433997917e-01
7.022366163018404217e-01
7.066338840629482476e-01
7.104665808020212969e-01
7.151674581964146959e-01
7.247925980509469790e-01
7.255716010946311467e-01
7.592830757873715308e-01
7.596229386336960099e-01
8.054850172746925718e-01
8.093600535326432865e-01
8.156412093654814566e-01
8.234549675743614294e-01
8.243034338912044179e-01
8.296760542147919582e-01
8.419621005197912567e-01
8.679227529343166436e-01
8.684484686270480536e-01
8.890002475049468833e-01
9.060777160296062949e-01
9.077716496140383340e-01
9.247448570734614348e-01
9.431851288619967910e-01
9.472933853030989226e-01
9.595511170548487456e-01
9.851327425680876937e-01
1.000000000000000000e+00
