0.000000000000000000e+00
1.597087365504971934e-02
2.953643461133066694e-02
3.022562913012942151e-02
5.654301544716999750e-02
8.136802690230537927e-02
8.232183860115767360e-02
9.109448759437602239e-02
9.613875356251935789e-02
1.044365836171541745e-01
1.206431127240803480e-01
1.253204873069196090e-01
1.266582438789318477e-01
1.412582565600299933e-01
1.548631398223840328e-01
1.641656227732276874e-01
1.666829511901728456e-01
1.777762372534182067e-01
1.824998820759101692e-01
1.957310369838562714e-01
2.027378245640346910e-01
2.214142126532168686e-01
2.217348805207527696e-01
2.451640678883777458e-01
2.699037729693301579e-01
2.814602130739863872e-01
2.912322198164993825e-01
3.100803887011610027e-01
3.206326197675115064e-01
3.269699761860501153e-01
3.272253268590039066e-01
3.304859225891181307e-01
3.435185873575914428e-01
3.441999793216726222e-01
3.451013067702288217e-01
3.512546412595394796e-01
3.557614030940127181e-01
3.615196261797592459e-01
3.644647557454825937e-01
3.656270716410600641e-01
4.115538119986510424e-01
4.123765532374167875e-01
4.298297000935858980e-01
4.316971738185120810e-01
4.420534844490393023e-01
4.435737522760128115e-01
4.453351984709640332e-01
4.746627434300221271e-01
4.835677165872287464e-01
5.075533927476071350e-01
5.082215156964798863e-01
5.338748828035061456e-01
5.469159575111960381e-01
5.565286426274393961e-01
5.651579255179574046e-01
5.717763607938678438e-01
5.798243611449049872e-01
5.840023566518560694e-01
5.879775791799184415e-01
5.959346898915703905e-01
6.127262860106248432e-01
6.176873403024085718e-01
6.336261685849017278e-01
6.529471006452273185e-01
6.572339269952254259e-01
6.728274494030704878e-01
6.766060662410030568e-01
6.829300290526412187e-01
6.863944256431038227e-01
6.878568206290981424e-01
6.922806355445574322e-01
7.037007100422130179e-01
7.088033627920655722e-01
7.146974842659673532e-01
7.160353498557101570e-01
7.629081772272434669e-01
7.782192502691034353e-01
7.789558363527837592e-01
7.790974348108525849e-01
7.913842937104302866e-01
7.977055155048423662e-01
8.089743979841376165e-01
8.271127057030737140e-01
8.303597520866723425e-01
8.349725725990436720e-01
8.385775709140382839e-01
8.398039892351999436e-01
8.437394047176371981e-01
8.606563400789416507e-01
8.655119275033649195e-01
8.825943829276209351e-01
9.215012535773633440e-01
9.278386722917479901e-01
9.287429587929915131e-01
9.364878898530014650e-01
9.497759052944285685e-01
9.726994684275989123e-01
9.789859914357617043e-01
9.959462847059161739e-01
1.000000000000000000e+00
