0.000000000000000000e+00
4.950306941942622663e-03
6.570718800619530439e-03
5.305880987453588660e-02
8.900117538759093339e-02
1.107638148257531485e-01
1.191699805658764516e-01
1.220437156403763601e-01
1.277282008839997762e-01
1.287664873257076126e-01
1.382109503445837495e-01
1.483265949067463507e-01
1.565177320005382289e-01
1.859523490560709424e-01
1.923080375170707901e-01
2.183497816957721549e-01
2.187798606625249442e-01
2.201222670972777795e-01
2.336937586046031190e-01
2.359853818084401700e-01
2.416698670520635861e-01
2.688128934148941718e-01
2.826884940782195543e-01
2.840938854183487350e-01
2.868155659148486358e-01
2.874867474581351279e-01
2.878538415195115441e-01
2.924370662530956788e-01
2.935383267631349602e-01
3.175925785680892011e-01
3.641436687710035147e-01
3.649668940552450169e-01
3.746263857204525372e-01
3.808300304404973469e-01
3.938193992401148869e-01
4.361804543751136021e-01
4.411046775657819219e-01
4.606647634727307206e-01
4.647288287298935172e-01
4.760087187074717452e-01
4.897323189780219410e-01
5.116469913200942798e-01
5.138756079444649627e-01
5.204463250517962214e-01
5.287004687250543844e-01
5.435252861574639827e-01
5.470072287069189798e-01
5.542230534273344666e-01
5.684657915002160333e-01
5.741502550697495932e-01
5.742393355794181975e-01
5.860383633593277963e-01
5.960649707600017555e-01
6.028506948395744303e-01
6.092693898800406460e-01
6.232340493789446656e-01
6.337797945819499956e-01
6.366535188194049066e-01
6.377547793294441325e-01
6.441734743699102372e-01
6.641006326641455404e-01
6.719246756965610023e-01
6.806349722667742741e-01
6.996759203713915909e-01
7.057274996763914787e-01
7.087532893288913671e-01
7.096395428666891769e-01
7.109558103489698189e-01
7.182607155790539100e-01
7.322884033315142371e-01
7.414287138462104521e-01
7.547852417294741434e-01
7.625462998565133432e-01
7.699141899919736964e-01
8.020074484534051029e-01
8.060085721533714054e-01
8.233400414359494102e-01
8.244413452941685705e-01
8.352281930737075477e-01
8.377977864810726150e-01
8.451917722208251993e-01
8.522555315261957087e-01
8.643586901361953734e-01
8.741072623110714979e-01
8.767659795762848818e-01
8.904894931504753197e-01
8.913757900364530640e-01
8.942495142739079750e-01
8.978573832859357839e-01
9.118220861330197380e-01
9.183037660788622158e-01
9.222157659209800906e-01
9.225198967510700454e-01
9.492327791248780233e-01
9.537899732764397731e-01
9.678176176807201658e-01
9.786674070174556928e-01
9.892131522204610228e-01
9.952647315254607996e-01
1.000000000000000000e+00
