0.000000000000000000e+00
1.356042525493599526e-05
1.356042525493599526e-05
2.712085050987199052e-05
2.712085050987199052e-05
2.712085050987199052e-05
2.712085050987199052e-05
4.068127576480798748e-05
4.068127576480798748e-05
4.068127576480798748e-05
5.424170101974398105e-05
5.424170101974398105e-05
5.424170101974398105e-05
5.424170101974398105e-05
5.424170101974398105e-05
5.424170101974398105e-05
6.780212627467997462e-05
6.780212627467997462e-05
6.780212627467997462e-05
6.780212627467997462e-05
6.780212627467997462e-05
8.136255152961597496e-05
9.492297678455196175e-05
9.492297678455196175e-05
9.492297678455196175e-05
9.492297678455196175e-05
9.492297678455196175e-05
9.492297678455196175e-05
9.492297678455196175e-05
1.084834020394879621e-04
1.084834020394879621e-04
1.084834020394879621e-04
1.084834020394879621e-04
1.084834020394879621e-04
1.084834020394879621e-04
1.220438272944239489e-04
1.220438272944239489e-04
1.220438272944239489e-04
1.220438272944239489e-04
1.220438272944239489e-04
1.356042525493599492e-04
1.356042525493599492e-04
1.356042525493599492e-04
1.356042525493599492e-04
1.356042525493599492e-04
1.491646778042959496e-04
1.491646778042959496e-04
1.491646778042959496e-04
1.491646778042959496e-04
1.627251030592319499e-04
1.627251030592319499e-04
1.762855283141679232e-04
1.762855283141679232e-04
1.762855283141679232e-04
1.762855283141679232e-04
1.762855283141679232e-04
1.898459535691039235e-04
1.898459535691039235e-04
1.898459535691039235e-04
1.898459535691039235e-04
1.898459535691039235e-04
2.034063788240399239e-04
2.034063788240399239e-04
2.034063788240399239e-04
2.034063788240399239e-04
2.034063788240399239e-04
2.034063788240399239e-04
2.169668040789759242e-04
2.169668040789759242e-04
2.169668040789759242e-04
2.169668040789759242e-04
2.305272293339119245e-04
2.305272293339119245e-04
2.305272293339119245e-04
2.305272293339119245e-04
2.305272293339119245e-04
2.440876545888478978e-04
2.440876545888478978e-04
2.440876545888478978e-04
2.440876545888478978e-04
2.576480798437838981e-04
2.576480798437838981e-04
2.576480798437838981e-04
2.576480798437838981e-04
2.576480798437838981e-04
2.576480798437838981e-04
2.576480798437838981e-04
2.712085050987198985e-04
2.712085050987198985e-04
2.712085050987198985e-04
2.712085050987198985e-04
2.712085050987198985e-04
2.712085050987198985e-04
2.712085050987198985e-04
2.847689303536558988e-04
2.847689303536558988e-04
2.847689303536558988e-04
2.983293556085918992e-04
2.983293556085918992e-04
2.983293556085918992e-04
2.983293556085918992e-04
2.983293556085918992e-04
2.983293556085918992e-04
2.983293556085918992e-04
3.118897808635278995e-04
3.118897808635278995e-04
3.254502061184638998e-04
3.254502061184638998e-04
3.390106313733998460e-04
3.390106313733998460e-04
3.390106313733998460e-04
3.390106313733998460e-04
3.390106313733998460e-04
3.390106313733998460e-04
3.390106313733998460e-04
3.390106313733998460e-04
3.390106313733998460e-04
3.525710566283358463e-04
3.525710566283358463e-04
3.525710566283358463e-04
3.661314818832718467e-04
3.661314818832718467e-04
3.661314818832718467e-04
3.661314818832718467e-04
3.661314818832718467e-04
3.661314818832718467e-04
3.661314818832718467e-04
3.661314818832718467e-04
3.661314818832718467e-04
3.796919071382078470e-04
3.796919071382078470e-04
3.796919071382078470e-04
3.796919071382078470e-04
3.796919071382078470e-04
3.932523323931438474e-04
3.932523323931438474e-04
4.068127576480798477e-04
4.068127576480798477e-04
4.068127576480798477e-04
4.068127576480798477e-04
4.203731829030158480e-04
4.203731829030158480e-04
4.203731829030158480e-04
4.203731829030158480e-04
4.203731829030158480e-04
4.203731829030158480e-04
4.339336081579518484e-04
4.474940334128878487e-04
4.474940334128878487e-04
4.610544586678238491e-04
4.610544586678238491e-04
4.746148839227597952e-04
4.746148839227597952e-04
4.746148839227597952e-04
4.746148839227597952e-04
4.881753091776957956e-04
4.881753091776957956e-04
5.017357344326317959e-04
5.017357344326317959e-04
5.017357344326317959e-04
5.017357344326317959e-04
5.152961596875677962e-04
5.152961596875677962e-04
5.424170101974397969e-04
5.424170101974397969e-04
5.559774354523757973e-04
5.695378607073117976e-04
5.695378607073117976e-04
5.830982859622477980e-04
5.830982859622477980e-04
6.102191364721197987e-04
6.237795617270557990e-04
6.373399869819917993e-04
6.509004122369277997e-04
6.780212627467996920e-04
7.187025385116076930e-04
7.593838142764156940e-04
7.865046647862876947e-04
8.000650900412236951e-04
8.407463658060316961e-04
8.543067910609676964e-04
9.221089173356476982e-04
1.017031894120199592e-03
1.017031894120199592e-03
1.030592319375135592e-03
1.044152744630071593e-03
1.044152744630071593e-03
1.139075721414623595e-03
1.139075721414623595e-03
1.261119548709047598e-03
1.315361249728791600e-03
1.328921674983727383e-03
1.573009329572575389e-03
1.830657409416359396e-03
1.871338685181167180e-03
1.884899110436103181e-03
2.210349316554567189e-03
2.332393143848991192e-03
2.644282924712519200e-03
1.000000000000000000e+00
