0.000000000000000000e+00
9.256407722864536114e-02
1.734682798718415186e-01
2.465075453120091076e-01
3.126718798937271893e-01
3.728962742137448827e-01
4.265757343565186321e-01
4.797601994774840506e-01
5.343196507701393205e-01
5.872841507055590604e-01
6.365086230501328934e-01
6.865031528547023143e-01
7.373776738091534222e-01
7.867671770962546551e-01
8.067869757560596211e-01
8.241117689174277672e-01
8.417115919150585102e-01
8.549664912120737981e-01
8.667363728417393220e-01
8.808711980847868661e-01
8.887361515887777230e-01
8.936861018068614770e-01
8.990760475998857970e-01
9.034760033492935660e-01
9.084259535673772090e-01
9.116159214856977000e-01
9.138158993604016400e-01
9.168958683849869340e-01
9.208007965106616011e-01
9.245407588976581881e-01
9.277307268159787901e-01
9.316906869904456601e-01
9.338356980202066060e-01
9.356506471649126411e-01
9.379056570884086730e-01
9.399406040205851021e-01
9.434056017751683010e-01
9.460455752248129180e-01
9.482455530995167470e-01
9.508855265491613640e-01
9.530855044238651930e-01
9.551754834048338250e-01
9.569904325495398600e-01
9.581454535356840330e-01
9.595204071054492800e-01
9.608403938302716440e-01
9.619403827676235030e-01
9.628754059662972820e-01
9.640853937973844490e-01
9.649103528984737110e-01
9.661203407295607670e-01
9.670553639282345459e-01
9.678253561843809250e-01
9.685403163917349900e-01
9.696403053290869600e-01
9.706302953727037330e-01
9.714553196776423150e-01
9.728302732474075620e-01
9.751402500158465880e-01
9.779452544080186049e-01
9.799802013401950340e-01
9.836101648334564240e-01
9.850401504520138740e-01
9.859201416018954500e-01
9.865801349643065210e-01
9.874601261141880970e-01
9.879551537379210879e-01
9.880651526316562849e-01
9.883951493128618759e-01
9.885051482065970729e-01
9.888901117327455470e-01
9.888901117327455470e-01
9.891101095202159410e-01
9.892201084139511380e-01
9.894951382502137349e-01
9.896051371439489319e-01
9.896601039888919260e-01
9.898251349314193259e-01
9.898801017763623200e-01
9.901551316126249169e-01
9.902100984575679110e-01
9.902651305063601139e-01
9.903751294000953109e-01
9.904851282938305079e-01
9.904851282938305079e-01
9.905400951387735020e-01
9.906500940325086990e-01
9.907051260813009019e-01
9.907600929262438960e-01
9.908151249750360989e-01
9.908700918199790930e-01
9.909800907137142900e-01
9.910351227625064929e-01
9.910351227625064929e-01
9.913100873949197700e-01
9.917500829698605580e-01
9.919700807573309520e-01
9.921351116998583519e-01
9.921900785448013460e-01
9.924651083810639429e-01
9.925751072747991399e-01
9.927951050622695339e-01
9.930151028497399279e-01
9.930151028497399279e-01
9.931251017434751249e-01
9.932351006372103219e-01
9.932900674821533160e-01
9.934550984246807159e-01
9.936200641633589070e-01
9.936200641633589070e-01
9.936200641633589070e-01
9.936750962121511099e-01
9.937850951058863069e-01
9.939500608445643870e-01
9.959300409317979330e-01
9.961500387192683270e-01
9.963150696617957269e-01
9.965350674492661209e-01
9.967550652367365149e-01
9.968100320816793980e-01
9.969200309754145950e-01
9.970300298691497920e-01
9.970300298691497920e-01
9.971400287628849890e-01
9.971400287628849890e-01
9.971950608116771919e-01
9.972500276566201860e-01
9.974700254440905800e-01
9.977450552803531769e-01
9.977450552803531769e-01
9.978000221252961710e-01
9.978550541740883739e-01
9.979650530678235709e-01
9.980200199127665650e-01
9.982400177002369590e-01
9.983500165939721560e-01
9.983500165939721560e-01
9.984050486427643589e-01
9.984050486427643589e-01
9.984600154877073530e-01
9.985150475364995559e-01
9.986250464302347529e-01
9.986800132751777470e-01
9.987350453239699499e-01
9.987900121689128330e-01
9.988450442177051469e-01
9.988450442177051469e-01
9.989000110626480300e-01
9.989550431114403439e-01
9.989550431114403439e-01
9.989550431114403439e-01
9.990100099563832270e-01
9.990100099563832270e-01
9.990100099563832270e-01
9.990100099563832270e-01
9.991750408989107379e-01
9.991750408989107379e-01
9.991750408989107379e-01
9.991750408989107379e-01
9.992300077438536210e-01
9.992300077438536210e-01
9.992850397926459349e-01
9.993400066375888180e-01
9.993400066375888180e-01
9.993400066375888180e-01
9.993950386863811319e-01
9.994500055313240150e-01
9.995050375801163289e-01
9.995050375801163289e-01
9.995050375801163289e-01
9.995050375801163289e-01
9.995050375801163289e-01
9.995050375801163289e-01
9.995050375801163289e-01
9.995050375801163289e-01
9.995050375801163289e-01
9.995050375801163289e-01
9.995050375801163289e-01
9.995600044250592120e-01
9.995600044250592120e-01
9.995600044250592120e-01
9.995600044250592120e-01
9.995600044250592120e-01
9.995600044250592120e-01
9.996150364738514149e-01
9.996700033187944090e-01
9.996700033187944090e-01
9.996700033187944090e-01
9.996700033187944090e-01
9.996700033187944090e-01
9.996700033187944090e-01
9.996700033187944090e-01
9.996700033187944090e-01
9.996700033187944090e-01
9.997250353675866119e-01
9.997250353675866119e-01
9.997250353675866119e-01
9.997250353675866119e-01
9.998350342613218089e-01
1.000000000000000000e+00
