0.000000000000000000e+00
6.763066163686071511e-03
6.879959277977652776e-03
6.962124887882695408e-03
7.026188585246374851e-03
7.116709392541160743e-03
7.183046370773737456e-03
7.250936976244826658e-03
7.336141436050046781e-03
7.363149999316413730e-03
7.395803345746109099e-03
7.412231688777227989e-03
7.456371381823136309e-03
7.501001151494945257e-03
7.546129431233634249e-03
7.562773295534269864e-03
7.585209996739900561e-03
7.613950226554379828e-03
7.637087840410437291e-03
7.666194456383094817e-03
7.707291551332833349e-03
7.730959534921700606e-03
7.754344529713201942e-03
7.778284257511458230e-03
7.832653714467402092e-03
7.869295141432143884e-03
7.900074389866045682e-03
7.956045263559394926e-03
7.987459831213870876e-03
8.006420080637306064e-03
8.025464664470551013e-03
8.057393672024872749e-03
8.089560690024658052e-03
8.108538743379054697e-03
8.134121118070622089e-03
8.186191056785727810e-03
8.212682369005257568e-03
8.252721535636371383e-03
8.306230781612244929e-03
8.333006956727133721e-03
8.333006956727133721e-03
8.387505726444787965e-03
8.443133640204904949e-03
8.478253299597064002e-03
8.549319095597524357e-03
8.598345499167462866e-03
8.663976410980125248e-03
8.715674341243064699e-03
8.790539870929996516e-03
8.873820100618035750e-03
8.935677516116170144e-03
8.966910296265053967e-03
8.989988876034242515e-03
9.044928058780907915e-03
9.076887051903161086e-03
9.116646977932902143e-03
9.197660486095030410e-03
9.221885076788647467e-03
9.279551072119191293e-03
9.362841609346207392e-03
9.405022869986512379e-03
9.490988682102524318e-03
9.561249553013791841e-03
9.614077564368194925e-03
9.695146358421200677e-03
9.703198420460124735e-03
9.755973020021646916e-03
9.820180554406504614e-03
9.884670140539729075e-03
9.969623939738011739e-03
1.002685701843152727e-02
1.007547955388337149e-02
1.013171936063911663e-02
1.016919757235897927e-02
1.022866270176548374e-02
1.025837090319478909e-02
1.028879501005848865e-02
1.031829050136527301e-02
1.035934824025710153e-02
1.036855755780842665e-02
1.037778280519271665e-02
1.041874496508675765e-02
1.050048843441824843e-02
1.054070845150595695e-02
1.062490605216293710e-02
1.080958154276634962e-02
1.138800314818782210e-02
1.142339548883836847e-02
1.143463445451913842e-02
1.144650499122448935e-02
1.148409658587309749e-02
1.149667927981684948e-02
1.151763825475279890e-02
1.151825014774842532e-02
1.152008676378430199e-02
1.152906931547813610e-02
1.156596749386830207e-02
1.159151613479594660e-02
1.160186396687971563e-02
1.166385256923755526e-02
1.170161002155879065e-02
1.173773794567268582e-02
1.181634042676322702e-02
1.182775836880259508e-02
1.183857097718932043e-02
1.188711292642734632e-02
1.193797969422915294e-02
1.199183845948124244e-02
1.199247565279981317e-02
1.200425998099735776e-02
1.203110268659109659e-02
1.204424760993358726e-02
1.208449854963822637e-02
1.208514136525078338e-02
1.209647403583134079e-02
1.209711778849289696e-02
1.211040701738106198e-02
1.215109930716370967e-02
1.217794482390444424e-02
1.219141302915120739e-02
1.220491028291690802e-02
1.222939443618294153e-02
1.223004474818748140e-02
1.225594197134234446e-02
1.228391475802754693e-02
1.229696691351924581e-02
1.235143850881595916e-02
1.236464059214732042e-02
1.239113190436685018e-02
1.240574237234205041e-02
1.244513684926261063e-02
1.245854883156950234e-02
1.246933707668228253e-02
1.252739850668993862e-02
1.258130412439192186e-02
1.260072540192232193e-02
1.265331915102725288e-02
1.276541457444960344e-02
1.298407683220671738e-02
1.357426215074778245e-02
1.386938666968424300e-02
1.430261909222465752e-02
1.471025039909354577e-02
1.483579997202769292e-02
1.492923968695092536e-02
1.497867745503094102e-02
1.507008845887372779e-02
1.516848422594683360e-02
1.531202326554259585e-02
1.541048462604555601e-02
1.550617232151474227e-02
1.567922090815225544e-02
1.582637133458590986e-02
1.588386491290083927e-02
1.591501991798290050e-02
1.606549874245708290e-02
1.616803251790489837e-02
1.625028855303823835e-02
1.634851939948771607e-02
1.652212084503398848e-02
1.688811531673034896e-02
1.703759899516876786e-02
1.725523049902819364e-02
1.750115338623211073e-02
1.777117717366192076e-02
1.804552075697203259e-02
1.832528423168597667e-02
1.858944958878094161e-02
1.871844937612534079e-02
1.895458947179122153e-02
1.935901232289131274e-02
1.977220407851371792e-02
2.008305696487986888e-02
2.009948343381299032e-02
2.041851488383277999e-02
2.094278630176382022e-02
2.141298437022224818e-02
2.163799232379311557e-02
2.194329038369973936e-02
2.242150396928617104e-02
2.323183770529501507e-02
2.449715183403644927e-02
2.594541353502917425e-02
2.694775985529495807e-02
2.800958442365321377e-02
2.968236306454191328e-02
3.132472884315488232e-02
3.483614754575592443e-02
4.077462810239634167e-02
4.897339453243052670e-02
5.746524739983074198e-02
6.840539190336666908e-02
8.797827646523453948e-02
1.081274311680247152e-01
1.302713457919687512e-01
1.487613915246515373e-01
2.008747943204755859e-01
3.158909919728780658e-01
4.960472826692363113e-01
1.000000000000000000e+00
