0.000000000000000000e+00
2.331410020125470051e-01
2.356960479088706650e-01
2.374914284063711911e-01
2.388845054249609801e-01
2.408429277764380372e-01
2.422624131786126622e-01
2.437174065865347072e-01
2.455345760875620731e-01
2.461085201459790872e-01
2.468011488787790753e-01
2.471490772454403018e-01
2.480821363619844233e-01
2.490229593763369498e-01
2.499716297712699931e-01
2.503122394815742169e-01
2.507738435562903989e-01
2.513751421363764615e-01
2.518584795594380199e-01
2.524655384508012745e-01
2.533208751064892073e-01
2.538125051515827124e-01
2.542888578493758267e-01
2.547846898606667132e-01
2.559081731804470627e-01
2.566632470268028210e-01
2.572962690602995650e-01
2.584444632806314202e-01
2.590872806260584582e-01
2.594746685163480948e-01
2.598633364758103914e-01
2.605140012018180018e-01
2.611683113422087477e-01
2.615449021273024144e-01
2.620549262098559873e-01
2.630998244134681308e-01
2.636347820172988410e-01
2.644417543203308463e-01
2.655083858722883661e-01
2.660363865784413084e-01
2.660363865784413084e-01
2.671178502362479001e-01
2.682274754158541219e-01
2.689262540462012407e-01
2.703361389295805828e-01
2.712782141855150653e-01
2.725718075673125851e-01
2.735875702834501544e-01
2.750535555897031248e-01
2.766681680579441416e-01
2.778696521144878306e-01
2.784748187296827160e-01
2.789120180073452748e-01
2.799634835223652196e-01
2.805791411392582480e-01
2.813342984683860903e-01
2.828777836147695068e-01
2.833314289985423562e-01
2.844220201061021247e-01
2.859861533247932130e-01
2.867758168664029106e-01
2.883897336448761894e-01
2.897114607208826631e-01
2.906926059141756169e-01
2.922080130215314875e-01
2.923388583530552309e-01
2.932829371955209541e-01
2.944654984903810058e-01
2.956397671632092217e-01
2.971968878290410787e-01
2.982391145839449753e-01
2.991306271075573897e-01
3.001099078522726504e-01
3.007542835427795547e-01
3.018269258543306854e-01
3.023567075262891257e-01
3.029086399604536406e-01
3.034230886299302821e-01
3.041656400604660360e-01
3.043120410151972655e-01
3.044586924182449139e-01
3.051874413637879480e-01
3.066173899400699288e-01
3.072984145675433654e-01
3.087736664615031157e-01
3.120152190206702536e-01
3.217498389756463517e-01
3.223285415520749653e-01
3.225011282696653714e-01
3.226949474389683714e-01
3.233411875780529132e-01
3.235572688199248037e-01
3.238434477627980534e-01
3.238644575937849601e-01
3.239274592591549484e-01
3.240184554807803430e-01
3.246294380624338838e-01
3.250664703745521633e-01
3.252012115687754057e-01
3.262168629745501591e-01
3.268386983165810222e-01
3.273999808212244567e-01
3.287225705525429476e-01
3.288839705786675283e-01
3.290243329462144706e-01
3.297593152720767473e-01
3.305635882988097740e-01
3.314590523403031508e-01
3.314804795851507557e-01
3.316463320257890257e-01
3.320862305797505631e-01
3.322959949585310713e-01
3.329489693745676382e-01
3.329704801021873828e-01
3.331171315052350312e-01
3.331386422328547203e-01
3.333501875774407264e-01
3.340086162012567139e-01
3.344350183737233029e-01
3.346487620979755051e-01
3.348628675809068866e-01
3.352056200156958710e-01
3.352272698812691076e-01
3.356146855991494760e-01
3.360685536036479570e-01
3.362635137041701250e-01
3.371121160829059771e-01
3.373088571492336429e-01
3.377034523855174108e-01
3.379448845625271924e-01
3.385187451381720392e-01
3.387180463428451360e-01
3.388302193610017166e-01
3.397637237189972126e-01
3.405499922945401381e-01
3.406924417313904052e-01
3.414208010906634727e-01
3.430717285647825743e-01
3.463238834360106710e-01
3.549850262517142419e-01
3.591839314141163642e-01
3.652854089534382509e-01
3.709925138772020570e-01
3.725863113075912336e-01
3.738091112986196007e-01
3.743327152454402063e-01
3.754562542204019637e-01
3.767628152594708624e-01
3.787193731623702542e-01
3.799645465363303831e-01
3.811018045135127763e-01
3.834495070314478116e-01
3.853189645754213633e-01
3.859415790899921594e-01
3.861437187089177825e-01
3.880150685290597035e-01
3.891742546477224840e-01
3.900875561748616827e-01
3.910723189549470957e-01
3.930546452068449659e-01
3.976922245092173180e-01
3.991579037119724060e-01
4.016548734264819287e-01
4.044091926998879538e-01
4.072597397819730514e-01
4.104754961645509792e-01
4.136746673030651245e-01
4.167397094543515701e-01
4.179127537131884784e-01
4.200264261932429299e-01
4.244814008453688392e-01
4.288366970675674406e-01
4.311911338624545564e-01
4.317814127166190175e-01
4.346280082808231526e-01
4.403027218889992156e-01
4.447450628149422491e-01
4.462881027198742911e-01
4.484948863184481382e-01
4.528216314325771430e-01
4.600950957822889653e-01
4.704246417990782247e-01
4.828521098795794386e-01
4.894889346090020577e-01
4.949789286700376212e-01
5.061491462022100762e-01
5.152721435409463036e-01
5.295594408190350544e-01
5.586682694616846856e-01
5.969125622037092516e-01
6.278969148051075644e-01
6.614921076222052276e-01
7.234397195112428625e-01
7.681825338568556427e-01
7.983551556372103786e-01
8.013325965329382017e-01
8.532183638278275639e-01
9.555173736275363039e-01
9.973857648182338220e-01
1.000000000000000000e+00
