0.000000000000000000e+00
3.604040819750523594e-01
3.642606590288768320e-01
3.669695614190993105e-01
3.690705906323547003e-01
3.720229370367654775e-01
3.741615109452041121e-01
3.763531035774015376e-01
3.790889890242557514e-01
3.799528678984724350e-01
3.809951717960600726e-01
3.815186571301152352e-01
3.829223374909667688e-01
3.843373163488734701e-01
3.857637691463361995e-01
3.862754296558336686e-01
3.869688836847184898e-01
3.878726230951297649e-01
3.885989550486750876e-01
3.895110806106272805e-01
3.907959513098989146e-01
3.915343537075031133e-01
3.922492818984927854e-01
3.929937896951268272e-01
3.946803535443591526e-01
3.958135717458905467e-01
3.967634174455268448e-01
3.984858768304343490e-01
3.994499333726400647e-01
4.000308585814756346e-01
4.006136083923200752e-01
4.015890686970814416e-01
4.025697922768684545e-01
4.031337346516211673e-01
4.038975762118495738e-01
4.054625233194882328e-01
4.062637692208992402e-01
4.074722171667978232e-01
4.090686386590901558e-01
4.098584807979454570e-01
4.098584807979454570e-01
4.114763413638424794e-01
4.131363432184451123e-01
4.141814191075463003e-01
4.162893607553354025e-01
4.176959183732009695e-01
4.196287333166353051e-01
4.211458898870407142e-01
4.233347105277246447e-01
4.257438869494841183e-01
4.275362426267328431e-01
4.284388241166384725e-01
4.290902421223181107e-01
4.306572594514669339e-01
4.315748939079460111e-01
4.326996557809361099e-01
4.349984086926566018e-01
4.356734412589515215e-01
4.372966352768745124e-01
4.396233888117317412e-01
4.407976254699633167e-01
4.431972929081763879e-01
4.451621085637669228e-01
4.466195445068808501e-01
4.488705419698681975e-01
4.490637392518112558e-01
4.504632089926422500e-01
4.522179147092071916e-01
4.539590762647059963e-01
4.562678995759756329e-01
4.578124953535150365e-01
4.591337879159644308e-01
4.605816797870317392e-01
4.615337009736786844e-01
4.631215257834290777e-01
4.639052625232545912e-01
4.647222631612424326e-01
4.654823502519525591e-01
4.665811115463157077e-01
4.667964145833666256e-01
4.670120685054192644e-01
4.680894258146779952e-01
4.702012622859861324e-01
4.712053548068872444e-01
4.733833681895183720e-01
4.781669132408674638e-01
4.924843546737526778e-01
4.933332858468964521e-01
4.935856423401281945e-01
4.938699293685158698e-01
4.948201259531538887e-01
4.951378172337045913e-01
4.955533352527327629e-01
4.955849149028869194e-01
4.956797240303497110e-01
4.958090602419810144e-01
4.967055012443566397e-01
4.973476909744912744e-01
4.975426426814428260e-01
4.990315179207102103e-01
4.999431873321601993e-01
5.007634862891641170e-01
5.027039505256357677e-01
5.029384820607806228e-01
5.031414339457712659e-01
5.042134578030038616e-01
5.053891330897425371e-01
5.067013026421474109e-01
5.067335138853046317e-01
5.069742911734799184e-01
5.076183055056233684e-01
5.079249088201199802e-01
5.088801581487826242e-01
5.089125097459406000e-01
5.091241635789737208e-01
5.091565151761315855e-01
5.094656448626404543e-01
5.104284733073402025e-01
5.110513643623806335e-01
5.113635818369045571e-01
5.116762905504309566e-01
5.121733542438571263e-01
5.122058461950157460e-01
5.127697183927680813e-01
5.134332419310068119e-01
5.137169675433916893e-01
5.149546091214328714e-01
5.152407909288296839e-01
5.158147686146313804e-01
5.161678291033546806e-01
5.170013213364230698e-01
5.172910821708374129e-01
5.174501734306139467e-01
5.188131511312668032e-01
5.199546502188386876e-01
5.201493913947892178e-01
5.212033095859335274e-01
5.236002050326330481e-01
5.283217136156793670e-01
5.408678875599187696e-01
5.469290049025038458e-01
5.557193057884104448e-01
5.639259445624680289e-01
5.662001004355684541e-01
5.679480691601005438e-01
5.686839451856924299e-01
5.702818754834920734e-01
5.721500574096110014e-01
5.749513127322842809e-01
5.767238434069361652e-01
5.783345459187981819e-01
5.816906206061795981e-01
5.843489253791551707e-01
5.852225588564194947e-01
5.854893016347214596e-01
5.881439572036791796e-01
5.897750812226408845e-01
5.910577062579015495e-01
5.924274209505873134e-01
5.952159742361985417e-01
6.017881906722784002e-01
6.038169375751809564e-01
6.073219980342895452e-01
6.111771013711068123e-01
6.151416808284584370e-01
6.196522373484750768e-01
6.241255298813097596e-01
6.284125726552353131e-01
6.300128889710466806e-01
6.328891635070861277e-01
6.390772310432908387e-01
6.399147233653788014e-01
6.450927333356533122e-01
6.481913286087779280e-01
6.491097350122607690e-01
6.529381009119474832e-01
6.607678891941656252e-01
6.667996023736072475e-01
6.688017521933800058e-01
6.716867988544622525e-01
6.775133846619024736e-01
6.872771107195604356e-01
7.009245723301754660e-01
7.173814999725037778e-01
7.257844939935198525e-01
7.323543244115879869e-01
7.464177952802335536e-01
7.574133382249041979e-01
7.730329138991453020e-01
8.063323918006841673e-01
8.485839987509196103e-01
8.628074030033457964e-01
8.790890986758187475e-01
9.086389492720552408e-01
9.605907019176382899e-01
9.623621799372851227e-01
9.696177098257002802e-01
9.699594016403680907e-01
9.904128392752038490e-01
1.000000000000000000e+00
