0.000000000000000000e+00
1.795940289669965273e-01
3.251637000478180273e-01
4.514857397029652386e-01
5.659864094171609405e-01
6.795019602915070012e-01
7.212192984943748275e-01
7.965654340364356489e-01
8.493077289158782461e-01
8.595880539628323325e-01
8.794461831327026191e-01
9.095846373495268811e-01
9.218165688307915495e-01
9.397230915663512540e-01
9.446958934011611131e-01
9.465701285679339883e-01
9.517633610577213021e-01
9.579944864077687416e-01
9.628543122275607935e-01
9.691080417307307293e-01
9.698615457831755160e-01
9.770193860314152490e-01
9.817661925767402487e-01
9.844786534096604536e-01
9.886226908420189252e-01
9.906570365544236090e-01
9.920886131538617647e-01
1.000000000000000000e+00
