0.000000000000000000e+00
6.763066544773569007e-03
6.879959589811570839e-03
6.962125121129224270e-03
7.026188380513782861e-03
7.116709562102332270e-03
7.183046362822844907e-03
7.250936898231290922e-03
7.336142080884547681e-03
7.363149563069971981e-03
7.395803247890171336e-03
7.412231115794729736e-03
7.456370838082192545e-03
7.501001656523276044e-03
7.546129183645450787e-03
7.562773133857603018e-03
7.585210147839993935e-03
7.613950030171143767e-03
7.637087674666034713e-03
7.666194242125222089e-03
7.707291974523968262e-03
7.730960002864769448e-03
7.754344598568337944e-03
7.778283899070186774e-03
7.832654323514131808e-03
7.869295709101735772e-03
7.900073874325723444e-03
7.956044804519852437e-03
7.987459991611680493e-03
8.006420980247680105e-03
8.025465221374481969e-03
8.057393954729812069e-03
8.089560285081370816e-03
8.108539046721024296e-03
8.134121882350325849e-03
8.186191170531589498e-03
8.212682300189778212e-03
8.252722071160437448e-03
8.306230972637745902e-03
8.333007405775656046e-03
8.333007405775656046e-03
8.387505047508922104e-03
8.443133613527381912e-03
8.478254004170626690e-03
8.549318891573953749e-03
8.598346189866502495e-03
8.663976279836423447e-03
8.715674205783426401e-03
8.790539709705157481e-03
8.873820263146843870e-03
8.935677799235708374e-03
8.966910579184764196e-03
8.989988356719975579e-03
9.044928452702121272e-03
9.076887119537292020e-03
9.116646264134454711e-03
9.197660291899521778e-03
9.221885831302338576e-03
9.279551744792393156e-03
9.362841652446527579e-03
9.405023538068220390e-03
9.490988750483033906e-03
9.561249175615668672e-03
9.614078025847867109e-03
9.695147243466388856e-03
9.703198414122040164e-03
9.755973009922027858e-03
9.820180324178315670e-03
9.884670135650591369e-03
9.969624157699566794e-03
1.002685697115318977e-02
1.007548016746790190e-02
1.013171956355934239e-02
1.016919721573996890e-02
1.022866287970538787e-02
1.025837092302510703e-02
1.028879456359724394e-02
1.031829120171559241e-02
1.035934871100080423e-02
1.036855699773651072e-02
1.037778305747587282e-02
1.041874515379409560e-02
1.050048881013025855e-02
1.054070818197995647e-02
1.062490638366297979e-02
1.080958192295562899e-02
1.138800245606049616e-02
1.142339598970727732e-02
1.143463507596586236e-02
1.144650557156481896e-02
1.148409640971608837e-02
1.149667876088248178e-02
1.151763780929778574e-02
1.151825051021325604e-02
1.152008674211717557e-02
1.152906959233283846e-02
1.156596728334156887e-02
1.159151644380605056e-02
1.160186500903940231e-02
1.166385256868132311e-02
1.170161084723544617e-02
1.173773775113830242e-02
1.181634026293378048e-02
1.182775801465015854e-02
1.183857148424227214e-02
1.188711329890866988e-02
1.193797963536887344e-02
1.199183838439180777e-02
1.199247634168089383e-02
1.200425984310406376e-02
1.203110269115036969e-02
1.204424816590624926e-02
1.208449934207827918e-02
1.208514104105234271e-02
1.209647460485667285e-02
1.209711723925198205e-02
1.211040770430083652e-02
1.215109946387925646e-02
1.217794511818929767e-02
1.219141331327469949e-02
1.220491050641869628e-02
1.222939422208513087e-02
1.223004433985040024e-02
1.225594241243926387e-02
1.228391431392827568e-02
1.229696718198090150e-02
1.235143956734055179e-02
1.236464023194988604e-02
1.239113229702932042e-02
1.240574264145485883e-02
1.244513697176647359e-02
1.245854904157717678e-02
1.246933725479567462e-02
1.252739885147236172e-02
1.258130437155754663e-02
1.260072558744608148e-02
1.265331871152454088e-02
1.276541491641822006e-02
1.298407711580518500e-02
1.357426244190832083e-02
1.386938690928221987e-02
1.430261884010930462e-02
1.471025109772467962e-02
1.483580053096384202e-02
1.492923975912614602e-02
1.497867770734524588e-02
1.507008894224840662e-02
1.516848403216668022e-02
1.531202255136829456e-02
1.541048499161620788e-02
1.550617297245147387e-02
1.567922216109011307e-02
1.582637140629739730e-02
1.588386426685712768e-02
1.591501940684285007e-02
1.606550062252479552e-02
1.616803401603091744e-02
1.625028934778809109e-02
1.634851980356724632e-02
1.652212089074043058e-02
1.688811567789869766e-02
1.703759973453348314e-02
1.725523109970846652e-02
1.750115334501700301e-02
1.777117765412401448e-02
1.804552173854040431e-02
1.832528378280779205e-02
1.858945048407866299e-02
1.871844881544811046e-02
1.895459029621900451e-02
1.935901218812156530e-02
1.977220458961717608e-02
2.008305816522562223e-02
2.009948416228769102e-02
2.041851519041986557e-02
2.094278512307335902e-02
2.141298396608130178e-02
2.163799206319429527e-02
2.194329110744997965e-02
2.242150463968501858e-02
2.323183761411216908e-02
2.449715199873372246e-02
2.594541232876593911e-02
2.694775922215270417e-02
2.800958581082356458e-02
2.968236407723639711e-02
3.132472805728953730e-02
3.483614974359230260e-02
4.077462661720761272e-02
4.897339552026320347e-02
5.746525060779984762e-02
6.840539120322540467e-02
8.797828003410837483e-02
1.081274332521265091e-01
1.302713535666663036e-01
1.487613987643459368e-01
2.008747939281540218e-01
3.158910022968325904e-01
4.960472970538250537e-01
1.000000000000000000e+00
