0.000000000000000000e+00
4.338897436474249969e-01
4.769253431471666138e-01
4.817527879159886339e-01
4.851408716324657755e-01
4.877661721688682506e-01
4.914515933651557589e-01
4.941173469096636905e-01
4.968480561273682095e-01
5.002536642338677453e-01
5.013282136579927384e-01
5.026242839643764171e-01
5.032749949974818504e-01
5.050191440188083192e-01
5.067763051620675085e-01
5.085467407684274299e-01
5.091802946891457182e-01
5.100391472049418118e-01
5.111597637381675163e-01
5.120600661585074098e-01
5.131902843784819090e-01
5.147816983717992123e-01
5.156959048740431539e-01
5.165794699278647428e-01
5.175007071734110120e-01
5.195865293319397171e-01
5.209872212961215165e-01
5.221607782770494310e-01
5.242876830624868534e-01
5.254774527275971607e-01
5.261941163303376356e-01
5.269129311306556263e-01
5.281157653859324119e-01
5.293245810198394796e-01
5.300180536633287698e-01
5.309575498541678762e-01
5.328829766225817721e-01
5.338689596683903194e-01
5.353555421309750262e-01
5.373166997664704514e-01
5.382857880410597540e-01
5.382857880410597540e-01
5.402712909369455918e-01
5.423085799793944117e-01
5.435904838627061419e-01
5.461743869627982972e-01
5.478927740814271141e-01
5.502585142662110851e-01
5.521141582839371731e-01
5.547891987057923524e-01
5.577290987708595216e-01
5.599155025331991054e-01
5.610158138600217503e-01
5.618081366556131329e-01
5.637154094152014849e-01
5.648326155132432635e-01
5.661997802761546961e-01
5.689935038424127622e-01
5.698122706277384264e-01
5.717821904582450765e-01
5.746025678871717890e-01
5.760248767635967049e-01
5.789308298815247777e-01
5.813092149106062756e-01
5.830704161078527070e-01
5.857910514247059997e-01
5.860209147561069587e-01
5.877038333488223687e-01
5.898194049958022100e-01
5.919151961187149036e-01
5.946945958572000812e-01
5.965517614537005908e-01
5.981409717812067317e-01
5.998722660853011979e-01
6.010086230886068082e-01
6.029131675000480861e-01
6.038517192626823293e-01
6.048317209298603725e-01
6.057394213711378983e-01
6.070563740344943060e-01
6.073106350945192133e-01
6.075652634321793144e-01
6.088536733764574604e-01
6.113736176997913718e-01
6.125667978000857161e-01
6.151637654903441277e-01
6.208632323015957910e-01
6.377940491972327042e-01
6.387923098097035846e-01
6.390866041319651636e-01
6.394207218435290496e-01
6.405442241296028794e-01
6.409197917457105653e-01
6.413958884973957053e-01
6.414353970772963542e-01
6.415538703487648764e-01
6.416938031277756860e-01
6.427484670913664599e-01
6.435067904715850995e-01
6.437283113538437851e-01
6.454767103020917496e-01
6.465475869498648054e-01
6.475037155707550340e-01
6.497875528428895819e-01
6.500570296906584833e-01
6.502870504267601603e-01
6.515310197771791989e-01
6.529026968081802496e-01
6.544428493372704825e-01
6.544829350677408009e-01
6.547590753811768360e-01
6.555133587074083446e-01
6.558712445287929738e-01
6.569882407539002767e-01
6.570284314208377774e-01
6.572677915025203488e-01
6.573080346376913852e-01
6.576685438707560172e-01
6.587935677356041575e-01
6.595194132792245867e-01
6.598831755427724266e-01
6.602474624886561783e-01
6.608161656726450062e-01
6.608565137442833359e-01
6.615079593326591567e-01
6.622827577382282005e-01
6.626103693888257817e-01
6.634150222193131441e-01
6.640473693706586689e-01
6.643775519647024952e-01
6.650395961362655095e-01
6.654525211346963287e-01
6.664105386119961727e-01
6.667444464506256940e-01
6.669161749791979732e-01
6.685034964502944987e-01
6.698145726714876957e-01
6.700035632489143023e-01
6.712039839654454498e-01
6.739581464835691094e-01
6.793852506942039682e-01
6.937392477012847003e-01
7.006208762837746740e-01
7.105615078216035441e-01
7.198081945018406369e-01
7.223229969382818361e-01
7.242653709461485123e-01
7.250475673726551884e-01
7.268009508030951471e-01
7.288793224724526842e-01
7.320075834961433658e-01
7.339590869766564607e-01
7.357097420589492343e-01
7.394466345923982331e-01
7.423688003945086988e-01
7.432966486374885662e-01
7.435323359428190892e-01
7.464346687526287605e-01
7.481815461221024144e-01
7.495487633532473826e-01
7.509719117214099793e-01
7.539595578790529995e-01
7.611421442494717970e-01
7.632282812174020492e-01
7.669717847482846462e-01
7.710613687479919154e-01
7.752017419978237678e-01
7.800216838092409732e-01
7.847681700936184335e-01
7.893249312452987887e-01
7.909171322621200151e-01
7.937619598879042115e-01
7.978752595291985772e-01
8.002382188976017163e-01
8.064515071204967356e-01
8.092443911950171209e-01
8.104710984965818321e-01
8.141591955727829344e-01
8.222577723653879955e-01
8.282501693248276453e-01
8.299944232826212964e-01
8.325730270911197994e-01
8.382591145028034374e-01
8.477341429356671787e-01
8.604714362608355538e-01
8.699868652335711605e-01
8.760364525676346270e-01
8.830526097010746867e-01
8.875845009100287175e-01
8.993229040039230071e-01
9.073726853392802827e-01
9.150347264283344995e-01
9.184826239311154605e-01
9.367335940523584537e-01
9.628533301030390845e-01
9.715051319507210792e-01
9.753879911100448163e-01
9.822274352327206026e-01
9.941735075952030654e-01
1.000000000000000000e+00
