0.000000000000000000e+00
1.500075111379639201e-04
4.000200236376359655e-04
8.500424879264741442e-04
1.400069986320466803e-03
1.850092537925162109e-03
2.500125099529595246e-03
3.400169969896700041e-03
4.800240156316006035e-03
6.200310109893026646e-03
7.800389724206355929e-03
1.000049971778232613e-02
1.245062271864782674e-02
1.465073271222379868e-02
1.580079012419586051e-02
1.705085329790522256e-02
1.805090160158676418e-02
1.900095028419166235e-02
2.035101828826917786e-02
2.175108777616162684e-02
2.270113459602823500e-02
2.330116544097544928e-02
2.375118810900128663e-02
2.410120408392068397e-02
2.475123827542111826e-02
2.545127208799819948e-02
2.590129475602403683e-02
2.600129958639219377e-02
2.650132560097125112e-02
2.715135792973339887e-02
2.780139025849554663e-02
2.825141292652138397e-02
2.850142407107262785e-02
2.895144673909846519e-02
2.945147275367752254e-02
2.995149690551829683e-02
3.050152440391228764e-02
3.100155041849134846e-02
3.145157308651718581e-02
3.180158906143658315e-02
3.255162808330517438e-02
3.295164740477778825e-02
3.320166041206731866e-02
3.340167007280362560e-02
3.365168308009315601e-02
3.400169905501255335e-02
3.410170574811899336e-02
3.425171206230208376e-02
3.460173176269805417e-02
3.500175108417067499e-02
3.525176409146019846e-02
3.550177337327315580e-02
3.585179307366912621e-02
3.610180608095865662e-02
3.635181908824818703e-02
3.650182540243127743e-02
3.675183840972080090e-02
3.710185438464020519e-02
3.820190938142818682e-02
3.945197069239925886e-02
4.035201602845094049e-02
4.225211339366072988e-02
4.300214869005274804e-02
4.340217173700193498e-02
4.360218139773824886e-02
4.370218436536811579e-02
4.390219402610442273e-02
4.410220368684072967e-02
4.415220703339395314e-02
4.420221037994716967e-02
4.435221669413026008e-02
4.440222004068348355e-02
4.450222673378992355e-02
4.455222635486657395e-02
4.475223601560288089e-02
4.480223936215609742e-02
4.490224605526253743e-02
4.500224902289241130e-02
4.500224902289241130e-02
4.510225571599885130e-02
4.515225906255206784e-02
4.520225868362871824e-02
4.530226537673515824e-02
4.545227169091824865e-02
4.550227503747146518e-02
4.550227503747146518e-02
4.555227838402468865e-02
4.555227838402468865e-02
4.570228469820777906e-02
4.575228804476099559e-02
4.585229101239086252e-02
4.590229435894408599e-02
4.590229435894408599e-02
4.610230401968039293e-02
4.630231368041669987e-02
4.650232334115301375e-02
4.655232668770623028e-02
4.660233003425945375e-02
4.690234638810220069e-02
4.705235270228529110e-02
4.720235901646838150e-02
4.745237202375791191e-02
4.750237537031112844e-02
4.760237833794099538e-02
4.775238837760065885e-02
4.780239172415388232e-02
4.780239172415388232e-02
4.780239172415388232e-02
4.790239469178374926e-02
4.795239803833696579e-02
4.810240435252005620e-02
4.815240769907327967e-02
4.820241104562649620e-02
4.835241735980958661e-02
5.090254332830495415e-02
5.175258904327998538e-02
5.215260836475259926e-02
5.235261802548890619e-02
5.275263734696152701e-02
5.295264700769783395e-02
5.300265035425105742e-02
5.305265370080427395e-02
5.325266336154058783e-02
5.340266967572367129e-02
5.355267598990676170e-02
5.370268602956642517e-02
5.400269865793259905e-02
5.420271204414548599e-02
5.450272467251165986e-02
5.475273767980119027e-02
5.505275403364393721e-02
5.550277670166977456e-02
5.585279267658917191e-02
5.620280865150856925e-02
5.650282500535132313e-02
5.655282835190453966e-02
5.700285101993037701e-02
5.730286364829655782e-02
5.770288669524574476e-02
5.820290898434823251e-02
5.845292199163776292e-02
5.895294800621682374e-02
5.930296398113622108e-02
5.945297402079587762e-02
5.995299630989836537e-02
6.020300931718789578e-02
6.040301897792420271e-02
6.075303867832017313e-02
6.090304499250326353e-02
6.110305465323957047e-02
6.150307397471219129e-02
6.205310333584446864e-02
6.255312935042352251e-02
6.290314532534292680e-02
6.335316799336876414e-02
6.370318396828815455e-02
6.420320998286721537e-02
6.445321926468017271e-02
6.485324603710593272e-02
6.525326535857856047e-02
6.525326535857856047e-02
6.545327129383829434e-02
6.585329061531090822e-02
6.615331069463023517e-02
6.635331662988996904e-02
6.675333595136258291e-02
6.695334933757546292e-02
6.710335192628198719e-02
6.735336865904809067e-02
6.760337794086104801e-02
6.775338798052070455e-02
6.790339802018036108e-02
6.815340730199331842e-02
6.860342997001915577e-02
6.885343925183211311e-02
6.915345933115144006e-02
6.960348199917727741e-02
6.980348793443701128e-02
7.000350132064989128e-02
7.020350725590963903e-02
7.055353068178217557e-02
7.080353996359513291e-02
7.100355334980801292e-02
7.125356263162097026e-02
7.145357601783385026e-02
7.160357860654037454e-02
7.200359792801298842e-02
7.240361724948560229e-02
7.280364402191136231e-02
7.295364661061788658e-02
7.325365923898405351e-02
7.350367597175015699e-02
7.430371461469539862e-02
7.495375066893411597e-02
7.560377927221968719e-02
7.650382460827136188e-02
7.715386066251009312e-02
7.800390265200854434e-02
7.925396396297962331e-02
1.000000000000000000e+00
