0.000000000000000000e+00
0.000000000000000000e+00
0.000000000000000000e+00
0.000000000000000000e+00
0.000000000000000000e+00
0.000000000000000000e+00
0.000000000000000000e+00
1.425719988594240204e-04
1.425719988594240204e-04
1.425719988594240204e-04
1.425719988594240204e-04
1.425719988594240204e-04
1.425719988594240204e-04
1.425719988594240204e-04
1.425719988594240204e-04
1.425719988594240204e-04
1.425719988594240204e-04
1.425719988594240204e-04
1.425719988594240204e-04
1.425719988594240204e-04
1.425719988594240204e-04
1.425719988594240204e-04
1.425719988594240204e-04
1.425719988594240204e-04
2.851439977188480407e-04
2.851439977188480407e-04
2.851439977188480407e-04
2.851439977188480407e-04
2.851439977188480407e-04
2.851439977188480407e-04
2.851439977188480407e-04
2.851439977188480407e-04
2.851439977188480407e-04
2.851439977188480407e-04
2.851439977188480407e-04
2.851439977188480407e-04
2.851439977188480407e-04
2.851439977188480407e-04
2.851439977188480407e-04
4.277159965782720069e-04
4.277159965782720069e-04
4.277159965782720069e-04
4.277159965782720069e-04
4.277159965782720069e-04
4.277159965782720069e-04
4.277159965782720069e-04
4.277159965782720069e-04
4.277159965782720069e-04
4.277159965782720069e-04
4.277159965782720069e-04
4.277159965782720069e-04
4.277159965782720069e-04
4.277159965782720069e-04
4.277159965782720069e-04
4.277159965782720069e-04
5.702879954376960814e-04
5.702879954376960814e-04
5.702879954376960814e-04
5.702879954376960814e-04
5.702879954376960814e-04
5.702879954376960814e-04
5.702879954376960814e-04
5.702879954376960814e-04
5.702879954376960814e-04
5.702879954376960814e-04
5.702879954376960814e-04
5.702879954376960814e-04
5.702879954376960814e-04
5.702879954376960814e-04
7.128599942971200476e-04
7.128599942971200476e-04
7.128599942971200476e-04
7.128599942971200476e-04
7.128599942971200476e-04
7.128599942971200476e-04
7.128599942971200476e-04
8.554319931565440138e-04
8.554319931565440138e-04
8.554319931565440138e-04
8.554319931565440138e-04
8.554319931565440138e-04
8.554319931565440138e-04
8.554319931565440138e-04
8.554319931565440138e-04
8.554319931565440138e-04
8.554319931565440138e-04
8.554319931565440138e-04
9.980039920159679799e-04
9.980039920159679799e-04
9.980039920159679799e-04
9.980039920159679799e-04
9.980039920159679799e-04
9.980039920159679799e-04
9.980039920159679799e-04
9.980039920159679799e-04
9.980039920159679799e-04
9.980039920159679799e-04
1.140575990875392163e-03
1.140575990875392163e-03
1.140575990875392163e-03
1.140575990875392163e-03
1.140575990875392163e-03
1.140575990875392163e-03
1.140575990875392163e-03
1.283147989734816129e-03
1.283147989734816129e-03
1.283147989734816129e-03
1.425719988594240095e-03
1.425719988594240095e-03
1.425719988594240095e-03
1.425719988594240095e-03
1.425719988594240095e-03
1.425719988594240095e-03
1.425719988594240095e-03
1.568291987453664061e-03
1.568291987453664061e-03
1.710863986313088028e-03
1.710863986313088028e-03
1.710863986313088028e-03
1.853435985172512211e-03
1.853435985172512211e-03
1.853435985172512211e-03
1.853435985172512211e-03
1.853435985172512211e-03
1.996007984031935960e-03
1.996007984031935960e-03
2.138579982891360143e-03
2.138579982891360143e-03
2.281151981750784326e-03
2.423723980610208075e-03
3.421727972626176055e-03
3.706871970345024421e-03
4.277159965782720286e-03
4.562303963501568652e-03
7.128599942971200476e-03
7.556315939549472158e-03
8.269175933846592205e-03
8.411747932706017256e-03
9.837467921300257351e-03
1.012261191901910398e-02
1.012261191901910398e-02
1.040775591673795235e-02
1.097804391217564908e-02
1.097804391217564908e-02
1.112061591103507240e-02
1.154833190761334408e-02
1.197604790419161749e-02
1.211861990305104081e-02
1.297405189620758417e-02
1.325919589392643254e-02
1.382948388936412927e-02
1.568291987453664105e-02
1.967493584260051470e-02
2.024522383803820796e-02
2.110065583119475480e-02
2.152837182777302474e-02
2.323923581408611494e-02
2.323923581408611494e-02
2.352437981180496157e-02
2.437981180496150493e-02
2.452238380382092825e-02
2.480752780153977835e-02
2.480752780153977835e-02
2.666096378671228839e-02
2.694610778443113849e-02
2.765896777872825854e-02
2.780153977758768186e-02
2.894211576846307532e-02
3.022526375819788863e-02
3.378956372968348887e-02
3.550042771599657560e-02
3.749643570002851589e-02
3.820929569432563594e-02
3.877958368976332920e-02
4.020530367835756930e-02
4.277159965782720286e-02
4.990019960079840333e-02
5.175363558597091684e-02
5.774165953806672386e-02
7.869974337040205881e-02
1.214713430282292617e-01
1.340176789278585689e-01
1.392928428856572698e-01
1.692329626461362979e-01
2.041631023666951872e-01
2.164242942686056548e-01
5.052751639577987008e-01
5.104077559167379263e-01
5.143997718848017930e-01
5.337895637296834472e-01
5.460507556315939981e-01
5.530367835757057371e-01
5.828343313373253176e-01
6.026518391787852869e-01
6.072141431422868330e-01
6.636726546906187574e-01
7.412318220701453741e-01
8.398916452808667943e-01
9.230111206159110626e-01
1.000000000000000000e+00
