0.000000000000000000e+00
3.275429923801229798e-02
3.330536125471320746e-02
3.369241143309174152e-02
3.399401935394257696e-02
3.441993368966440869e-02
3.473186815199200833e-02
3.505094402883714155e-02
3.545116002180723203e-02
3.557796219279887873e-02
3.573123854084195306e-02
3.580833590594748733e-02
3.601543692695599597e-02
3.622476964000124339e-02
3.643636442413712012e-02
3.651438250826094523e-02
3.661954544547237067e-02
3.675421812827522894e-02
3.686261994000278319e-02
3.699895646021941070e-02
3.719141010354602012e-02
3.730221887108282203e-02
3.741167693914608516e-02
3.752371488994081516e-02
3.777808571882259464e-02
3.794945629874042770e-02
3.809336888763043688e-02
3.835498395244296005e-02
3.850177554090286614e-02
3.859035151468317992e-02
3.867930605821213313e-02
3.882841580216988414e-02
3.897860049726573767e-02
3.906719049214785189e-02
3.918658952138834306e-02
3.942953315230194461e-02
3.955310112247805571e-02
3.973981546146727190e-02
3.998924618881433829e-02
4.011402464744598384e-02
4.011402464744598384e-02
4.036791408516590685e-02
4.062695394094757023e-02
4.079043531425179114e-02
4.112111365283761810e-02
4.134913415773388418e-02
4.165424735403508438e-02
4.189448023860040810e-02
4.224219888957558844e-02
4.262876533994196943e-02
4.291573055681150578e-02
4.306057788582161316e-02
4.316757758736902012e-02
4.342223351198742920e-02
4.357031504181306525e-02
4.375449623507682295e-02
4.412960744527142515e-02
4.424172952267696468e-02
4.450854174255721579e-02
4.489370608274345642e-02
4.508867885069372389e-02
4.548583123292019442e-02
4.581023279159957690e-02
4.605403170972306726e-02
4.642796982106694309e-02
4.646509302493656568e-02
4.670838250969460564e-02
4.700424177880684756e-02
4.730125545196741527e-02
4.769229930750906038e-02
4.795560157823835351e-02
4.817919608866596398e-02
4.843771716368096975e-02
4.860993368340749132e-02
4.888308344130200267e-02
4.901950408812943971e-02
4.915917295687421279e-02
4.929455136846774138e-02
4.948294823967313433e-02
4.952519381940088256e-02
4.956751417833823309e-02
4.975538292137576812e-02
5.013012023552233104e-02
5.031441359760049914e-02
5.070004063414618178e-02
5.154498494460533348e-02
5.418376097733748620e-02
5.434484941593426682e-02
5.439599372160532770e-02
5.445000767944508518e-02
5.462102305811728647e-02
5.467825252197017899e-02
5.477357264571698636e-02
5.477635817127487344e-02
5.478470540054733440e-02
5.482555354379553547e-02
5.499331135314920044e-02
5.510943879196934791e-02
5.515647024111199059e-02
5.543811678669817444e-02
5.560960420913102498e-02
5.577364175280670466e-02
5.613038531964141542e-02
5.618218861709714518e-02
5.623124377859979595e-02
5.645141246648725103e-02
5.668203622261798469e-02
5.692612958387930494e-02
5.692901793085040213e-02
5.698241028651029882e-02
5.710401530243421064e-02
5.716355824808434100e-02
5.734584191890429450e-02
5.734875363437839935e-02
5.740006619327107928e-02
5.740297790874517719e-02
5.746314713027576848e-02
5.764733299724012633e-02
5.776881649694842746e-02
5.782975220537749789e-02
5.789081410372277914e-02
5.800156678685237932e-02
5.800451121823067824e-02
5.812163415527873273e-02
5.824811384092894867e-02
5.830712398471062097e-02
5.855332518494275884e-02
5.861297562570669945e-02
5.873266442438441343e-02
5.879866175056380762e-02
5.897658018502291433e-02
5.903714199740394547e-02
5.908585130506215782e-02
5.934792906623412995e-02
5.959114844548316081e-02
5.967874761583797510e-02
5.991591455280938228e-02
6.042108550331416750e-02
6.140528272316465169e-02
6.405359777882238537e-02
6.537348354430241870e-02
6.730572223615806371e-02
6.911804311800656686e-02
6.967511551367969180e-02
7.008937364010392468e-02
7.030843933464966944e-02
7.071327060696272482e-02
7.114872396561014445e-02
7.178338913865245363e-02
7.221835175873682344e-02
7.264075147160709012e-02
7.340388265305482218e-02
7.405202210492832504e-02
7.430506560283955952e-02
7.444214056775107224e-02
7.510377299325815548e-02
7.555417284642590436e-02
7.591524426001666770e-02
7.634615010797980716e-02
7.710690704952249952e-02
7.870755603117521315e-02
7.936007006681077003e-02
8.030873781469639872e-02
8.137889373599092868e-02
8.255167477507081852e-02
8.374080441885117798e-02
8.495093767313012523e-02
8.609131127224627089e-02
8.664737882229030241e-02
8.766390870289490767e-02
8.940074932004564434e-02
9.116990390314810844e-02
9.249732834769670842e-02
9.256738711969791922e-02
9.392642447510818338e-02
9.615283523015930034e-02
9.814235479657443251e-02
9.909198532678376026e-02
1.003779914366109000e-01
1.023865983962784082e-01
1.057742461499262265e-01
1.110242140344464973e-01
1.169745079117452402e-01
1.210565086688041164e-01
1.253488259528846294e-01
1.320451359200321417e-01
1.385426827480424061e-01
1.521847193885826899e-01
1.745105104396190432e-01
2.038845504604202830e-01
2.326660587190925722e-01
2.674945503730863372e-01
3.242081685432995353e-01
3.761461433555340350e-01
4.269056726035608262e-01
4.649888171869151487e-01
5.555790437572233342e-01
6.966412361250119423e-01
8.303715887179996535e-01
1.000000000000000000e+00
