0.000000000000000000e+00
2.804143853153294730e-01
2.834695698279177667e-01
2.856162066353533091e-01
2.872816575364147140e-01
2.896226965733854075e-01
2.913193002971022350e-01
2.930582040073286820e-01
2.952297199920621007e-01
2.959155398242626633e-01
2.967431494266477010e-01
2.971588524767574402e-01
2.982736227132133378e-01
2.993976284018480261e-01
3.005309233936945268e-01
3.009377410233407546e-01
3.014890409748270383e-01
3.022073060544777090e-01
3.027846429804737505e-01
3.035096932902965894e-01
3.045312473884352333e-01
3.051183852024577092e-01
3.056871867397054632e-01
3.062793326998073384e-01
3.076209234877319010e-01
3.085225513351296800e-01
3.092783775103761235e-01
3.106492363347971852e-01
3.114166674076793151e-01
3.118791131545304296e-01
3.123431205813418376e-01
3.131198409574358354e-01
3.139008694161787849e-01
3.143503101385333176e-01
3.149589883658006628e-01
3.162060436650967477e-01
3.168444745881585645e-01
3.178075464643373982e-01
3.190802887064279614e-01
3.197102650172912175e-01
3.197102650172912175e-01
3.210005626961763836e-01
3.223244903452401333e-01
3.231581581888502974e-01
3.248400336550109069e-01
3.259635008333144346e-01
3.275064406340455481e-01
3.287178734749379161e-01
3.304660934138927697e-01
3.323912678476543814e-01
3.338237861049889177e-01
3.345452553211097912e-01
3.350663717685366527e-01
3.363197007131902838e-01
3.370535825924435014e-01
3.379535949088479652e-01
3.397930923489280164e-01
3.403336490193084041e-01
3.416331552248557668e-01
3.434967240767369812e-01
3.444375016252073651e-01
3.463601450604126830e-01
3.479346415665475756e-01
3.491032089850825693e-01
3.509080802108714980e-01
3.510636558455326739e-01
3.521875269065845582e-01
3.535955698693695748e-01
3.549935426889626044e-01
3.568472568017843072e-01
3.580878230515903704e-01
3.591490115100996472e-01
3.603140247604492141e-01
3.610804865147353437e-01
3.623569175525941377e-01
3.629872438951725622e-01
3.636440110950091009e-01
3.642559203842631876e-01
3.651394542845352587e-01
3.653133931214876950e-01
3.654876012136057395e-01
3.663545489956792633e-01
3.680552184723960285e-01
3.688648149042050295e-01
3.706191738609346809e-01
3.744735615559413033e-01
3.860390940864181220e-01
3.867261794178968315e-01
3.869309748968225993e-01
3.871610803613110829e-01
3.879287806893587653e-01
3.881854885642047059e-01
3.885244269666129902e-01
3.885495215480432862e-01
3.886248052923341190e-01
3.887320226992605487e-01
3.894574499663151501e-01
3.899765739255168784e-01
3.901360268345621662e-01
3.913416976149114990e-01
3.920798875768137237e-01
3.927457017502131165e-01
3.943160517267983445e-01
3.945072228943466985e-01
3.946733533314978892e-01
3.955447707493197074e-01
3.964988495029687643e-01
3.975617611945376217e-01
3.975873404352659457e-01
3.977837351530261745e-01
3.983057670680159590e-01
3.985546126920274657e-01
3.993293675054128689e-01
3.993550544482074027e-01
3.995284547748287340e-01
3.995541955686564006e-01
3.998050875319261732e-01
4.005862506182519267e-01
4.010919656702087166e-01
4.013454963341009929e-01
4.015994039552250872e-01
4.020052253407587206e-01
4.020310738366525971e-01
4.024901538939342216e-01
4.030285565229901334e-01
4.032595774550414847e-01
4.042656763066769798e-01
4.044987974290197297e-01
4.049663320984999704e-01
4.052527657436238440e-01
4.059324734835662030e-01
4.061685564127301418e-01
4.063006529969543923e-01
4.074077225356752541e-01
4.083388607492185463e-01
4.085051527394690241e-01
4.093670385244300158e-01
4.113222079836351130e-01
4.151735800207874139e-01
4.254247703860944974e-01
4.303901587452391708e-01
4.376018890996266619e-01
4.443443077004412545e-01
4.462236549050243584e-01
4.476661625290012103e-01
4.482813567312751157e-01
4.496051228272395783e-01
4.511466086500766637e-01
4.534555255457958789e-01
4.549229123470705516e-01
4.562614874771408480e-01
4.590308845570025831e-01
4.612333379602589489e-01
4.619645272878565856e-01
4.621985100267291813e-01
4.644019327485815474e-01
4.657641484821881117e-01
4.668368610617834036e-01
4.679908887013781160e-01
4.703201612876137250e-01
4.757789866631656484e-01
4.774944651739883028e-01
4.804267616290144871e-01
4.836590083384756933e-01
4.869989571141613571e-01
4.907745068966917201e-01
4.945276007984142908e-01
4.981235035344822593e-01
4.994915890306980133e-01
5.019551122424824596e-01
5.071727388407246684e-01
5.122665080628089340e-01
5.149890008928299512e-01
5.157002114871429566e-01
5.190083343022592333e-01
5.256428892837501365e-01
5.308165195879397391e-01
5.325945729992387356e-01
5.351417268654463655e-01
5.401703901884978842e-01
5.486166554769829062e-01
5.605654996611524332e-01
5.749463642027357047e-01
5.825450142300345746e-01
5.887499995203892000e-01
6.015174332588975048e-01
6.118384684141511265e-01
6.276523089468503125e-01
6.601488764315144309e-01
7.024406775841244288e-01
7.357785597591006699e-01
7.709745179805805870e-01
8.352966152262975008e-01
8.396430398108504223e-01
8.785646279071657183e-01
8.959279242156026335e-01
9.071002903533271766e-01
9.357503323938189954e-01
9.794169504217838940e-01
1.000000000000000000e+00
