0.000000000000000000e+00
6.763066660370715445e-03
6.879959763731003514e-03
6.962125083040201015e-03
7.026188635478800709e-03
7.116709454509964096e-03
7.183046282495555816e-03
7.250937305337502511e-03
7.336142374838939759e-03
7.363150391869559101e-03
7.395803737079781164e-03
7.412231462312251010e-03
7.456371576797305931e-03
7.501001428813332261e-03
7.546129734489914580e-03
7.562773183929574761e-03
7.585210680509856147e-03
7.613950483537094450e-03
7.637087994274548847e-03
7.666194419502392332e-03
7.707292060004712272e-03
7.730960165130561397e-03
7.754344996044946862e-03
7.778284390704081827e-03
7.832654517529650737e-03
7.869295492024317232e-03
7.900074324615990323e-03
7.956045495494425135e-03
7.987460605545693496e-03
8.006420911180265124e-03
8.025465109562075414e-03
8.057393926500670822e-03
8.089560802728514716e-03
8.108539085380350037e-03
8.134122015224070842e-03
8.186191083839600841e-03
8.212683214950498509e-03
8.252722390466524227e-03
8.306231254737625816e-03
8.333007204818084282e-03
8.333007204818084282e-03
8.387505894555009889e-03
8.443134412589193422e-03
8.478253877713443423e-03
8.549319205998074170e-03
8.598346345388968928e-03
8.663976622120199422e-03
8.715674165712231775e-03
8.790540271253361251e-03
8.873820710391144492e-03
8.935677992528926611e-03
8.966911153375139998e-03
8.989989285479806774e-03
9.044928139760696761e-03
9.076886918394736284e-03
9.116646633005990458e-03
9.197660878452069630e-03
9.221886271113161754e-03
9.279551094921288310e-03
9.362842429221050755e-03
9.405023048824118562e-03
9.490989145389813059e-03
9.561249865962269737e-03
9.614078327367759497e-03
9.695147048623734692e-03
9.703198573326477991e-03
9.755973648438269474e-03
9.820181017014996058e-03
9.884670570286989422e-03
9.969624506304801750e-03
1.002685788169854417e-02
1.007548081058000367e-02
1.013171945768503134e-02
1.016919772537781125e-02
1.022866242994492636e-02
1.025837135763022802e-02
1.028879500794137487e-02
1.031829147996807944e-02
1.035934880837107580e-02
1.036855739927602590e-02
1.037778342244014169e-02
1.041874596293391846e-02
1.050048909471641527e-02
1.054070858516320021e-02
1.062490639693964428e-02
1.080958157152208700e-02
1.138800354197357957e-02
1.142339647566350917e-02
1.143463483524521235e-02
1.144650620373791582e-02
1.148409669159908275e-02
1.149667951416903817e-02
1.151763853726872101e-02
1.151825084537196064e-02
1.152008668016548179e-02
1.152906974121745837e-02
1.156596729677673852e-02
1.159151645161832223e-02
1.160186467646631345e-02
1.166385379006404377e-02
1.170161097390349375e-02
1.173773824151083320e-02
1.181634138761088020e-02
1.182775842784904510e-02
1.183857187611355409e-02
1.188711309128016869e-02
1.193798042352937558e-02
1.199183956725811268e-02
1.199247693423390396e-02
1.200426005191457604e-02
1.203110355199930696e-02
1.204424856492739698e-02
1.208449965134392179e-02
1.208514137638450579e-02
1.209647452387542857e-02
1.209711733843221032e-02
1.211040834653082446e-02
1.215109959749131538e-02
1.217794527660844180e-02
1.219141278633112217e-02
1.220491080250734293e-02
1.222939441050734620e-02
1.223004485167751391e-02
1.225594265170243738e-02
1.228391489056823022e-02
1.229696729461949613e-02
1.235143983596767060e-02
1.236464041422185613e-02
1.239113309009085180e-02
1.240574241278896706e-02
1.244513713947391527e-02
1.245854908387050014e-02
1.246933747326245574e-02
1.252739888096662986e-02
1.258130487389187702e-02
1.260072658963627343e-02
1.265331971554300994e-02
1.276541458956759016e-02
1.298407831146082374e-02
1.357426269878522600e-02
1.386938757793336648e-02
1.430261953033179316e-02
1.471025112062733335e-02
1.483580043018021752e-02
1.492924060786374879e-02
1.497867849486126356e-02
1.507008890386804176e-02
1.516848420121978333e-02
1.531202360223297629e-02
1.541048536007279257e-02
1.550617320967266448e-02
1.567922215690693843e-02
1.582637221460008944e-02
1.588386489484893901e-02
1.591502070004510022e-02
1.606550031923914199e-02
1.616803359911064136e-02
1.625028989302236548e-02
1.634852067342821777e-02
1.652212200537484660e-02
1.688811555513388893e-02
1.703760044603921595e-02
1.725523130657680496e-02
1.750115472374238340e-02
1.777117932872248479e-02
1.804552168639500867e-02
1.832528547666845836e-02
1.858945175305226280e-02
1.871845047088781244e-02
1.895459003259592629e-02
1.935901190817234871e-02
1.977220438914215062e-02
2.008305861363988282e-02
2.009948415983995804e-02
2.041851629291939474e-02
2.094278712930110198e-02
2.141298527677927901e-02
2.163799216197689196e-02
2.194329203289754893e-02
2.242150466152773719e-02
2.323183887083935667e-02
2.449715286537639328e-02
2.594541406180594575e-02
2.694776024777690085e-02
2.800958530202554697e-02
2.968236528039603500e-02
3.132473032458495815e-02
3.483614951117003367e-02
4.077462945608584244e-02
4.897339573588201100e-02
5.746525058905237876e-02
6.840539651318644498e-02
8.797828045101351024e-02
1.081274356543173443e-01
1.302713555579675109e-01
1.487613954950553485e-01
2.008748030617758529e-01
3.158910012259454336e-01
4.960472984258299523e-01
1.000000000000000000e+00
