0.000000000000000000e+00
1.576328909460303698e-02
2.648160410933883893e-02
3.467818371913505143e-02
4.602787212884827672e-02
5.422445173864448575e-02
6.242103134844069479e-02
7.250947623818711218e-02
7.566183340311011252e-02
7.944481232801652026e-02
8.133667760796672863e-02
8.638090005283993733e-02
9.142512249771314603e-02
9.646934494258635473e-02
9.836045858754255411e-02
1.008829456274761699e-01
1.040353027923991702e-01
1.065570381973387631e-01
1.097101469972557863e-01
1.141237476821455876e-01
1.166454830870851805e-01
1.191679701270187963e-01
1.216897055319583892e-01
1.273645497368150192e-01
1.311475286617214131e-01
1.342998858266443996e-01
1.399747300315010157e-01
1.431270871964240299e-01
1.450189524763742244e-01
1.469108177563244466e-01
1.500631749212474331e-01
1.532155320861704473e-01
1.551073973661206418e-01
1.576291327710602486e-01
1.626733552159334573e-01
1.651958422558670869e-01
1.689788211807734808e-01
1.740230436256466895e-01
1.765447790305862963e-01
1.765447790305862963e-01
1.815890014754595050e-01
1.866332239203327137e-01
1.897855810852557001e-01
1.960910470500957237e-01
2.005046477349855250e-01
2.061787403048481182e-01
2.105930926247319424e-01
2.168978069545779430e-01
2.238338946794013740e-01
2.288773654892805598e-01
2.313998525292141617e-01
2.332909661741703611e-01
2.377053184940541852e-01
2.402270538989937920e-01
2.433794110639167785e-01
2.496848770287568020e-01
2.515759906737130014e-01
2.559895913586027749e-01
2.622950573234428262e-01
2.654474144883658404e-01
2.717528804532058362e-01
2.767971028980790726e-01
2.805800818229854388e-01
2.862549260278420826e-01
2.868855477878254900e-01
2.906685267127318562e-01
2.950821273976216852e-01
2.994957280825114587e-01
3.051705722873681026e-01
3.089535512122745242e-01
3.121059083771974829e-01
3.158888873021039045e-01
3.184113743420375342e-01
3.221943532669439003e-01
3.240854669119000997e-01
3.259773321918503219e-01
3.278691974718005442e-01
3.303909328767401510e-01
3.310215546367235584e-01
3.316521763967069103e-01
3.341739118016465171e-01
3.392181342465197535e-01
3.417406212864533832e-01
3.467840920963325413e-01
3.575031587460623661e-01
3.896596070602578177e-01
3.915514723402080399e-01
3.921813424651974245e-01
3.928119642251808319e-01
3.947038295051310541e-01
3.953344512651144615e-01
3.965949431500872535e-01
3.965949431500872535e-01
3.965949431500872535e-01
3.972255649100706054e-01
3.991174301900208277e-01
4.003786737099876425e-01
4.010085438349770270e-01
4.041616526348940641e-01
4.060527662798502635e-01
4.079446315598004302e-01
4.117276104847068519e-01
4.123582322446902593e-01
4.129888540046736667e-01
4.155105894096132735e-01
4.180330764495469031e-01
4.205548118544864544e-01
4.205548118544864544e-01
4.211854336144698618e-01
4.224466771344366767e-01
4.230772988944200841e-01
4.249684125393762835e-01
4.249684125393762835e-01
4.255990342993596909e-01
4.255990342993596909e-01
4.262296560593430983e-01
4.281207697042992977e-01
4.293820132242661125e-01
4.300126349842494644e-01
4.306432567442328718e-01
4.319045002641996867e-01
4.319045002641996867e-01
4.331649921491724786e-01
4.344262356691392934e-01
4.350568574291227009e-01
4.375785928340623077e-01
4.382092145940457151e-01
4.394704581140125299e-01
4.401010798739959373e-01
4.419921935189520812e-01
4.426228152789354886e-01
4.432534370389188960e-01
4.457759240788525257e-01
4.482976594837921325e-01
4.495589030037589473e-01
4.520806384086984986e-01
4.571248608535717350e-01
4.665826839833347450e-01
4.905425526877340014e-01
5.018914894624532108e-01
5.176547785570562166e-01
5.315262023717091111e-01
5.359398030565988291e-01
5.390921602215218433e-01
5.409840255014720656e-01
5.441363826663950798e-01
5.472887398313180940e-01
5.517023405162079230e-01
5.548554493161248491e-01
5.580078064810478633e-01
5.630520289259210998e-01
5.674656296108109288e-01
5.693567432557671282e-01
5.706179867757339430e-01
5.750315874606237720e-01
5.781839446255466752e-01
5.807064316654803049e-01
5.838587888304033191e-01
5.889030112752765556e-01
5.983608344050395100e-01
6.027744350899293391e-01
6.084492792947859829e-01
6.147539936246320114e-01
6.216900813494553590e-01
6.279947956793013875e-01
6.343002616441414387e-01
6.399751058489980826e-01
6.431274630139209858e-01
6.488023072187776297e-01
6.569988868285738803e-01
6.651954664383700200e-01
6.715009324032100713e-01
6.727614242881828632e-01
6.784362684930395071e-01
6.872634698628190542e-01
6.954600494726153048e-01
6.998736501575051339e-01
7.055484943623617777e-01
7.131152038471685328e-01
7.250947623818712051e-01
7.427491651214304103e-01
7.597729461010062080e-01
7.717532562707027921e-01
7.843634365653888718e-01
8.001259740249978547e-01
8.146280195996341567e-01
8.423708672289397237e-01
8.732660720231684159e-01
9.010089196524740940e-01
9.211858094319669288e-01
9.388402121715261339e-01
9.564946149110853391e-01
9.678435516858044929e-01
9.760408829305947664e-01
9.817149755004573874e-01
9.886510632252808461e-01
9.943251557951433561e-01
9.974782645950603932e-01
9.993693782400165926e-01
1.000000000000000000e+00
