0.000000000000000000e+00
6.763066704918116803e-03
6.879959690038714264e-03
6.962124786230095876e-03
7.026188842808283284e-03
7.116709389409826142e-03
7.183046491017369348e-03
7.250937449130510394e-03
7.336142286247003021e-03
7.363149861785514734e-03
7.395803505765112355e-03
7.412231555001394696e-03
7.456371750647025273e-03
7.501001637665539491e-03
7.546129986648691078e-03
7.562772915382925433e-03
7.585210281735403452e-03
7.613950049145161436e-03
7.637088331955244752e-03
7.666194271570695926e-03
7.707291802760632068e-03
7.730959975489133836e-03
7.754345296633598054e-03
7.778284626823801957e-03
7.832654255984181427e-03
7.869295595680874528e-03
7.900074525673237563e-03
7.956045518711211267e-03
7.987460316605677485e-03
8.006420874210681479e-03
8.025464752437339380e-03
8.057394091714655676e-03
8.089560967851953943e-03
8.108539066640463658e-03
8.134122151901734821e-03
8.186190962492206902e-03
8.212683265765220730e-03
8.252722478883612114e-03
8.306231128286890517e-03
8.333007014026590567e-03
8.333007014026590567e-03
8.387505278532682990e-03
8.443134218492284737e-03
8.478253860519806284e-03
8.549319041964939872e-03
8.598345918982364458e-03
8.663976257071132059e-03
8.715674510160033653e-03
8.790539550482217093e-03
8.873820704474186596e-03
8.935677495461164660e-03
8.966911034459399896e-03
8.989988654009857527e-03
9.044928371634191125e-03
9.076886946217352023e-03
9.116646962164933615e-03
9.197660918188715895e-03
9.221886023493542500e-03
9.279551202505165880e-03
9.362841857971534315e-03
9.405023288125629460e-03
9.490988974076706997e-03
9.561249453728489639e-03
9.614078382270900558e-03
9.695147154493138214e-03
9.703198557722524098e-03
9.755973400949123978e-03
9.820180710525944906e-03
9.884670140804159913e-03
9.969624285173041278e-03
1.002685751254082241e-02
1.007548021145495548e-02
1.013171943842404617e-02
1.016919763875051737e-02
1.022866298171947429e-02
1.025837189951795368e-02
1.028879562054431374e-02
1.031829112061013499e-02
1.035934918413718153e-02
1.036855757459533532e-02
1.037778350623699483e-02
1.041874509325475817e-02
1.050048920104198862e-02
1.054070894217396491e-02
1.062490662300413780e-02
1.080958166472360815e-02
1.138800292172603527e-02
1.142339591386319804e-02
1.143463542719485096e-02
1.144650569225008283e-02
1.148409644850405427e-02
1.149667932413923031e-02
1.151763811489865674e-02
1.151825059455608563e-02
1.152008730264572275e-02
1.152906985036623345e-02
1.156596772987170639e-02
1.159151646364861218e-02
1.160186503103467423e-02
1.166385338089795040e-02
1.170161150927787747e-02
1.173773757670907268e-02
1.181634108176603248e-02
1.182775893046333383e-02
1.183857160832966528e-02
1.188711391015272872e-02
1.193798041879037299e-02
1.199183916098113187e-02
1.199247649064852719e-02
1.200425978066887479e-02
1.203110363849466125e-02
1.204424783200203769e-02
1.208449900108779507e-02
1.208514217781635897e-02
1.209647524412671253e-02
1.209711842085527643e-02
1.211040732912658027e-02
1.215109995133057882e-02
1.217794527092165742e-02
1.219141251455860969e-02
1.220491045526669524e-02
1.222939502391088770e-02
1.223004550946591232e-02
1.225594214338235864e-02
1.228391448401371620e-02
1.229696658630768588e-02
1.235143926992116406e-02
1.236464047227493583e-02
1.239113204466530532e-02
1.240574238876074840e-02
1.244513696338528375e-02
1.245854865994113110e-02
1.246933794956278825e-02
1.252739926696859463e-02
1.258130478564870383e-02
1.260072579932074686e-02
1.265331865276846969e-02
1.276541412420009736e-02
1.298407813249358340e-02
1.357426294568491246e-02
1.386938751111700674e-02
1.430261966135525781e-02
1.471025045426608419e-02
1.483580001344703483e-02
1.492924043621972861e-02
1.497867880016690370e-02
1.507008883094874442e-02
1.516848463806196208e-02
1.531202268092860842e-02
1.541048572924526815e-02
1.550617288527205914e-02
1.567922250762273859e-02
1.582637111076109701e-02
1.588386526323353268e-02
1.591501986690599044e-02
1.606549983314524768e-02
1.616803389780065853e-02
1.625029035432280083e-02
1.634852098195800282e-02
1.652212168982384113e-02
1.688811556015191312e-02
1.703760006422718951e-02
1.725523206622438938e-02
1.750115361192134886e-02
1.777117820552123750e-02
1.804552231555955205e-02
1.832528518953601554e-02
1.858945102784480621e-02
1.871844889135003409e-02
1.895458976547694657e-02
1.935901198357141764e-02
1.977220479341902995e-02
2.008305795339508995e-02
2.009948527174872795e-02
2.041851554676930511e-02
2.094278643940518034e-02
2.141298517211763855e-02
2.163799178001393764e-02
2.194329169364496804e-02
2.242150382368921294e-02
2.323183779871089427e-02
2.449715352975332869e-02
2.594541503417457234e-02
2.694775918915193538e-02
2.800958549739911499e-02
2.968236538010906797e-02
3.132472885061911988e-02
3.483614927668270828e-02
4.077462924681830858e-02
4.897339595883988539e-02
5.746525245900683393e-02
6.840539625881897345e-02
8.797828149765939132e-02
1.081274355441094737e-01
1.302713554377109006e-01
1.487614000304635919e-01
2.008748061564694376e-01
3.158910132772402846e-01
4.960473174901465221e-01
1.000000000000000000e+00
