0.000000000000000000e+00
8.245746118421864307e-03
1.418751580416560513e-02
2.388614862413928827e-02
2.458003765545779817e-02
4.853130052021875640e-02
6.233931748926770100e-02
8.499488314887089502e-02
8.910427289965303088e-02
1.019960971003677497e-01
1.671491127369666985e-01
1.915449718723453709e-01
2.123030377546584191e-01
2.160329230686170443e-01
2.362543006194193773e-01
2.392251994665584303e-01
2.591321644143314562e-01
2.826388310084746447e-01
2.903478775919720589e-01
2.953083458704667819e-01
2.973630295424441461e-01
3.364831096186197135e-01
3.419802662286251516e-01
3.627383545177656488e-01
4.075127975054613216e-01
4.159808305557783359e-01
4.246060699076099620e-01
4.308622353912624492e-01
4.476411400040367083e-01
4.533606171561784248e-01
4.649567329483216827e-01
4.955436657335586248e-01
5.419932879564081096e-01
5.779202158637907205e-01
5.846479554383322563e-01
5.874616255771291096e-01
5.942544793922923674e-01
6.010473332074555142e-01
6.019635483826172306e-01
6.034164070756347087e-01
6.073034986911080013e-01
6.078401870226186610e-01
6.117272786380919536e-01
6.119495991802282875e-01
6.131801821447643297e-01
6.135596641747604885e-01
6.153920497114289123e-01
6.157715765550798581e-01
6.166877469165866765e-01
6.170672289465827243e-01
6.179834441217444407e-01
6.179834441217444407e-01
6.188996592969061572e-01
6.205748385320599692e-01
6.224072240687283930e-01
6.233233944302352114e-01
6.237029212738861572e-01
6.237680355145078792e-01
6.242396096053969279e-01
6.255353068105546921e-01
6.255353068105546921e-01
6.264514771720613995e-01
6.268310040157124563e-01
6.273676923472231159e-01
6.273676923472231159e-01
6.277471743772191637e-01
6.286633895523808802e-01
6.295795599138876986e-01
6.295795599138876986e-01
6.314119454505561224e-01
6.317914722942070682e-01
6.317914722942070682e-01
6.345400281923823105e-01
6.349195550360333673e-01
6.362152522411911315e-01
6.371314226026978389e-01
6.371314226026978389e-01
6.371314226026978389e-01
6.393433349830173196e-01
6.402595053445241380e-01
6.402595053445241380e-01
6.406390321881750838e-01
6.406390321881750838e-01
6.411757205196858544e-01
6.412408347603074654e-01
6.424714177248436187e-01
6.424714177248436187e-01
6.424714177248436187e-01
6.433875880863503260e-01
6.433875880863503260e-01
6.437671149300012718e-01
6.454422941651550838e-01
6.455995004666698067e-01
6.459789824966658545e-01
6.465156708281765141e-01
6.465156708281765141e-01
6.468951528581726729e-01
6.468951528581726729e-01
6.468951528581726729e-01
6.478113680333342783e-01
6.478113680333342783e-01
6.487275832084959948e-01
6.494865472684880903e-01
6.500232355999988609e-01
6.500232355999988609e-01
6.505599687451645297e-01
6.540675335169867655e-01
6.557427127521405774e-01
6.562794010836513481e-01
6.574179368009493984e-01
6.574179368009493984e-01
6.584913134639708288e-01
6.584913134639708288e-01
6.597870106691284819e-01
6.607031810306353004e-01
6.607031810306353004e-01
6.619988782357930646e-01
6.629150934109547810e-01
6.638312637724614884e-01
6.638312637724614884e-01
6.638312637724614884e-01
6.642107906161125452e-01
6.669593465142877875e-01
6.686345257494415995e-01
6.713831264612717398e-01
6.748906912330940866e-01
6.767230767697625105e-01
6.771026036134134563e-01
6.785554623064309343e-01
6.793144711800780389e-01
6.802306863552397553e-01
6.851911546337344783e-01
6.855706366637305260e-01
6.863947597779992416e-01
6.877825490440500067e-01
6.894577282792038186e-01
6.896149345807184305e-01
6.905311049422252490e-01
6.918268021473830132e-01
6.918268021473830132e-01
6.949548848892092012e-01
6.958711000643709177e-01
6.971667972695286819e-01
6.975462792995247296e-01
7.092075093322895984e-01
7.141028633701625994e-01
7.487992083130091681e-01
7.493358966445199387e-01
7.504092733075413690e-01
7.920555887397557893e-01
7.957203598130927480e-01
7.990708079107102790e-01
7.995423371879444296e-01
8.124341501852453407e-01
8.144888562640502094e-01
8.272235525871463047e-01
8.321839760519861295e-01
8.342386821307908873e-01
8.415682242774648048e-01
8.592633440654007249e-01
8.789480108778648937e-01
8.852041763615173808e-01
8.875732950433514734e-01
8.923765122066766864e-01
9.006873837691339313e-01
9.058701725897648771e-01
9.148749387852476156e-01
9.194558802200912817e-01
9.758264389999301569e-01
9.804073804347739340e-01
9.888754582987457908e-01
1.000000000000000000e+00
