0.000000000000000000e+00
2.936561210411894364e-04
1.113524846105033543e-03
1.686260898370910187e-03
1.838214349971285366e-03
2.029469699639815158e-03
2.588899698518218502e-03
3.116448983703085096e-03
3.632196705120283205e-03
3.671081975293722603e-03
3.671796607863130665e-03
3.951284487234726743e-03
4.317668215147177184e-03
5.043121536820406939e-03
5.405946568132163725e-03
5.751148818147311381e-03
5.868658137201942203e-03
5.895825747836510970e-03
6.092543552124642624e-03
6.404247762104962535e-03
6.505077499124632852e-03
6.528929446097090847e-03
6.976136092335064910e-03
8.046473406603868797e-03
8.129940754761127292e-03
8.167995662394404027e-03
8.662396990705974881e-03
9.290480901485088233e-03
1.044390654825693050e-02
1.121238248655806458e-02
1.170966259789214814e-02
1.233299000687326091e-02
1.237445026889598398e-02
1.283363207385775605e-02
1.292279622982539511e-02
1.297402410137977850e-02
1.334471877070282642e-02
1.348553321261810115e-02
1.390368295644894316e-02
1.554688651920072169e-02
1.642733120420662718e-02
1.668440218824311996e-02
1.704329818704776803e-02
1.711537481283353576e-02
1.780185028035672148e-02
1.811993410497487328e-02
1.831830684784479038e-02
1.905797180992664652e-02
1.925367119047214151e-02
1.936800082858029792e-02
1.967316340196373359e-02
1.997238324134893370e-02
2.022365036735209939e-02
2.177355821418031079e-02
2.211516415535427077e-02
2.212502434886253269e-02
2.261769840736059869e-02
2.382396925202811405e-02
2.408492297658341302e-02
2.576688450654079920e-02
2.588267812877900059e-02
2.656963387568081827e-02
2.705012735475699134e-02
2.825447129541144853e-02
2.977712473412702857e-02
3.368207383432100799e-02
3.371874287555450683e-02
3.459937272851361378e-02
3.471085540934121944e-02
3.597566247321624944e-02
3.599614667803976292e-02
3.886033615124045992e-02
3.910465369249983142e-02
3.917230943340278826e-02
3.994409524886749496e-02
4.008847996038054223e-02
4.131012553166276552e-02
4.139574256402678287e-02
4.530065115873099790e-02
4.628930915289069387e-02
4.631023313160306798e-02
4.649813231211972347e-02
4.739582076276802058e-02
5.137671186977096210e-02
5.310340303342488133e-02
5.622487180460943035e-02
5.697393404031653869e-02
6.193311952259813319e-02
6.254307433345858425e-02
6.265015927539752116e-02
6.406977253465202804e-02
6.617987709141488761e-02
6.702006510609391510e-02
7.111144361617596776e-02
7.236821323358212654e-02
7.618939698094415180e-02
7.914985064381827029e-02
8.193159408585361236e-02
8.449333485348507755e-02
1.068365912081989666e-01
1.102458804166494138e-01
1.499563168545640091e-01
1.510262867261756847e-01
1.527683468299457503e-01
1.633639695833630223e-01
1.704795111052194168e-01
1.739555996527892556e-01
1.979955383897404886e-01
1.990475006779027778e-01
2.027741677581497703e-01
2.030939759593321514e-01
2.042672695488332579e-01
2.065191664657642645e-01
2.129058869237984986e-01
2.137669641981986557e-01
2.167301838073737996e-01
2.171322991637566480e-01
2.178694296394789731e-01
2.182211561665954036e-01
2.188390384804525246e-01
2.190161979196831865e-01
2.241306525172272468e-01
2.242588813248229951e-01
2.276541903528063460e-01
2.339326569961970026e-01
2.405849777371123210e-01
2.425444018719531136e-01
2.462408402838391075e-01
2.465670599254012607e-01
2.568466819936739420e-01
2.610561976579020005e-01
2.628966513828073781e-01
2.655181203883451024e-01
2.680770720636813653e-01
2.697754556764888068e-01
2.704650211342311539e-01
2.724872172052090202e-01
2.728636636540786031e-01
2.761407429439393657e-01
2.796918708045462720e-01
2.842493864908324230e-01
2.848403037215037625e-01
2.891639985748780117e-01
2.951327023785477732e-01
3.085470558726534085e-01
3.108751725483231976e-01
3.124805324106383342e-01
3.200444812771792713e-01
3.316575903604711550e-01
3.365184805920926059e-01
3.468216421364166968e-01
3.571048286877885891e-01
3.995623590144947168e-01
4.001947538666844051e-01
4.035774483278555813e-01
4.088451062606841546e-01
4.129242636858545534e-01
4.162463619343387267e-01
4.222447851944982067e-01
4.227508492106125115e-01
4.230148061279088711e-01
4.319918410833538114e-01
5.578468881029653437e-01
5.807216112023741994e-01
6.389772546687944033e-01
6.403000482345158062e-01
6.404944282933947575e-01
6.608870212720540094e-01
6.651788903834707778e-01
7.815764379010539109e-01
8.911936441840733192e-01
1.000000000000000000e+00
