0.000000000000000000e+00
9.295821886783810564e-03
1.329593759261001214e-02
2.018655465425060400e-02
2.084718814593902389e-02
2.999334932995499636e-02
3.565036601375719955e-02
5.794280342095928238e-02
9.476477771529366601e-02
1.007211203045599718e-01
1.046592443297850034e-01
1.127834564360154918e-01
1.222289381922470608e-01
1.241851630757189601e-01
1.424154970964300604e-01
1.629013685729558958e-01
1.652189103758370248e-01
1.727701502626690366e-01
1.753250216238206316e-01
1.830259231300725709e-01
2.078475656400177729e-01
2.112747111264136890e-01
2.142528824210468419e-01
2.273114907053823963e-01
2.521587968071118402e-01
2.568815376852275900e-01
2.656663792832101301e-01
2.749622100865187768e-01
2.909369959849181231e-01
2.943641414713140114e-01
2.949371030242154967e-01
3.159339530395704476e-01
3.348869102326029745e-01
3.440330687499946749e-01
3.582632637319174140e-01
3.682817497070384194e-01
3.961071844374129958e-01
3.968298182762314275e-01
4.055526661936446065e-01
4.057023384795614973e-01
4.197828825085612725e-01
4.252282572254954540e-01
4.288670686783776498e-01
4.425243234403928860e-01
4.762804585012435643e-01
4.788973342094615115e-01
4.800688995740546861e-01
4.911713149744093010e-01
4.981495933083398553e-01
5.020620217422896436e-01
5.117191694650075062e-01
5.428221200618490450e-01
5.444790537059721602e-01
5.515193257204720201e-01
5.532638953039547003e-01
5.569027067568368405e-01
5.586472763403195207e-01
5.593078738325805155e-01
5.656255546742500195e-01
5.674321179383020608e-01
5.704102892329351304e-01
5.817500128585663122e-01
5.818119638731475973e-01
5.847281841531994928e-01
5.957685632069967818e-01
5.970021649181472823e-01
6.022978673491644619e-01
6.052760386437976425e-01
6.293130323013611527e-01
6.368642721881930813e-01
6.412877111604630143e-01
6.501602313637931951e-01
6.585837773753604463e-01
6.757921649849103485e-01
6.777483578688912047e-01
6.900223812998270700e-01
7.073184048487364262e-01
7.113805055686032164e-01
7.214866701490718626e-01
7.405016210226736950e-01
7.406512079766145451e-01
7.472681907241299770e-01
7.483521628153515515e-01
7.537975375322857330e-01
7.553304411492820503e-01
7.562647409545867339e-01
7.651992548384861648e-01
7.691993618777835939e-01
7.790680902350116677e-01
7.873420492926380687e-01
7.946195868664264195e-01
8.007876380881671086e-01
8.028934605920768908e-01
8.055723726468522194e-01
8.127003232666996091e-01
8.241639915874814371e-01
8.246129231132562909e-01
8.393541926324811220e-01
8.415220514829482301e-01
8.446498950634983016e-01
9.009357197577183562e-01
9.119761414775036101e-01
9.174215161944377916e-01
9.241881712278700034e-01
9.293342013729704032e-01
9.490097924048213063e-01
9.532215227446169115e-01
9.631160213585993057e-01
9.648605482760939100e-01
9.732840942876612722e-01
9.952152654413148891e-01
1.000000000000000000e+00
