0.000000000000000000e+00
1.135846057132620934e-02
1.316362315496799086e-02
2.231763200603515893e-02
1.264229103955235856e-01
1.281466389669066175e-01
1.436724715277734599e-01
1.587943155612781543e-01
1.604351386609590424e-01
1.611157483072864216e-01
1.690182809017535537e-01
1.796375253204532119e-01
1.897581438337156423e-01
1.947547693861484130e-01
1.977627506418231096e-01
2.022812446698949995e-01
2.031067731868088366e-01
2.070872433142566527e-01
2.131993676886900224e-01
2.131993676886900224e-01
2.145681961499979473e-01
2.151369483658452098e-01
2.211097480668552384e-01
2.230045105998469945e-01
2.243360620885891388e-01
2.275340604583313830e-01
2.291774287851575942e-01
2.320088879331914378e-01
2.328758559295649733e-01
2.395293713280334524e-01
2.395293713280334524e-01
2.410161816726398842e-01
2.426030512593966293e-01
2.516860920192010020e-01
2.529233905652181202e-01
2.529233905652181202e-01
2.529233905652181202e-01
2.558986285341796063e-01
2.571237046873426912e-01
2.588532925837164766e-01
2.600700172103089791e-01
2.600700172103089791e-01
2.612833747134904461e-01
2.612833747134904461e-01
2.629965511973335057e-01
2.642019018401203234e-01
2.642019018401203234e-01
2.674999064264473314e-01
2.687925106373095785e-01
2.711693285865112157e-01
2.740250999563393908e-01
2.740250999563393908e-01
2.752017107426104059e-01
2.756910836868630699e-01
2.756910836868630699e-01
2.768635319662401395e-01
2.768635319662401395e-01
2.780331168650786999e-01
2.780331168650786999e-01
2.808478464471886871e-01
2.808478464471886871e-01
2.808478464471886871e-01
2.847996827692516608e-01
2.875758892780059806e-01
2.875758892780059806e-01
2.875758892780059806e-01
2.889106488134625117e-01
2.903368509366711092e-01
2.903368509366711092e-01
2.914749386495864014e-01
2.930828858986402885e-01
2.933661219569050349e-01
2.942149286970854316e-01
2.942149286970854316e-01
2.980642666009838959e-01
3.007701346970660383e-01
3.034624547611559087e-01
3.125556764295415735e-01
3.125556764295415735e-01
3.125556764295415735e-01
3.136480030794067120e-01
3.147382352194335042e-01
3.151919219580862075e-01
3.162792642047917435e-01
3.165507816130749275e-01
3.204288593734893054e-01
3.225824396918204329e-01
3.251744618987151836e-01
3.261547720414035845e-01
3.266888455373959110e-01
3.288204997843814925e-01
3.288204997843814925e-01
3.303260281536191112e-01
3.328860229189352649e-01
3.339423452098072564e-01
3.354358102628874350e-01
3.375384330127467192e-01
3.375384330127467192e-01
3.411149278692238163e-01
3.451049956240320737e-01
3.459693123421292427e-01
3.471775528782373166e-01
3.476085711876270579e-01
3.486418803830601543e-01
3.521609750648537207e-01
3.546396286126508590e-01
3.546396286126508590e-01
3.581295857461871401e-01
3.583842940501981711e-01
3.585540553982342060e-01
3.620256656860980082e-01
3.640504469057630477e-01
3.699259446940302842e-01
3.713462874922480728e-01
3.737634048712505930e-01
3.779141931151724920e-01
3.815499440411264653e-01
3.863191164302293146e-01
3.989417462529036840e-01
3.994269832030452050e-01
4.002351458472488410e-01
4.057131639963224012e-01
4.103622865050711166e-01
4.153890040659407035e-01
4.161847587278109106e-01
4.165823974437011246e-01
4.247429789528074928e-01
4.294705262729713313e-01
4.480521691496185954e-01
4.554780284227769038e-01
4.610242374491187456e-01
4.613317857291778235e-01
4.617930551237010017e-01
4.623309994859767791e-01
4.634831919993223637e-01
4.719096967195488546e-01
4.943345265344934458e-01
4.943345265344934458e-01
5.038499112428257432e-01
5.090480074314799319e-01
5.268485837279082151e-01
5.322436698924968290e-01
5.347899045235586790e-01
5.353888813117565482e-01
5.386825643144930176e-01
5.607478277695960855e-01
5.847063160162905282e-01
5.916107218780520816e-01
6.076423653084850329e-01
6.098312076278920024e-01
6.264957111828949321e-01
6.269518901231274643e-01
6.283969428348810116e-01
6.478180334393930373e-01
6.683247164469482415e-01
6.907325780809240312e-01
6.994181657143175856e-01
7.359500230333114734e-01
7.370331232347747674e-01
7.431425167925834741e-01
7.642754847545831787e-01
8.015825758415880964e-01
8.192335139920978726e-01
8.361414579184373030e-01
8.705966219891148050e-01
9.004364408362844907e-01
9.153518961123650044e-01
9.690849287350650210e-01
9.722115281808245690e-01
9.867672580203670218e-01
9.944357092558132605e-01
1.000000000000000000e+00
