0.000000000000000000e+00
4.601769522154302780e-03
8.130392144712082769e-03
1.840770268269244225e-02
4.122356643727630859e-02
4.476757607236665076e-02
4.799764665522900098e-02
5.942225794411482021e-02
6.032655231710947613e-02
6.232424772210246045e-02
6.751532371836879709e-02
6.907808952071184394e-02
9.363446519534955603e-02
1.087973859441624253e-01
1.105149018031068575e-01
1.207164950404578802e-01
1.251665117719189813e-01
1.376911707165471010e-01
1.494787615132280312e-01
1.506844244916535902e-01
1.677657604088160781e-01
1.746392964305214512e-01
1.925669376782978004e-01
2.028176027973329631e-01
2.032996165797672228e-01
2.051504420269947560e-01
2.303606773483121706e-01
2.316207703613691049e-01
2.333078500260060972e-01
2.534537351678303185e-01
2.638161515588915429e-01
2.647564209793136225e-01
2.695087726693031205e-01
2.745277121097418616e-01
2.759518494535008193e-01
3.025185145495163375e-01
3.055688591692973244e-01
3.070117893310179147e-01
3.105434249325423890e-01
3.106959358783080161e-01
3.172113555838229071e-01
3.395422829270921539e-01
3.435069389946592833e-01
3.500433513463253044e-01
3.594318409456652708e-01
3.630982945890884883e-01
3.738678991780243765e-01
3.790329386363622266e-01
3.824817664196109024e-01
3.863677943424622119e-01
4.051468790909806827e-01
4.187737148107773533e-01
4.253034333995239225e-01
4.466086122841509409e-01
4.495110027451302281e-01
4.640164184176922557e-01
4.770731843752410439e-01
4.823885349511550791e-01
4.826745440419057953e-01
4.962425186445750813e-01
5.052069127950983285e-01
5.137818430777308931e-01
5.218180040106403794e-01
5.489437711540732234e-01
5.516564735728844981e-01
5.533344396635936357e-01
5.603105976703387503e-01
5.767073627679903947e-01
5.847078236319961375e-01
6.126277287518350212e-01
6.152004592455606602e-01
6.256375126644796447e-01
6.398460143836944836e-01
6.766919423652085763e-01
6.883399069240908608e-01
7.002820827902589418e-01
7.032826484407235235e-01
7.070283273250853595e-01
7.310235503981717953e-01
7.327168524339733313e-01
7.454087297471196916e-01
7.507543750998147969e-01
7.522562292308966336e-01
7.555002844358207348e-01
7.578363134163573767e-01
7.606750345643094047e-01
7.631225005557021879e-01
7.826023562870412231e-01
7.997034435187335699e-01
8.038444001026298080e-01
8.048235122036548894e-01
8.245790378332540360e-01
8.291341277868803372e-01
8.377024585849444094e-01
8.474102375329304326e-01
8.497862405342816450e-01
8.510287034957056962e-01
8.646045974798571843e-01
8.767316846184104451e-01
8.790761986505349901e-01
8.802367022988420997e-01
8.857586481678662027e-01
8.894604561929062569e-01
8.919468277171359594e-01
9.050970863727381133e-01
9.071961624311495331e-01
9.098059757429266536e-01
9.735105488734355772e-01
9.772815572080935098e-01
9.793042049499787183e-01
9.853750393783976547e-01
1.000000000000000000e+00
