0.000000000000000000e+00
2.305227138387737074e-01
2.563881995323638030e-01
2.698928172403542991e-01
2.798678409581416560e-01
2.892799017804569828e-01
2.964843576494277655e-01
3.050815857718331969e-01
3.116318521057864777e-01
3.172004355189383396e-01
3.223603213091079667e-01
3.270818978329971816e-01
3.309932542398748012e-01
3.359996150486371236e-01
3.402748529952746570e-01
3.444709936870254396e-01
3.473200893360500197e-01
3.514904906763185455e-01
3.549457138854689719e-01
3.571975654673571476e-01
3.605653204378423404e-01
3.628830009806009449e-01
3.663513785928319555e-01
3.696213012494974359e-01
3.730685520931445454e-01
3.755377645259346808e-01
3.781255374228531529e-01
3.821503292017497944e-01
3.857581093193536148e-01
3.889886257122454616e-01
3.923337733319818277e-01
3.943668973717388559e-01
3.956708346952790833e-01
3.974439457286912947e-01
3.999942485077440102e-01
4.025126048793154498e-01
4.057169263569820328e-01
4.080645602158460838e-01
4.104391862264857860e-01
4.126576677641956570e-01
4.141494112408075634e-01
4.150852530599647428e-01
4.181138408237503601e-01
4.200267529808104916e-01
4.218297034393923561e-01
4.242353077845593678e-01
4.275975390446600799e-01
4.300731293698528690e-01
4.330583816325810353e-01
4.360790539763311768e-01
4.380227736315149834e-01
4.400641547641148121e-01
4.421939722083338409e-01
4.449886279900641672e-01
4.475278833483479768e-01
4.495985344514386028e-01
4.509381196378723922e-01
4.531822835815965678e-01
4.547099596484414641e-01
4.579800531415106346e-01
4.596836907041079168e-01
4.642826066901813431e-01
4.670592677040612539e-01
4.705155728771014401e-01
4.716705978021327184e-01
4.746111478725742461e-01
4.779013431158054548e-01
4.817262563024396482e-01
4.854167212394067121e-01
4.866559115659662149e-01
4.881794306136557626e-01
4.897146234822609134e-01
4.916880117262107386e-01
4.956888294631295322e-01
4.976437673754858793e-01
5.010893668005644841e-01
5.031675916508833168e-01
5.055676722856657923e-01
5.079943464539488085e-01
5.102126002097870927e-01
5.133023474060769420e-01
5.148793951935747293e-01
5.153643427980497682e-01
5.159454143523078962e-01
5.188926270424916165e-01
5.227636091126415252e-01
5.253440929896712186e-01
5.276655319333100058e-01
5.309246349510781116e-01
5.317268827025863898e-01
5.333416853352892506e-01
5.372336233376194814e-01
5.398821570487669641e-01
5.420453445371643530e-01
5.447554362990912891e-01
5.474215661598140770e-01
5.477747988970801396e-01
5.487229409372996747e-01
5.507684221435868999e-01
5.539058896419610800e-01
5.549760658198495955e-01
5.570776383119996344e-01
5.593646252475704683e-01
5.618391905543413944e-01
5.636145794064687520e-01
5.642691675597614198e-01
5.693662424988582549e-01
5.713778980972241683e-01
5.738353797636307485e-01
5.765692177856640566e-01
5.797725711903766177e-01
5.815569574264293218e-01
5.842225747779411504e-01
5.879954967523999265e-01
5.930096021447941457e-01
5.964545751697259979e-01
6.022140967366830244e-01
6.038150616206907628e-01
6.080043688562958293e-01
6.120941354140447821e-01
6.132691481983023607e-01
6.176282668191286351e-01
6.211109377437977752e-01
6.239413552793573459e-01
6.262728735708110728e-01
6.282644843644829002e-01
6.318406597474126585e-01
6.332642394989710377e-01
6.354458203734939525e-01
6.402180783637972938e-01
6.411429866531211941e-01
6.470106476635844039e-01
6.495994455789246835e-01
6.498035381358103768e-01
6.534938322363738061e-01
6.553939316631607337e-01
6.574166346822954976e-01
6.585564551674025768e-01
6.604581490672901678e-01
6.607167953824059081e-01
6.635867330726749058e-01
6.647953436829823204e-01
6.677336159347085909e-01
6.702391595760067711e-01
6.719097687672330732e-01
6.741013720441031420e-01
6.803285297932993858e-01
6.804362136730623956e-01
6.844543997776848521e-01
6.850868361439718113e-01
6.892469303545538661e-01
6.905477926228285046e-01
6.922777389915868440e-01
6.951013800164685952e-01
6.998045631542322287e-01
7.039250233191690631e-01
7.056817340578315223e-01
7.065604595727039694e-01
7.099090239205132491e-01
7.142469018818199400e-01
7.155586407344598499e-01
7.220219513389587451e-01
7.274781243985134482e-01
7.343159083997982117e-01
7.475237263291926171e-01
7.507811209829243770e-01
7.536418335073966634e-01
7.632865735114738870e-01
7.768559951619130599e-01
7.853363142387587148e-01
7.975768564507256242e-01
8.041244463476885374e-01
8.139124611489545469e-01
8.184987352411583483e-01
8.242124157064711909e-01
8.297696100260468777e-01
8.318162301416917037e-01
8.433919909616153232e-01
8.522285608855247885e-01
8.675776422981824609e-01
8.791094412169018213e-01
8.851473691763294127e-01
8.894100791200331146e-01
8.929938851956589208e-01
8.996751830512065284e-01
9.079596097185412829e-01
9.175977440483443770e-01
9.206234845387359922e-01
9.217064734468978227e-01
9.242522775339878649e-01
9.333205016212374749e-01
9.382101811663114965e-01
9.439872988828438283e-01
9.501244258473200421e-01
9.605988613184242020e-01
9.660278144443318338e-01
9.721504772599662836e-01
9.914159262806750972e-01
9.938527367422409498e-01
1.000000000000000000e+00
