0.000000000000000000e+00
1.096253638202709657e-01
1.264455982022346658e-01
1.355899795386953655e-01
1.425040115543479702e-01
1.491521716369955675e-01
1.543226153065002382e-01
1.605851885091039433e-01
1.654242911339416922e-01
1.695841461136491646e-01
1.734764531510930574e-01
1.770698918232543884e-01
1.800697538592601066e-01
1.839398238452915335e-01
1.872717751443831458e-01
1.905663005581567371e-01
1.928169116337511424e-01
1.961312199425229164e-01
1.988951238179149650e-01
2.007051689240378911e-01
2.034250925207615468e-01
2.053059340536896038e-01
2.081342445705885724e-01
2.108157396693127461e-01
2.136584010154880253e-01
2.157045239971716322e-01
2.178578367495602186e-01
2.212250291361864130e-01
2.242621374850896077e-01
2.269966962340887462e-01
2.298432183873060364e-01
2.315807910573652872e-01
2.326981804442895541e-01
2.342212239292551235e-01
2.364194597155200306e-01
2.385988104688895606e-01
2.413843378565905251e-01
2.434339774648434096e-01
2.455148926030102097e-01
2.474658571661662865e-01
2.487815543628604797e-01
2.496084853595316455e-01
2.522927339020377135e-01
2.539946315178793768e-01
2.556032113325041877e-01
2.577564342986825019e-01
2.607791768539410304e-01
2.630145841312614974e-01
2.657213690125476702e-01
2.684725980679219526e-01
2.702495569555570243e-01
2.721213001525101260e-01
2.740802257596443026e-01
2.766599631533853687e-01
2.790131998673289204e-01
2.809386651467656870e-01
2.821874716168019104e-01
2.842849972038703488e-01
2.857167281129819880e-01
2.887922350311479258e-01
2.904002761285111034e-01
2.947608631456660189e-01
2.974076109810121493e-01
3.007168314045347568e-01
3.018263495336911961e-01
3.046592541116828201e-01
3.078429234844983764e-01
3.115626165326805808e-01
3.151704359628549335e-01
3.163860514638245913e-01
3.178834460213870727e-01
3.193954757312250647e-01
3.213438963517565861e-01
3.253102620483124263e-01
3.272563482273766478e-01
3.306989311019005728e-01
3.327831982585844894e-01
3.351975793817281168e-01
3.376467077682497875e-01
3.398924703884891318e-01
3.430316955872165230e-01
3.446390483236342339e-01
3.451339798434297501e-01
3.457274367646382962e-01
3.487446724323330360e-01
3.527255834949541424e-01
3.553906776459339611e-01
3.577959305043658667e-01
3.611852102987207491e-01
3.620217184911549979e-01
3.637081130213551394e-01
3.677872801267583758e-01
3.705749923122427791e-01
3.728589739293243221e-01
3.757294390719493893e-01
3.785630619396231911e-01
3.789392063032194224e-01
3.799496902424379652e-01
3.821338595224257895e-01
3.854951858766471062e-01
3.866447785843248330e-01
3.889068822948349990e-01
3.913753745740402024e-01
3.940543257301397650e-01
3.959814969475718982e-01
3.966931424502445624e-01
4.022544703861996029e-01
4.044591109221311043e-01
4.071598202698549773e-01
4.101739134201899950e-01
4.137185832158012944e-01
4.156991472996127701e-01
4.186659829746041117e-01
4.228817448345787433e-01
4.285144528077057258e-01
4.324042907243669243e-01
4.389436598488929420e-01
4.407694624349198786e-01
4.455635372753026235e-01
4.502668083283563605e-01
4.516223107449410246e-01
4.566674577580010497e-01
4.607168158415916315e-01
4.640199308028152281e-01
4.667490425217241112e-01
4.690861775752909191e-01
4.732963726902282287e-01
4.749771705466542815e-01
4.775583445197598698e-01
4.832272064068925399e-01
4.843294219242796350e-01
4.913494465611668027e-01
4.944616161818634059e-01
4.947073311106607307e-01
4.991605475680869763e-01
5.014606308455452632e-01
5.039146076874220226e-01
5.052998891970825746e-01
5.076150565578676499e-01
5.079303258708945945e-01
5.114346218006170508e-01
5.129136999712826661e-01
5.165179578817825634e-01
5.196006177680341231e-01
5.216608521490999628e-01
5.243692232534342690e-01
5.321007138205736675e-01
5.322348544187307517e-01
5.372523472790248222e-01
5.380440820812665281e-01
5.432655093538413249e-01
5.449031499718598459e-01
5.470844161643820813e-01
5.506536574528730910e-01
5.566227045697058617e-01
5.618769337377693684e-01
5.641241030086363573e-01
5.652497227981695405e-01
5.695487464038097025e-01
5.751406914374699308e-01
5.768366930921700053e-01
5.852275735875994700e-01
5.923552818193481562e-01
6.013452159097603111e-01
6.188906984052540139e-01
6.232542483673481071e-01
6.270985347466611071e-01
6.401412986541279437e-01
6.587062137811312557e-01
6.704359441494754934e-01
6.875395587754487003e-01
6.967723346359292469e-01
7.106833910542691424e-01
7.172464637383089148e-01
7.254630392708497633e-01
7.334972290815768847e-01
7.364666984854031373e-01
7.533696708601390624e-01
7.663956746750204552e-01
7.892749369208850174e-01
8.066753847580411252e-01
8.158584789155004513e-01
8.223714508942044921e-01
8.278663669632896349e-01
8.381573630981205003e-01
8.510019987682378995e-01
8.660632165402540883e-01
8.708175160894831013e-01
8.725223766502639977e-01
8.765358801072163919e-01
8.909044271956654271e-01
8.986986483950532012e-01
9.079493216401159916e-01
9.178264033455598714e-01
9.348025814104101716e-01
9.436601107693972645e-01
9.536979097912408054e-01
9.856155308235947654e-01
9.896887121816461130e-01
1.000000000000000000e+00
