0.000000000000000000e+00
1.245640259093173572e-04
1.384044732325749106e-04
2.906493937884073475e-04
3.321707357581794927e-04
6.089796822233297475e-04
6.643414715163589853e-04
7.058628134861315642e-04
7.197032608093890905e-04
7.612246027791617778e-04
7.612246027791617778e-04
8.165863920721918830e-04
9.134695233349936997e-04
9.549908653047662786e-04
9.549908653047662786e-04
9.965122072745388575e-04
1.010352654597796492e-03
1.079554891214084232e-03
1.217959364446658628e-03
1.301002048386203785e-03
1.342523390355976473e-03
1.453246968942035816e-03
1.480927863588550868e-03
1.716215468083928056e-03
1.785417704700215796e-03
2.020705309195592984e-03
2.228312019044454903e-03
2.754249017328239384e-03
2.809610806621269923e-03
2.864972595914300028e-03
3.681558987986491803e-03
3.819963461219065982e-03
4.304379117533079294e-03
4.345900459502850463e-03
4.816475668493604839e-03
6.366605768698443447e-03
9.162376127996455302e-03
1.258096661684105812e-02
2.488512428721696354e-02
1.000000000000000000e+00
