0.000000000000000000e+00
2.293333333333336388e-01
3.031111111111111645e-01
3.973333333333348150e-01
4.444444444444446418e-01
4.746666666666665146e-01
5.013333333333331865e-01
5.262222222222222578e-01
5.440000000000000391e-01
5.671111111111115655e-01
5.813333333333332575e-01
6.013333333333329422e-01
6.257777777777776551e-01
6.444444444444442643e-01
6.648888888888894177e-01
6.871111111111111169e-01
7.057777777777777262e-01
7.164444444444442173e-01
7.324444444444444535e-01
7.416296296296295276e-01
7.515555555555554212e-01
7.644444444444448150e-01
7.768888888888888511e-01
7.893333333333328872e-01
7.951111111111111018e-01
8.013333333333335640e-01
8.080000000000004956e-01
8.177777777777781587e-01
8.255555555555555980e-01
8.319999999999998508e-01
8.373333333333335959e-01
8.435555555555560581e-01
8.497777777777776320e-01
8.557037037037038552e-01
8.604444444444441231e-01
8.657777777777777573e-01
8.666666666666665853e-01
8.720000000000003304e-01
8.768888888888887179e-01
8.800000000000004485e-01
8.880000000000005667e-01
8.906666666666669396e-01
8.959999999999996856e-01
9.022222222222221477e-01
9.111111111111110938e-01
9.155555555555560110e-01
9.199999999999999289e-01
9.217777777777775849e-01
9.244444444444448461e-01
9.280000000000000471e-01
9.288888888888888751e-01
9.333333333333337922e-01
9.342222222222226202e-01
9.386666666666665382e-01
9.404444444444440832e-01
9.448888888888891113e-01
9.475555555555554843e-01
9.493333333333330293e-01
9.528888888888891184e-01
9.546666666666667744e-01
9.546666666666667744e-01
9.564444444444443194e-01
9.608888888888892366e-01
9.626666666666668926e-01
9.644444444444444375e-01
9.684040404040402672e-01
9.688888888888893547e-01
9.706666666666668997e-01
9.724444444444445557e-01
9.724444444444445557e-01
9.724444444444445557e-01
9.737283950617280359e-01
9.751111111111109286e-01
9.795555555555558458e-01
9.813333333333333908e-01
9.823030303030297894e-01
9.839999999999997637e-01
9.857777777777774197e-01
9.882828282828276523e-01
9.887999999999996792e-01
9.893333333333335089e-01
9.893333333333335089e-01
9.893333333333335089e-01
9.897435897435895580e-01
9.911111111111110539e-01
9.928888888888887099e-01
9.937777777777774268e-01
9.949803921568629583e-01
9.955555555555560820e-01
9.964444444444447990e-01
9.964444444444447990e-01
9.964444444444447990e-01
9.964444444444447990e-01
9.964444444444447990e-01
9.982222222222224550e-01
1.000000000000000000e+00
1.000000000000000000e+00
1.000000000000000000e+00
1.000000000000000000e+00
1.000000000000000000e+00
