0.000000000000000000e+00
1.253767281626942676e-02
1.447666934980530382e-02
1.553452976637829247e-02
1.633375320440477729e-02
1.710290167019592675e-02
1.770152998372097677e-02
1.842942349209841096e-02
1.899054437653451693e-02
1.947317696006101509e-02
1.992989153618016443e-02
2.034979404851126883e-02
2.069843599853477337e-02
2.114840671555569956e-02
2.153598912242936023e-02
2.191937734297474613e-02
2.218137609975210506e-02
2.256733598759034023e-02
2.289207835065410965e-02
2.310302781978201825e-02
2.342291616083053141e-02
2.364226415393324773e-02
2.397507173935557734e-02
2.429382651653158587e-02
2.462577800744721740e-02
2.486479079590835084e-02
2.512235681037829765e-02
2.551600801368580917e-02
2.587427172153460020e-02
2.619733742519888414e-02
2.653056121466992878e-02
2.673402408658016524e-02
2.686805532535620211e-02
2.704966917659547623e-02
2.730727918011121788e-02
2.756598552599917942e-02
2.789919578037920386e-02
2.814298645596863269e-02
2.839055342195124718e-02
2.861963483738012501e-02
2.877414805263461481e-02
2.887465287096649749e-02
2.919004417802527687e-02
2.939692466041680247e-02
2.958606063848765941e-02
2.984972759523261618e-02
3.020896244586173535e-02
3.048278072086794271e-02
3.081598759147521557e-02
3.114034589633143252e-02
3.134990632674392735e-02
3.158168122528479116e-02
3.182026089083344472e-02
3.212860379924616094e-02
3.241034687004164944e-02
3.265300059798582205e-02
3.280826162701888649e-02
3.306404439324760886e-02
3.324886606105743186e-02
3.361699346648340525e-02
3.381532653889895990e-02
3.433624481924776178e-02
3.465419087473561865e-02
3.505095514897658276e-02
3.519077940670704147e-02
3.552726176933994340e-02
3.592619842568881700e-02
3.638114328865775515e-02
3.681481098855111239e-02
3.696804852147743403e-02
3.715921476320054040e-02
3.735228268521125633e-02
3.759325806186956942e-02
3.808398632170941628e-02
3.832955347799456292e-02
3.875424402877222091e-02
3.901240897101958260e-02
3.931475245033989874e-02
3.962153882328589560e-02
3.989511685042658462e-02
4.027132132141576087e-02
4.048713834764993552e-02
4.056505986662329449e-02
4.067348609697170325e-02
4.105007631805480950e-02
4.153823291060180362e-02
4.190196817899340814e-02
4.220137792733622689e-02
4.261479713107114986e-02
4.274496748513515604e-02
4.295339435167514625e-02
4.347073936799598914e-02
4.383269138814636923e-02
4.413921382681756933e-02
4.451219017859966987e-02
4.488636100216383817e-02
4.496795053080226284e-02
4.514738861616086896e-02
4.542849892145140595e-02
4.587412825802927169e-02
4.606682734880983288e-02
4.639045475875124003e-02
4.672930237853901297e-02
4.708371196922128687e-02
4.736287660517841946e-02
4.750449087869560577e-02
4.820864383743272974e-02
4.851265890049340224e-02
4.888376064216991973e-02
4.927715129497539648e-02
4.974211212529543180e-02
5.004361642897282164e-02
5.044449875465509964e-02
5.100048645582376527e-02
5.172699938491766986e-02
5.223876455996757928e-02
5.308015995782404406e-02
5.335584945916307942e-02
5.398279487497788243e-02
5.461205479135625845e-02
5.482506328620482400e-02
5.553106040109273556e-02
5.609528420514403591e-02
5.657389179097994936e-02
5.697511249393759358e-02
5.730815017590717986e-02
5.790402579029705482e-02
5.820292120518130718e-02
5.860962362000003006e-02
5.941502921084761135e-02
5.963739045358754098e-02
6.059773223128383374e-02
6.111354101477447370e-02
6.123729911947013022e-02
6.195647941300665151e-02
6.238145420069562963e-02
6.282066113658688056e-02
6.313886435880401715e-02
6.351884850395914106e-02
6.411677468463777840e-02
6.445168020916744456e-02
6.511008794404661570e-02
6.561914271712077085e-02
6.600437171004419623e-02
6.649938382619029198e-02
6.765556483578261115e-02
6.786634004061370407e-02
6.873935341108121377e-02
6.900021522021330955e-02
6.990886648532332326e-02
7.037932594636819861e-02
7.089174418955958290e-02
7.165437889279976935e-02
7.266799478873109397e-02
7.357338409690648839e-02
7.412968987271401078e-02
7.461884129445060798e-02
7.558478659982710568e-02
7.674858786566088331e-02
7.740288770041700572e-02
7.890148621005231566e-02
8.025673457074775086e-02
8.198054345978166013e-02
8.490140256572767385e-02
8.621894893040082941e-02
8.730388798843570497e-02
8.968565795434528531e-02
9.295702854476124710e-02
9.532391667809983482e-02
9.847908174460652531e-02
1.005587687816978104e-01
1.033958930470795373e-01
1.056275114808142013e-01
1.096867394165768200e-01
1.106427905704213538e-01
1.151043626216958493e-01
1.188463550942488733e-01
1.241273686257535203e-01
1.287809494781668174e-01
1.327622965002291100e-01
1.364665260688502912e-01
1.415790277172181699e-01
1.468107329121551563e-01
1.535322726452952591e-01
1.585347204686201883e-01
1.675961932013424749e-01
1.759677417397571830e-01
1.781992857304912636e-01
1.941206268265269486e-01
2.059101242235045759e-01
2.387283345653910815e-01
2.584492058058845410e-01
2.665679594494120841e-01
3.040393445909814751e-01
3.248001168741573852e-01
3.694415269896488829e-01
4.102110889693894036e-01
4.961613803012051016e-01
6.357569491338747047e-01
1.000000000000000000e+00
