0.000000000000000000e+00
2.260869565217412669e-01
3.295652173913047878e-01
4.052173913043476405e-01
4.486956521739128845e-01
4.991304347826087673e-01
5.408695652173916013e-01
5.595652173913046035e-01
5.851086956521734939e-01
6.060869565217390509e-01
6.278260869565222002e-01
6.486956521739131176e-01
6.660869565217392152e-01
6.821739130434785192e-01
7.017391304347826431e-01
7.130434782608693345e-01
7.260869565217393795e-01
7.339130434782611401e-01
7.434782608695654771e-01
7.547826086956521685e-01
7.617391304347828074e-01
7.678260869565222135e-01
7.756521739130430859e-01
7.832298136645964304e-01
7.915217391304349981e-01
7.973913043478262352e-01
8.034782608695656414e-01
8.122981366459623986e-01
8.182608695652171527e-01
8.252173913043477915e-01
8.350000000000002975e-01
8.443478260869562435e-01
8.504347826086956497e-01
8.537391304347831111e-01
8.599999999999999867e-01
8.730434782608700317e-01
8.768115942028985588e-01
8.817391304347821368e-01
8.886956521739127757e-01
8.936645962732924220e-01
9.004968944099384087e-01
9.052173913043476405e-01
9.078260869565212277e-01
9.113043478260870467e-01
9.139130434782607448e-01
9.191304347826089183e-01
9.243478260869562035e-01
9.295652173913043770e-01
9.339130434782604295e-01
9.382608695652174813e-01
9.417391304347823011e-01
9.426086956521734228e-01
9.478260869565217073e-01
9.495652173913040617e-01
9.495652173913040617e-01
9.521739130434786480e-01
9.539130434782611134e-01
9.553260869565215474e-01
9.565217391304347005e-01
9.573913043478259333e-01
9.573913043478259333e-01
9.617391304347829850e-01
9.643478260869565721e-01
9.667826086956518017e-01
9.678260869565213920e-01
9.695652173913048566e-01
9.721739130434784437e-01
9.756521739130432636e-01
9.773913043478257290e-01
9.800000000000003153e-01
9.808695652173914370e-01
9.826086956521739024e-01
9.843478260869563679e-01
9.843478260869563679e-01
9.860869565217387223e-01
9.860869565217387223e-01
9.860869565217387223e-01
9.860869565217387223e-01
9.869565217391309542e-01
9.869565217391309542e-01
9.886956521739133086e-01
9.886956521739133086e-01
9.886956521739133086e-01
9.895652173913045413e-01
9.913043478260868957e-01
9.930434782608693611e-01
9.930434782608693611e-01
9.939130434782605938e-01
9.939130434782605938e-01
9.965217391304351802e-01
9.965217391304351802e-01
9.965217391304351802e-01
9.965217391304351802e-01
9.973913043478264129e-01
9.973913043478264129e-01
9.982608695652175346e-01
9.982608695652175346e-01
9.991304347826087673e-01
1.000000000000000000e+00
1.000000000000000000e+00
