0.000000000000000000e+00
2.663245914892142241e-01
2.957481361487559468e-01
3.110653100570192620e-01
3.223595640536749962e-01
3.330004215840539072e-01
3.411347949634686016e-01
3.508286040482384571e-01
3.582059177950004947e-01
3.644713861699980240e-01
3.702698635629489976e-01
3.755721766106904225e-01
3.799622972286119116e-01
3.855771199755465006e-01
3.903682114583812979e-01
3.950672222515302923e-01
3.982558056938188540e-01
4.029202862283357001e-01
4.067811600520017112e-01
4.092968015985989361e-01
4.130561115797892202e-01
4.156426957961129598e-01
4.195103019343550677e-01
4.231530632438517681e-01
4.269935229523516007e-01
4.297429857471289916e-01
4.326205072998106638e-01
4.370973517119488561e-01
4.411061192848508283e-01
4.446932123157560368e-01
4.484066991235413080e-01
4.506626036303644223e-01
4.521075899879261617e-01
4.540723399869533994e-01
4.568991882041161801e-01
4.596878142482018204e-01
4.632329931915849519e-01
4.658296396845331699e-01
4.684548804168098823e-01
4.709079041988016301e-01
4.725567421461080442e-01
4.735893199430250555e-01
4.769347735539843369e-01
4.790436529973232660e-01
4.810335224926720610e-01
4.836825073021633892e-01
4.873881035477035661e-01
4.901109990365732361e-01
4.933920251209441554e-01
4.966513340615212324e-01
4.967166302738613148e-01
4.988549726422805697e-01
5.010945892912582744e-01
5.034321502587462138e-01
5.065006378958548661e-01
5.092869474446024558e-01
5.115522627137363276e-01
5.130182423102986888e-01
5.154757543020078714e-01
5.171429794310596906e-01
5.207240640521819675e-01
5.225859471801057587e-01
5.276170131018623755e-01
5.306514772136941005e-01
5.344266407098537952e-01
5.356842805069541580e-01
5.388947982644745061e-01
5.424744350760104528e-01
5.466382630556003708e-01
5.506563690003336564e-01
5.520013117154851656e-01
5.536531176724434067e-01
5.553169404489675109e-01
5.574589747318317023e-01
5.617985667951929107e-01
5.639153368007769895e-01
5.676487309903732736e-01
5.698986994778927340e-01
5.724941877231719545e-01
5.751169671791520610e-01
5.775172183017247551e-01
5.808617308364529830e-01
5.825559576142884666e-01
5.830709434841193639e-01
5.836801093675361152e-01
5.868586305332001984e-01
5.910347648942732013e-01
5.937974027562855639e-01
5.962963221021616578e-01
5.998068983964331968e-01
6.006558939378131567e-01
6.023925415365258829e-01
6.065687482880782744e-01
6.094041385817999812e-01
6.117133224813972037e-01
6.146111857587658323e-01
6.174570002815085168e-01
6.178168533541721352e-01
6.188038251491221331e-01
6.209890765481359542e-01
6.243318517113607413e-01
6.254499226643460696e-01
6.276742649221888071e-01
6.301011557411486663e-01
6.327326220546463098e-01
6.346065943926153530e-01
6.352764958881755852e-01
6.407055646651935721e-01
6.428329760712365726e-01
6.454310703737710098e-01
6.483307434131224678e-01
6.517246986452212010e-01
6.535912147638210934e-01
6.564056842090213451e-01
6.603935309334019177e-01
6.656965678859364521e-01
6.693307147283950043e-01
6.754099947906001544e-01
6.770755549386278105e-01
6.814846418621292035e-01
6.857764562091440697e-01
6.869909512805739693e-01
6.915416339816111702e-01
6.951749121383179464e-01
6.981148342841672072e-01
7.003152876838367735e-01
7.005315180455439217e-01
7.026005827252608249e-01
7.063153725616737599e-01
7.077584043762940036e-01
7.099983105871889855e-01
7.149429422766462316e-01
7.158628804877525953e-01
7.219531639028132775e-01
7.245854265115833082e-01
7.247450475184679108e-01
7.285039955472616402e-01
7.304068516864764549e-01
7.324392867836611032e-01
7.335433139836597949e-01
7.354720135239893875e-01
7.386591491566916190e-01
7.398296308166993906e-01
7.427642684575588294e-01
7.452956911286462427e-01
7.469562563336014094e-01
7.491397703611117898e-01
7.554830585013705413e-01
7.554848682633532597e-01
7.594988479507658319e-01
7.600584263558533005e-01
7.642091516586875244e-01
7.653971518146890363e-01
7.670426597999471241e-01
7.697704054509306726e-01
7.744607293865621855e-01
7.785561483632015278e-01
7.802007152722284511e-01
7.808986318832826790e-01
7.840862742493401871e-01
7.882637116390408538e-01
7.893473247238732560e-01
7.957011094836323739e-01
7.999550636099665990e-01
8.010047979504807403e-01
8.076275857313659490e-01
8.206373855020148156e-01
8.234829828533195561e-01
8.260234543343211167e-01
8.353391679456405594e-01
8.484624035973724610e-01
8.548829323790578805e-01
8.564506205990547461e-01
8.681131611592141084e-01
8.741012292174851206e-01
8.832014363718905248e-01
8.869098558461239179e-01
8.962909380602627207e-01
8.991253872777532630e-01
9.080156620421516722e-01
9.085648886086975518e-01
9.159923689576232597e-01
9.295957706586366331e-01
9.314201555182765047e-01
9.393697160040057614e-01
9.435444025554925451e-01
9.459541368308551634e-01
9.540359547222888592e-01
9.592981634444910366e-01
9.598887249747244388e-01
9.637707368183497936e-01
9.660672523840673209e-01
9.663168547567376754e-01
9.666407297611828708e-01
9.714481814923423553e-01
9.715418547725730436e-01
9.750044361790604075e-01
9.754350147500125967e-01
9.963693279005485515e-01
1.000000000000000000e+00
