0.000000000000000000e+00
1.253767149191562132e-02
1.447666910358465231e-02
1.553452845416256230e-02
1.633375297571837761e-02
1.710290028868760234e-02
1.770152994875725042e-02
1.842942283194463210e-02
1.899054416545743057e-02
1.947317665549228374e-02
1.992989186535083779e-02
2.034979239848694679e-02
2.069843420531108230e-02
2.114840603524541923e-02
2.153598879200597713e-02
2.191937614962606931e-02
2.218137478622579303e-02
2.256733574237920759e-02
2.289207815945439387e-02
2.310302653295746508e-02
2.342291537178795707e-02
2.364226242595642707e-02
2.397507049295265896e-02
2.429382623901388608e-02
2.462577709669772075e-02
2.486478872955226807e-02
2.512235549547707156e-02
2.551600571769252479e-02
2.587426994537286862e-02
2.619733538514954288e-02
2.653055924792719136e-02
2.673402329736475347e-02
2.686805536309400111e-02
2.704966550155565169e-02
2.730727759119122577e-02
2.756598533226977885e-02
2.789919540087458516e-02
2.814298375872513122e-02
2.839055369053083630e-02
2.861963154834214207e-02
2.877414796074358183e-02
2.887465230407931446e-02
2.919004227196679568e-02
2.939692333507723174e-02
2.958605720952680110e-02
2.984972691163667244e-02
3.020896264320440186e-02
3.048278091533464587e-02
3.081598507215109126e-02
3.114034519357890968e-02
3.134990232622093115e-02
3.158167990071726605e-02
3.182025603182919715e-02
3.212860308918214641e-02
3.241034315771664648e-02
3.265300236399016481e-02
3.280826169112901342e-02
3.306404506756480122e-02
3.324886333651056597e-02
3.361699433896605388e-02
3.381532695610593026e-02
3.433624615816521786e-02
3.465419001862481141e-02
3.505095378271059353e-02
3.519077940103399610e-02
3.552725868860264619e-02
3.592619404961317625e-02
3.638114163475168056e-02
3.681481072298144891e-02
3.696804821850070699e-02
3.715921574814658873e-02
3.735228293245260178e-02
3.759325530844700308e-02
3.808398497794083376e-02
3.832955278408815142e-02
3.875424383639310133e-02
3.901240769294240379e-02
3.931474837332019773e-02
3.962153865973798428e-02
3.989511651914153662e-02
4.027131908330643106e-02
4.048713877041927589e-02
4.056506008221453380e-02
4.067348622195451208e-02
4.105007502295902194e-02
4.153823109391952678e-02
4.190196766702638381e-02
4.220137610037693471e-02
4.261479534287284515e-02
4.274496504020599413e-02
4.295339105067487451e-02
4.347073953256388318e-02
4.383269074558560768e-02
4.413921303093101128e-02
4.451218775865059540e-02
4.488636060881141809e-02
4.496795117058296348e-02
4.514738577092762550e-02
4.542849918989581848e-02
4.587412585538454268e-02
4.606682650881214341e-02
4.639045356848314761e-02
4.672930151258859049e-02
4.708370928366119312e-02
4.736287575366236735e-02
4.750449067326315000e-02
4.820863984379510081e-02
4.851265553087528298e-02
4.888375819228042707e-02
4.927714829580798206e-02
4.974211045043066409e-02
5.004361559805337728e-02
5.044449790803092609e-02
5.100048583864992546e-02
5.172699733395685895e-02
5.223876114644048635e-02
5.308015839557027327e-02
5.335584479282271669e-02
5.398279388973950543e-02
5.461205252530947074e-02
5.482506214235453867e-02
5.553105579085524518e-02
5.609528081325776405e-02
5.657389131661075959e-02
5.697511256912102251e-02
5.730814725467110737e-02
5.790402399196047101e-02
5.820291612912745910e-02
5.860961958004484024e-02
5.941502192043830038e-02
5.963738398667108032e-02
6.059773035882411174e-02
6.111353783454692018e-02
6.123729521210408838e-02
6.195647214865067365e-02
6.238145090798920961e-02
6.282065737131747873e-02
6.313886135046496706e-02
6.351884745918115471e-02
6.411677361643579320e-02
6.445168036830031810e-02
6.511008806168414043e-02
6.561914033390600642e-02
6.600436822830260675e-02
6.649938197376231708e-02
6.765556224717449163e-02
6.786633720821895477e-02
6.873935070150541393e-02
6.900021033354751532e-02
6.990886008707639099e-02
7.037932808725963496e-02
7.089174613765525379e-02
7.165437471865798713e-02
7.266799418633156094e-02
7.357338063268495376e-02
7.412968779987547108e-02
7.461883705128068145e-02
7.558478385760807050e-02
7.674858639681418626e-02
7.740288736788296375e-02
7.890147842318637195e-02
8.025672831668746732e-02
8.198054274379056039e-02
8.490139972545969471e-02
8.621894817398415012e-02
8.730387957406494925e-02
8.968565239863639238e-02
9.295702325344409878e-02
9.532391413611383812e-02
9.847908287889022005e-02
1.005587633181950630e-01
1.033958857295135814e-01
1.056275070120904075e-01
1.096867379606272369e-01
1.106427844920454262e-01
1.151043638740734260e-01
1.188463446119850525e-01
1.241273688023609018e-01
1.287809473055976095e-01
1.327622924130693605e-01
1.364665244116974596e-01
1.415790232218515077e-01
1.468107352149089495e-01
1.535322651693415141e-01
1.585347101273600900e-01
1.675961889743034505e-01
1.759677384723201121e-01
1.781992730486676446e-01
1.941206176976998932e-01
2.059101109899641180e-01
2.387283399562704356e-01
2.584491988675473029e-01
2.665679287656932961e-01
3.040393342336277782e-01
3.248000846000561603e-01
3.694415276994399977e-01
4.102110804822670098e-01
4.961613575811875121e-01
6.357569048663350708e-01
1.000000000000000000e+00
