0.000000000000000000e+00
2.135333418895289381e-01
3.039846729392705615e-01
3.791052699127863135e-01
4.278570042751885794e-01
4.683301422364288258e-01
4.910196286692461443e-01
5.198414087325538002e-01
5.446771979360427451e-01
5.667534550058099807e-01
5.971083084767401239e-01
6.182647215019337894e-01
6.366616023934078550e-01
6.461666575206689300e-01
6.555184053071677619e-01
6.690401127624001631e-01
6.881728688895317747e-01
7.065697497810048411e-01
7.212872544941837383e-01
7.341650711182143851e-01
7.433635115639509738e-01
7.513354932835893951e-01
7.571611722325561900e-01
7.674634255317812626e-01
7.764778971686028264e-01
7.884358697480600142e-01
7.967144661492229218e-01
8.052996772319104268e-01
8.086724387286801097e-01
8.141915029961224182e-01
8.215502553527118668e-01
8.275292416424400166e-01
8.337381889433119753e-01
8.427066683779055323e-01
8.500654207344949809e-01
8.565043290465108594e-01
8.620233933139521687e-01
8.693821456705416173e-01
8.749012099379829266e-01
8.785805861162780950e-01
8.831798063391458342e-01
8.888828394155030566e-01
8.951377789186040212e-01
8.978973110523247314e-01
9.024965312751924706e-01
9.084755175649215087e-01
9.116949717209289483e-01
9.153743478992242277e-01
9.202363807062564627e-01
9.282521645232548746e-01
9.319315407015501540e-01
9.360051357560900120e-01
9.392902930581386034e-01
9.438895132810073418e-01
9.494085775484486511e-01
9.521681096821702495e-01
9.521681096821702495e-01
9.551320516035742836e-01
9.567673299050379887e-01
9.593428932298447842e-01
9.613665501279068382e-01
9.641260822616274373e-01
9.659657703507745774e-01
9.714848346182168859e-01
9.742443667519374850e-01
9.751642107965110551e-01
9.760840548410846251e-01
9.779237429302327644e-01
9.779237429302327644e-01
9.788435869748063345e-01
9.806832750639533636e-01
9.816031191085269336e-01
9.825229631531005037e-01
9.825229631531005037e-01
9.843626512422476438e-01
9.843626512422476438e-01
9.852824952868211028e-01
9.871221833759692421e-01
9.898817155096899523e-01
9.908015595542635223e-01
9.926412476434105514e-01
9.935610916879841215e-01
9.954007797771312616e-01
9.954007797771312616e-01
9.954007797771312616e-01
9.954007797771312616e-01
9.954007797771312616e-01
9.963206238217058308e-01
9.972404678662794009e-01
9.972404678662794009e-01
9.972404678662794009e-01
9.972404678662794009e-01
9.981603119108528599e-01
9.981603119108528599e-01
9.990801559554264299e-01
9.990801559554264299e-01
1.000000000000000000e+00
1.000000000000000000e+00
1.000000000000000000e+00
1.000000000000000000e+00
