0.000000000000000000e+00
1.593767935741842445e-02
1.662997912198960898e-02
1.991993036907845419e-02
2.582479341729375377e-02
3.493136304922887098e-02
3.765952720247543045e-02
3.984150798848056646e-02
4.478953657128170729e-02
4.478953657128170729e-02
4.478953657128170729e-02
4.478953657128170729e-02
4.939767108635346321e-02
5.372818320094075589e-02
5.546183787617207234e-02
5.546183787617207234e-02
5.848940300979662416e-02
5.848940300979662416e-02
5.947389197450082821e-02
5.947389197450082821e-02
5.947389197450082821e-02
6.545529144181867764e-02
6.785644059602898015e-02
7.048444943848117261e-02
7.105853953048750504e-02
7.134428919627396060e-02
7.191322267857146178e-02
7.498382183766480469e-02
7.525824938213399040e-02
7.525824938213399040e-02
8.033551705271058108e-02
8.291122491891285418e-02
8.341898905270753173e-02
8.715379441792203696e-02
8.981540218474530490e-02
9.241678722707027949e-02
9.288362232824833031e-02
9.450323372209261386e-02
9.541899280183681331e-02
9.945712888260599405e-02
1.031552027453291887e-01
1.057033775541367515e-01
1.067507671928257240e-01
1.071674436773430439e-01
1.140631636050298131e-01
1.164182644836516539e-01
1.164182644836516539e-01
1.285641230629515630e-01
1.289230928499299766e-01
1.310601837291943128e-01
1.310601837291943128e-01
1.336925333409303973e-01
1.357685545163239693e-01
1.398453402587515049e-01
1.398453402587515049e-01
1.415157953261018953e-01
1.426756712988020426e-01
1.433350322846895231e-01
1.485240638656948886e-01
1.505905191564111678e-01
1.526342305598608617e-01
1.535700182106481404e-01
1.537255385701281063e-01
1.537255385701281063e-01
1.575729050028278344e-01
1.586365865388578156e-01
1.626863934971564396e-01
1.659268493871666750e-01
1.738129622240069116e-01
1.759139942020462866e-01
1.775803638394824191e-01
1.800566076795252213e-01
1.857308587963228119e-01
1.866630841515141137e-01
1.889116773740480704e-01
1.933459133228151994e-01
1.961723582222155704e-01
1.961723582222155704e-01
1.966827878499177451e-01
2.093623181673466283e-01
2.097260459855057046e-01
2.102102192526613400e-01
2.165449772686150187e-01
2.205334280447257267e-01
2.219277304699144582e-01
2.225066906933124977e-01
2.238914272338239364e-01
2.244664265830977889e-01
2.272107643056847925e-01
2.302677868836606190e-01
2.303804102290408773e-01
2.310552534996339058e-01
2.315043020339901392e-01
2.318406524894920662e-01
2.369518989795994235e-01
2.552612264523503316e-01
2.612504667066530284e-01
2.647145376065738742e-01
2.664341050219484197e-01
2.689481889110141299e-01
2.705482076790805546e-01
2.710468045067261911e-01
2.723400423638530632e-01
2.729353941292241292e-01
2.739256126602714891e-01
2.788382923098510768e-01
2.812713900242140297e-01
2.923708554111455471e-01
2.974377102176723464e-01
3.000414742755876385e-01
3.013375021824120648e-01
3.017994546966193958e-01
3.044692084121131681e-01
3.046527289132006100e-01
3.180331097501889470e-01
3.182113241746194476e-01
3.183894887767339532e-01
3.332159623364216450e-01
3.357173664460583185e-01
3.359754460430809941e-01
3.390628104115175900e-01
3.391483055058208684e-01
3.512414520747636493e-01
3.552438281882040472e-01
3.696966842000011799e-01
3.731781181770576494e-01
3.796870550098436214e-01
3.821618041804055732e-01
3.851041357868860149e-01
3.869270097745436399e-01
3.950351183960236212e-01
3.953482516522566770e-01
3.973803544560720047e-01
4.015063397355767005e-01
4.069233208679871039e-01
4.100027385770173005e-01
4.110779041568916048e-01
4.110779041568916048e-01
4.181100749525988314e-01
4.203152106599777338e-01
4.256162552629920159e-01
4.329137298915458620e-01
4.527407696662857362e-01
4.544326358739489424e-01
4.590549012434040343e-01
4.690499553509530073e-01
4.846691019586388816e-01
4.934260216905874685e-01
4.947860214511912158e-01
5.035683505643138158e-01
5.350194847137551557e-01
5.433321886760023034e-01
5.498053032635643600e-01
5.685007287743707449e-01
5.935398803180157445e-01
6.020023501622415729e-01
6.570889419235679263e-01
6.639104639671107311e-01
6.923048495613143283e-01
7.226315438603301278e-01
7.234009498867434163e-01
7.291171638492152107e-01
7.456489058195775455e-01
7.480296153686375460e-01
7.516957406712080347e-01
7.615966306014649856e-01
7.820412179833662325e-01
8.058655519953116242e-01
8.061286636462531296e-01
8.426033320984352981e-01
8.791903498732596134e-01
9.172943575264905780e-01
1.000000000000000000e+00
