0.000000000000000000e+00
3.474236841347473626e-02
5.863792251036654968e-02
7.428165409060491498e-02
7.819258833991862834e-02
7.914154129348854871e-02
7.944556592852769494e-02
8.128050443566582628e-02
1.122009809781182310e-01
1.271737121393261560e-01
1.341725516503540216e-01
1.462093790333343357e-01
1.470953645869025606e-01
1.722438854383704088e-01
1.750538652506276605e-01
1.750538652506276605e-01
1.852296657749206155e-01
1.862676528119753816e-01
1.985824381465116917e-01
2.029233101628018787e-01
2.528794698503120109e-01
2.575873339016430119e-01
2.713961323917598034e-01
2.778130218182915945e-01
2.860018606838938271e-01
2.915327645568574488e-01
3.157952998547570722e-01
3.212632363277190262e-01
3.360839551714073781e-01
3.422858540463848964e-01
3.456777947771712545e-01
3.461967882956986098e-01
3.481837282863232685e-01
3.627894565784573477e-01
3.663963661927319149e-01
3.873560598475282446e-01
3.894950013216394447e-01
4.019617664715962047e-01
4.213644362346782857e-01
4.258573097344550140e-01
4.277813039931440686e-01
4.334642310176602953e-01
4.334642310176602953e-01
4.356031724917714953e-01
4.413490669162894453e-01
4.462979665345918057e-01
4.471839737562260941e-01
4.500568993004190332e-01
4.500568993004190332e-01
4.502089224519716382e-01
4.635616948235626866e-01
4.682695588748936877e-01
4.825082951319868974e-01
4.927731514078307895e-01
4.949120928819419896e-01
4.961650704705510284e-01
5.022149678620420055e-01
5.134287987595218539e-01
5.155677402336331649e-01
5.180736954108512426e-01
5.184406657778259930e-01
5.267815277949807751e-01
5.314264677824422911e-01
5.323124316679443968e-01
5.325274222194987805e-01
5.383623290594354849e-01
5.396153066480444682e-01
5.444122264509264619e-01
5.444122264509264619e-01
5.447791968179012123e-01
5.478671129136484241e-01
5.529680790196355167e-01
5.563599980823558111e-01
5.572460053039901551e-01
5.597519604812082328e-01
5.601189308481829832e-01
5.611569178852378048e-01
5.611569178852378048e-01
5.627768658408216496e-01
5.674218058282830546e-01
5.725856959981397987e-01
5.739016409867505608e-01
5.739906967383014980e-01
5.748766606238036037e-01
5.779016093195491477e-01
5.818125652369289247e-01
5.854194748512034918e-01
5.907353881726128408e-01
5.946463007538604906e-01
5.976712494496059236e-01
6.032021533225695453e-01
6.037211468410969006e-01
6.097710442325879887e-01
6.107200188542238894e-01
6.119100290428313160e-01
6.135929443984168286e-01
6.174408895796628105e-01
6.213518454970425875e-01
6.234907869711537876e-01
6.290216908441174093e-01
6.368435593427448360e-01
6.389825441529881633e-01
6.414884559940741138e-01
6.423744632157084578e-01
6.500443085627832795e-01
6.514493093029449788e-01
6.555752124357469013e-01
6.596381481685471559e-01
6.617771329787904833e-01
6.655989898084871959e-01
6.824327369943494759e-01
6.931275310371698417e-01
6.931275310371698417e-01
7.022023771244063628e-01
7.034553547130153461e-01
7.064803034087608902e-01
7.089862585859789679e-01
7.136311552373083567e-01
7.139981689404152343e-01
7.168081270846063946e-01
7.168081270846063946e-01
7.182760952247697617e-01
7.235920085461791107e-01
7.335528185189177375e-01
7.381977585063792535e-01
7.387167520249066088e-01
7.396027159104088256e-01
7.426276646061542586e-01
7.447666494163975859e-01
7.447666494163975859e-01
7.451336197833724473e-01
7.469055475543766587e-01
7.499304962501222027e-01
7.501455301378086027e-01
7.520694810603655300e-01
7.572334145663544014e-01
7.588534058580703734e-01
7.645362462103223455e-01
7.675611949060677786e-01
7.739780626645336170e-01
7.748641132222999772e-01
7.800279600560245941e-01
7.800909707921583891e-01
7.924948118782456641e-01
7.924948118782456641e-01
7.924948118782456641e-01
7.946337100162247369e-01
7.997976435222136082e-01
8.069485386868932020e-01
8.101254238619269854e-01
8.101254238619269854e-01
8.101254238619269854e-01
8.101254238619269854e-01
8.225031765964649910e-01
8.225921890118838009e-01
8.225921890118838009e-01
8.277561225178725612e-01
8.371979389720838327e-01
8.402228876678293767e-01
8.457537915407929985e-01
8.748132683096406792e-01
8.958988967644403445e-01
9.037207219269356440e-01
9.068346830380998869e-01
9.150235652398343023e-01
9.204654566973791141e-01
9.372992038832413941e-01
9.502849625517255649e-01
9.724084913713156864e-01
9.772683785741993479e-01
9.803824263576279563e-01
9.832553519018207844e-01
1.000000000000000000e+00
