0.000000000000000000e+00
5.104980647316988054e-04
3.146861804303326560e-03
3.518790396054470842e-03
3.546685385158855706e-03
3.606552287957439859e-03
3.918696710441698684e-03
4.003742184720562869e-03
4.656518942437304527e-03
5.023681163501144374e-03
5.056613705424511940e-03
5.125135454900234949e-03
7.082004102323784245e-03
8.315813856852614927e-03
8.985426888270024726e-03
1.041319161894431813e-02
1.249966694008107157e-02
1.265763742624495189e-02
1.341878132156493555e-02
1.368772045527324836e-02
1.460710142258147409e-02
1.484729065402451767e-02
1.808728743348390552e-02
1.886455517487048775e-02
1.970354672721155373e-02
2.389563639315134269e-02
2.439079658036757969e-02
2.445183554153189387e-02
2.585997863627166604e-02
2.597598024032776384e-02
2.732507917127862188e-02
2.815197324276242502e-02
2.855339633856412637e-02
2.900507545856542344e-02
3.016900755296013370e-02
3.037322148703622618e-02
3.320371026612402993e-02
3.356637729863224534e-02
3.411721715268165728e-02
3.726041110374634507e-02
3.729733783672783271e-02
3.774793222820241323e-02
3.814239651472679793e-02
4.245593900520015784e-02
4.503307932499752558e-02
5.470689056376591003e-02
5.753098128306902148e-02
5.915535305921045678e-02
5.950169400813014320e-02
6.039004990105138748e-02
6.491508687639031827e-02
6.868343377819903506e-02
7.023890690766478040e-02
7.470045968634697608e-02
7.574951167567084420e-02
7.932662461526551745e-02
8.329146365485846915e-02
8.609498130261251936e-02
8.714418037377051618e-02
8.829456255419591837e-02
8.882903036158364130e-02
9.104545248317502670e-02
9.139844888508913412e-02
9.180446828820743033e-02
9.514559761755374268e-02
9.526025709987340218e-02
9.936711284293434088e-02
1.002520858536705695e-01
1.032337655656302838e-01
1.046287999919031514e-01
1.053215738158888581e-01
1.076655066950570755e-01
1.112641027750495004e-01
1.195770577287511988e-01
1.214420553855307394e-01
1.263488340687417277e-01
1.265525791794715471e-01
1.287932238406213625e-01
1.297923139694138750e-01
1.350978682754122306e-01
1.390037183069040561e-01
1.506874395795294308e-01
1.545327838215056759e-01
1.687900143311483192e-01
1.752833831443583734e-01
1.800209441774018038e-01
1.867943568027970458e-01
1.925420574874220914e-01
1.958635146214534051e-01
1.979798567475333504e-01
1.993520199485988575e-01
2.071084540124078222e-01
2.105058789137677355e-01
2.160259520748459838e-01
2.184653410643651317e-01
2.238055515275305662e-01
2.314128262263015767e-01
2.361289868524789337e-01
2.535735174781962864e-01
2.784890698685916210e-01
2.835203349391651195e-01
2.894737295688222245e-01
3.352768512401046452e-01
3.512388337482412193e-01
4.115831274099559511e-01
4.181535671042506119e-01
4.423650755251199440e-01
4.429614923625206924e-01
4.437770979032349405e-01
4.440500450169233004e-01
4.443542837908230347e-01
4.450272199524303307e-01
4.453701044782479301e-01
4.454173177470039380e-01
4.455046475860191535e-01
4.458035178729731207e-01
4.465711747357606898e-01
4.468430555061516096e-01
4.469825258553662417e-01
4.480027957682736206e-01
4.485128387985809484e-01
4.501487932691601856e-01
4.504295357200575056e-01
4.512346984505484770e-01
4.515040788297591812e-01
4.540501389194817605e-01
4.540899613260727108e-01
4.543198502328192889e-01
4.589399480360799033e-01
4.597735711014752091e-01
4.623107327402328770e-01
4.676657616981870214e-01
4.682412193742240825e-01
4.684032300145192229e-01
4.763674907099551548e-01
4.781525493898845514e-01
4.834506944484885382e-01
4.856641657407826940e-01
4.885120377541418146e-01
4.953627418833728702e-01
4.962925196978312248e-01
4.965569728355985202e-01
4.975079304341717412e-01
4.977116755449015328e-01
5.084354120713839853e-01
5.094182128870464732e-01
5.230311146518202836e-01
5.794848731780221085e-01
5.892718455029248847e-01
6.320304467486151934e-01
6.453928313794055072e-01
6.538490072690922306e-01
6.569028673911516680e-01
6.582594031473407714e-01
6.728493327657874001e-01
6.807595408871802700e-01
6.815349563167182323e-01
6.831277790394385541e-01
6.860767698137627546e-01
7.098321039260752086e-01
7.156789009964458215e-01
7.380886569492119964e-01
7.465741021238906372e-01
7.564324826792639955e-01
7.636881766387744186e-01
7.675704016506589289e-01
7.738801387939566734e-01
7.902481407052115436e-01
7.909817113529392651e-01
8.040974397478921620e-01
9.166978499306304151e-01
9.351503691361052750e-01
1.000000000000000000e+00
