0.000000000000000000e+00
1.814184177692794997e-01
1.844504878359888300e-01
1.865940767102788056e-01
1.882644726157854664e-01
1.906233045478808175e-01
1.923404074331530322e-01
1.941074536465670353e-01
1.963238474139283596e-01
1.970260832299932374e-01
1.978749256275006974e-01
1.983018905960781120e-01
1.994488265698221019e-01
2.006080995035761927e-01
2.017799165236365266e-01
2.022010042835627464e-01
2.027723621712934354e-01
2.035180945095346472e-01
2.041183724063552196e-01
2.048733477555589044e-01
2.059390384396663498e-01
2.065526242010099212e-01
2.071475168141324319e-01
2.077678859616725604e-01
2.091763965565758276e-01
2.101252939004823739e-01
2.109221605430678104e-01
2.123707759670491191e-01
2.131835654436455563e-01
2.136740405127578457e-01
2.141665868448309196e-01
2.149922440425711678e-01
2.158238302305366396e-01
2.163026803362815831e-01
2.169520730560595967e-01
2.182853709146996002e-01
2.189694831798576491e-01
2.200031728512210627e-01
2.213721741051474790e-01
2.220509787589685646e-01
2.220509787589685646e-01
2.234443691342581362e-01
2.248783044820049370e-01
2.257832651603559893e-01
2.276137179111568098e-01
2.288389735156051985e-01
2.305276483167407464e-01
2.318572696836253555e-01
2.337817577728455165e-01
2.359086082533336792e-01
2.374968009100844601e-01
2.382984055666926837e-01
2.388777637076093807e-01
2.402741574141920855e-01
2.410936267138369948e-01
2.420998462601831047e-01
2.441624358073131440e-01
2.447697042166263326e-01
2.462327666997590758e-01
2.483371698679098238e-01
2.494023945178510948e-01
2.515859199311035743e-01
2.533803844879608524e-01
2.547153652477565089e-01
2.567837284403897136e-01
2.569615722563595162e-01
2.582518655177763467e-01
2.598739751055099134e-01
2.614883174571405178e-01
2.636362171474675997e-01
2.650777126050212207e-01
2.663138164492267479e-01
2.676714775384428924e-01
2.685659265572679644e-01
2.700608347084226812e-01
2.708001720222725228e-01
2.715718728198844856e-01
2.722907823027836405e-01
2.733315919405747141e-01
2.735357925777204269e-01
2.737403556858842846e-01
2.747633783529997431e-01
2.767740827629622813e-01
2.777324820257013882e-01
2.798167162707715372e-01
2.844203312181843857e-01
2.984115053919457194e-01
2.992511177238841857e-01
2.995009120369540589e-01
2.997824225641108620e-01
3.007242517231637491e-01
3.010394461642201813e-01
3.014519640736462169e-01
3.014833437075020162e-01
3.015775343906433870e-01
3.017060044757856607e-01
3.025972171462345539e-01
3.032364347867177456e-01
3.034306156892906947e-01
3.049155817782336908e-01
3.058265232283839952e-01
3.066472611765923562e-01
3.085929538203734945e-01
3.088284823098009779e-01
3.090323722575026300e-01
3.101105681917357693e-01
3.112950199158568410e-01
3.126194890161265172e-01
3.126520078446107243e-01
3.128953294609281288e-01
3.135466380989448965e-01
3.138569909628304844e-01
3.148247109088931350e-01
3.148574627544604154e-01
3.150721232695580798e-01
3.151049010059124300e-01
3.154185161089612666e-01
3.163962557895966810e-01
3.170295185490676348e-01
3.173471726148899830e-01
3.176654739503875780e-01
3.181717165087887822e-01
3.182048049345872487e-01
3.187796580785642320e-01
3.194566762680816630e-01
3.197463423931464765e-01
3.210115474819508763e-01
3.213044758461789385e-01
3.218922484928738448e-01
3.222541240229088166e-01
3.231090895915440520e-01
3.234065488434988422e-01
3.235699197095302515e-01
3.249712585564317746e-01
3.261471145392656479e-01
3.263479493741001103e-01
3.274356990087398112e-01
3.299159587319108189e-01
3.348278552802484986e-01
3.480480277076470896e-01
3.545223555796608861e-01
3.640132449369651857e-01
3.729822795913013689e-01
3.754862811661602850e-01
3.774163098838004826e-01
3.782302385550253554e-01
3.800005470076025516e-01
3.820753311154141407e-01
3.851965431617979663e-01
3.871778356377174601e-01
3.889824493830825736e-01
3.927555396647973707e-01
3.957566184594560332e-01
3.967452581614225315e-01
3.970473518642520516e-01
4.000599520591300307e-01
4.019163732693016300e-01
4.033790732814162561e-01
4.049439124482842600e-01
4.081387837837107679e-01
4.157163698717831202e-01
4.180689880149960902e-01
4.221486511056931068e-01
4.266577905713074270e-01
4.313190643013909420e-01
4.366519450465068397e-01
4.419719321796918843e-01
4.470997061101166792e-01
4.490210614141086354e-01
4.524845237739740789e-01
4.599793370159763195e-01
4.609982430479571680e-01
4.673221713382314513e-01
4.711263564551448901e-01
4.722567482159896746e-01
4.769830596030416037e-01
4.867200150000863812e-01
4.942858207800692738e-01
4.968097064793516315e-01
5.004575112427263051e-01
5.078638815563033537e-01
5.203932101139213673e-01
5.381543935657433497e-01
5.599565592724696783e-01
5.712510008528716154e-01
5.801578976183845437e-01
5.994494854903514858e-01
6.147465909608834655e-01
6.367994830490121272e-01
6.850790174359595586e-01
7.488163872991954184e-01
7.708964129321101977e-01
7.965572897531925101e-01
8.441811658499056570e-01
9.311965798425705376e-01
9.342376081215851835e-01
9.467435831893203924e-01
9.473345145120304345e-01
9.830400846245551660e-01
1.000000000000000000e+00
