0.000000000000000000e+00
3.984577323666851911e-01
5.032836056467311359e-01
5.840796291531614726e-01
6.509950504967229046e-01
8.159203980099501985e-01
8.656716417910447214e-01
9.004975124378108431e-01
9.134533337305811296e-01
9.203980099502486745e-01
9.402985074626865059e-01
9.458028165313182578e-01
9.584653779206472324e-01
9.601990049751243372e-01
9.636567288464390479e-01
9.686069776785074525e-01
9.715423010562171946e-01
9.747512561574042111e-01
9.800995024875620576e-01
9.812686689099844317e-01
9.888059822809174282e-01
9.911940420958367248e-01
9.927860818566134338e-01
9.943283704581231675e-01
9.950248686427629607e-01
1.000000000000000000e+00
