0.000000000000000000e+00
1.353665651078766324e-02
1.581665667423524935e-02
2.863118746439438991e-02
3.571219704079550000e-02
4.862152391855800032e-02
7.556801285306859184e-02
8.210154911899116004e-02
9.516767328017047833e-02
9.882855967446205203e-02
1.050973131921415504e-01
1.074639546262943640e-01
1.114349582283115231e-01
1.256950810577676936e-01
1.381123791841630810e-01
1.510367512015007574e-01
1.647324646937114445e-01
1.769497034427365556e-01
1.816550503553796547e-01
1.850862085912242938e-01
1.910497506704248727e-01
2.033196064289836680e-01
2.229686289638278807e-01
2.241345863019237883e-01
2.464284155830039069e-01
2.476986468612215053e-01
2.532448355977790500e-01
2.565733824692371101e-01
2.662572538794009680e-01
2.711887110920250810e-01
2.896060460058356711e-01
2.896837655673142331e-01
3.027477471132855591e-01
3.226577237888700878e-01
3.421657552180612516e-01
3.486818812718840421e-01
3.623440388341162000e-01
3.719945650633383338e-01
3.778255225818002994e-01
3.785176224188175342e-01
3.876835195295219583e-01
3.915222898191952350e-01
3.942572971532031789e-01
3.945304747380807830e-01
4.017502684093879339e-01
4.088668887188768863e-01
4.109618278114099965e-01
4.369173045249703513e-01
4.387833233303644609e-01
4.392496406992357771e-01
4.393828809236446364e-01
4.404483343877224621e-01
4.469658654351242322e-01
4.479622400482343725e-01
4.481614681377371068e-01
4.651924724705850944e-01
4.655893363235343307e-01
4.669121846112856411e-01
4.694248751279758713e-01
4.696893417526636916e-01
4.753070680789521774e-01
5.019326330634586997e-01
5.052397537828369201e-01
5.168309039764983348e-01
5.230041179308055899e-01
5.302545872952542094e-01
5.315869895393428024e-01
5.422050411801861980e-01
5.472313120428333733e-01
5.582686137676514671e-01
5.644917986602520088e-01
5.698558768124110108e-01
5.716937489131057593e-01
5.755133644569853102e-01
5.792069520768281521e-01
5.800292011523804359e-01
5.829799686670040781e-01
5.858000717787802403e-01
6.089738485383904276e-01
6.103825419338189118e-01
6.117228121419497899e-01
6.205183061121095633e-01
6.242331091349954120e-01
6.264555279782635377e-01
6.291879594907099360e-01
6.312794329324149523e-01
6.408708089319610224e-01
6.446095905119284541e-01
6.509588033285655939e-01
6.648223433037883101e-01
6.859459534329162000e-01
7.240212325907977586e-01
7.258085717557676286e-01
7.589445023204229868e-01
7.616470543027559215e-01
7.800033890786781665e-01
7.820862452264318865e-01
8.089416671604633402e-01
8.119071402745472454e-01
8.123493385869789973e-01
8.269207143273037408e-01
8.282141514161346363e-01
8.337011196733371543e-01
8.387044891406465474e-01
8.569849542633025674e-01
8.734232854714074623e-01
9.058293687048897258e-01
9.311325537328378754e-01
9.464148562241385676e-01
9.725959749064868598e-01
9.729577139199609981e-01
1.000000000000000000e+00
