0.000000000000000000e+00
7.486994577682672958e-01
7.748099416207212542e-01
7.869147649399951261e-01
7.952180927169463232e-01
8.026210301955731818e-01
8.080231931000295686e-01
8.142256896855527559e-01
8.187275219201813892e-01
8.224289608452465261e-01
8.258303491755323300e-01
8.288315110367880933e-01
8.312325120799886058e-01
8.342336739412444802e-01
8.367346719732059457e-01
8.391356730164064581e-01
8.407362807500435853e-01
8.430372251759865598e-01
8.449380027613961897e-01
8.461384436544999721e-01
8.479391646226520640e-01
8.491396651442523202e-01
8.509403861124044122e-01
8.526410504632990772e-01
8.543417148141936313e-01
8.555422153357938875e-01
8.568427724746516816e-01
8.587434904315647266e-01
8.604441547824593917e-01
8.619447655273355657e-01
8.634453762722117398e-01
8.643457665705360782e-01
8.649459870170879139e-01
8.657463206981547144e-01
8.668467646024975437e-01
8.679472085068402620e-01
8.693477626344590092e-01
8.703481499215443007e-01
8.713485372086294811e-01
8.722489275069539305e-01
8.728491479535057662e-01
8.732493147940391109e-01
8.744498153156393672e-01
8.752500893682096939e-01
8.759503664320190675e-01
8.769508133476008327e-01
8.782513108579620420e-01
8.792516981450473335e-01
8.804521986666475897e-01
8.815526425709904190e-01
8.822529196347996816e-01
8.830532533158665931e-01
8.838535273684368088e-01
8.848539742840186850e-01
8.857543049538464386e-01
8.865546386349133501e-01
8.870548024642076479e-01
8.878551361452744484e-01
8.884554162203228689e-01
8.895558004961691134e-01
8.901560805712175339e-01
8.916566913160937080e-01
8.925570219859214616e-01
8.936574658902642909e-01
8.940576327307976356e-01
8.949579634006255002e-01
8.960584073049682186e-01
8.972589078265684748e-01
8.983593517309113041e-01
8.987595185714446488e-01
8.992596824007390577e-01
8.997599058585299403e-01
9.003601263050817760e-01
9.015606268266820322e-01
9.021608472732338679e-01
9.031612941888157442e-01
9.037615146353675799e-01
9.044617916991769535e-01
9.051620687629863271e-01
9.057622892095381628e-01
9.065626228906049633e-01
9.070628463483959569e-01
9.072628999544143369e-01
9.075630101776902547e-01
9.083633438587571662e-01
9.093637311458423467e-01
9.101640648269092582e-01
9.107642852734610939e-01
9.115646189545278943e-01
9.118647291778038122e-01
9.122648960183372679e-01
9.132652833054225594e-01
9.139656199977284068e-01
9.145658404442803535e-01
9.152661175080896161e-01
9.159663945718989897e-01
9.161664481779173697e-01
9.165666150184508254e-01
9.170668384762418190e-01
9.178671721573086195e-01
9.182673389978420753e-01
9.188675594443939110e-01
9.194677798909457467e-01
9.200680599659941672e-01
9.205682237952884650e-01
9.208683340185643829e-01
9.219687779229072122e-01
9.224690013806980948e-01
9.230692218272499305e-01
9.236695019022983510e-01
9.243697789661077246e-01
9.248699427954020225e-01
9.254702228704505540e-01
9.262704969230207697e-01
9.272709438386026459e-01
9.279712209024119085e-01
9.290716051782581530e-01
9.294717720187916088e-01
9.302721056998584093e-01
9.310724393809253208e-01
9.313725496042012386e-01
9.322729399025255770e-01
9.329732169663348396e-01
9.335734374128866753e-01
9.340736608706776689e-01
9.344737680827145399e-01
9.351741047750203872e-01
9.355742119870572582e-01
9.360744354448481408e-01
9.369748257431725902e-01
9.372749359664485080e-01
9.382753232535336885e-01
9.388755437000855242e-01
9.390756569346006000e-01
9.398759309871708156e-01
9.403761544449618093e-01
9.408763779027526919e-01
9.412765447432861476e-01
9.416766519553229076e-01
9.422769320303714391e-01
9.426770988709047838e-01
9.433773759347141574e-01
9.438775397640084552e-01
9.442777066045419110e-01
9.447779300623327936e-01
9.457783173494180851e-01
9.460784275726940029e-01
9.468787612537609144e-01
9.471788714770368323e-01
9.479792051581036327e-01
9.484793689873980416e-01
9.489795924451889242e-01
9.496798695089982978e-01
9.504802031900650983e-01
9.511804802538744719e-01
9.516807037116653545e-01
9.521808675409597633e-01
9.529812012220265638e-01
9.538815318918543174e-01
9.544818119669027379e-01
9.554821992539880293e-01
9.563825299238157829e-01
9.574829738281586122e-01
9.590836411902922132e-01
9.599839718601200778e-01
9.606843085524259251e-01
9.618847494455297076e-01
9.633853601904058817e-01
9.644858040947486000e-01
9.657863016051098093e-01
9.666866919034341477e-01
9.677871358077769770e-01
9.687875230948621574e-01
9.701880772224809046e-01
9.707882976690327403e-01
9.721889114251479613e-01
9.733893523182517438e-01
9.747899064458703799e-01
9.759904069674706362e-01
9.770908508718134655e-01
9.780912381588986459e-01
9.791916820632414753e-01
9.802921259675841936e-01
9.815926234779454029e-01
9.825930703935272792e-01
9.839936245211459154e-01
9.852941220315071247e-01
9.859943990953164983e-01
9.876950634462111633e-01
9.888955639678114196e-01
9.909963951592394293e-01
9.921968956808396856e-01
9.929972293619064860e-01
9.943977834895252332e-01
9.952981141593529868e-01
9.963985580636958161e-01
9.972989483620201545e-01
9.982993356491053349e-01
9.991996663189331995e-01
1.000000000000000000e+00
