0.000000000000000000e+00
1.253767296101027454e-02
1.447666914198487628e-02
1.553452806458678788e-02
1.633375247323268567e-02
1.710290042098905686e-02
1.770152978390624951e-02
1.842942216922754950e-02
1.899054323980020609e-02
1.947317671295407254e-02
1.992989114427408393e-02
2.034979216372768268e-02
2.069843573239579793e-02
2.114840643341718562e-02
2.153598873131649591e-02
2.191937632389057838e-02
2.218137507625894678e-02
2.256733542143250434e-02
2.289207679648374780e-02
2.310302725616686370e-02
2.342291463685387820e-02
2.364226298133963525e-02
2.397507174925879794e-02
2.429382698321561063e-02
2.462577647210451373e-02
2.486478823929061388e-02
2.512235501007293106e-02
2.551600649575796326e-02
2.587426992197194159e-02
2.619733510972352755e-02
2.653055911109912859e-02
2.673402350475333894e-02
2.686805408516951613e-02
2.704966533520208535e-02
2.730727617157569995e-02
2.756598525807082978e-02
2.789919570080295549e-02
2.814298350015329714e-02
2.839055416103330315e-02
2.861963083221272935e-02
2.877414852292038347e-02
2.887465196768252210e-02
2.919004296322697325e-02
2.939692413503700724e-02
2.958606043219847923e-02
2.984972520288390468e-02
3.020896146176725236e-02
3.048278165641582146e-02
3.081598531982621125e-02
3.114034535802970641e-02
3.134990436192615360e-02
3.158167920315720079e-02
3.182025709375208011e-02
3.212860098435014328e-02
3.241034281644927795e-02
3.265300185873028227e-02
3.280826188516822173e-02
3.306404230467264310e-02
3.324886356354803812e-02
3.361699429255131377e-02
3.381532673965004232e-02
3.433624643231784901e-02
3.465418984249656748e-02
3.505095303685922675e-02
3.519077993736118015e-02
3.552726140283176542e-02
3.592619398015050453e-02
3.638114070332740257e-02
3.681481052523036951e-02
3.696804692412958976e-02
3.715921362815152035e-02
3.735228193192088875e-02
3.759325631275006740e-02
3.808398429605880375e-02
3.832955166736530528e-02
3.875424566728749576e-02
3.901240562872186624e-02
3.931474981958201637e-02
3.962153785584126425e-02
3.989511738456814893e-02
4.027132228576107975e-02
4.048713860362147116e-02
4.056505673801429068e-02
4.067348520988785937e-02
4.105007653241984217e-02
4.153822837346823893e-02
4.190196610198544669e-02
4.220137823619402734e-02
4.261479483440546584e-02
4.274496459109199814e-02
4.295339144825823657e-02
4.347073843837024471e-02
4.383268981560956012e-02
4.413921006866017294e-02
4.451218801270593467e-02
4.488635911737754586e-02
4.496794825449135918e-02
4.514738673190698409e-02
4.542849808708450399e-02
4.587412663253286060e-02
4.606682546326752725e-02
4.639045333472334443e-02
4.672930078348040694e-02
4.708371016528647979e-02
4.736287585512526793e-02
4.750448910690511367e-02
4.820864030750081353e-02
4.851265560116932440e-02
4.888375567309373448e-02
4.927714954455272856e-02
4.974210932593627760e-02
5.004361627056182205e-02
5.044449790288016433e-02
5.100048363723647810e-02
5.172699643058414204e-02
5.223876064924511814e-02
5.308016260808242487e-02
5.335584372654800928e-02
5.398279540085508532e-02
5.461205204455299445e-02
5.482506511287482676e-02
5.553105689932232025e-02
5.609527950959000003e-02
5.657389284495337872e-02
5.697511344335860761e-02
5.730814762372555410e-02
5.790402288718678875e-02
5.820291640328242866e-02
5.860962147297349434e-02
5.941502523338335062e-02
5.963738698638153951e-02
6.059773214510765643e-02
6.111353683952432808e-02
6.123729335784695166e-02
6.195647092507437087e-02
6.238145304617041115e-02
6.282065818427225168e-02
6.313886598799874073e-02
6.351884697139960345e-02
6.411676959002562959e-02
6.445168164251392773e-02
6.511008936968416816e-02
6.561914185965003754e-02
6.600437003807592407e-02
6.649938255272291876e-02
6.765556197848740516e-02
6.786633787063578449e-02
6.873935180673620970e-02
6.900021332788307260e-02
6.990886615835885387e-02
7.037932396967172544e-02
7.089174578254126002e-02
7.165437202278591988e-02
7.266798909172726695e-02
7.357338106844719949e-02
7.412969221024692801e-02
7.461884061159076986e-02
7.558477871075053312e-02
7.674858487346998548e-02
7.740288433166714333e-02
7.890148051908363325e-02
8.025672794835540802e-02
8.198053998322166191e-02
8.490139719528756734e-02
8.621895159569745171e-02
8.730388034999819746e-02
8.968565945612173851e-02
9.295702116067276755e-02
9.532391287626021392e-02
9.847907700622621219e-02
1.005587627563939018e-01
1.033958885656768578e-01
1.056275056953092512e-01
1.096867398342563221e-01
1.106427869030007088e-01
1.151043670077614711e-01
1.188463492273470756e-01
1.241273730678365828e-01
1.287809435642104094e-01
1.327622900757124691e-01
1.364665250318622958e-01
1.415790149339513360e-01
1.468107259881204496e-01
1.535322743460208750e-01
1.585347087390192866e-01
1.675961806706343926e-01
1.759677345876421994e-01
1.781992703654137200e-01
1.941206294943097765e-01
2.059101140518387607e-01
2.387283224731190645e-01
2.584492067045107144e-01
2.665679325966309188e-01
3.040393318722677263e-01
3.248001098236563133e-01
3.694415095901457113e-01
4.102110760084846097e-01
4.961613507961943892e-01
6.357569137231682266e-01
1.000000000000000000e+00
