0.000000000000000000e+00
1.253767218590907950e-02
1.447666925951440926e-02
1.553452887682796497e-02
1.633375235158331801e-02
1.710290038062035889e-02
1.770153011074084362e-02
1.842942172971138992e-02
1.899054274826705163e-02
1.947317757442731945e-02
1.992989181073902619e-02
2.034979267566646224e-02
2.069843571342147581e-02
2.114840541436968993e-02
2.153598750223584615e-02
2.191937639798655427e-02
2.218137423271045183e-02
2.256733562274131771e-02
2.289207799421410020e-02
2.310302781294493180e-02
2.342291337866987330e-02
2.364226280102666236e-02
2.397507164736969662e-02
2.429382563287685315e-02
2.462577786241950881e-02
2.486478981299985319e-02
2.512235386261807424e-02
2.551600629669927359e-02
2.587427041018449184e-02
2.619733656236269970e-02
2.653056049771086028e-02
2.673402285107539730e-02
2.686805429766585263e-02
2.704966499098363994e-02
2.730727663042410366e-02
2.756598547965518134e-02
2.789919355172925872e-02
2.814298299168703499e-02
2.839055317863414807e-02
2.861963207576069187e-02
2.877414829694791010e-02
2.887465271376790654e-02
2.919004104129084912e-02
2.939692457409888438e-02
2.958605974708915232e-02
2.984972586947057943e-02
3.020896028655375987e-02
3.048277890434710966e-02
3.081598433254217548e-02
3.114034598543700960e-02
3.134990247992771456e-02
3.158168077752706443e-02
3.182025648807017271e-02
3.212860152190109841e-02
3.241034384509797195e-02
3.265299906095894822e-02
3.280826085602798342e-02
3.306404293119109133e-02
3.324886329363128945e-02
3.361699436359497084e-02
3.381532494779426051e-02
3.433624578594933474e-02
3.465419074447834841e-02
3.505095238027945009e-02
3.519077920966754564e-02
3.552726040396036317e-02
3.592619530831057950e-02
3.638114078956224129e-02
3.681480833251308399e-02
3.696804756013676724e-02
3.715921323220942180e-02
3.735228249717180427e-02
3.759325620598018280e-02
3.808398394580084223e-02
3.832955271633471661e-02
3.875424429003465621e-02
3.901240585630993268e-02
3.931474928478016079e-02
3.962153707387212204e-02
3.989511509867524341e-02
4.027132057514621472e-02
4.048713513126192542e-02
4.056505553354842336e-02
4.067348629965095164e-02
4.105007513857888285e-02
4.153823038411938451e-02
4.190196468328358237e-02
4.220137869380682916e-02
4.261479676739311079e-02
4.274496550674481560e-02
4.295339306489674713e-02
4.347073673474652344e-02
4.383268905945560123e-02
4.413920981676719424e-02
4.451218711696265651e-02
4.488635945047222964e-02
4.496794955682949929e-02
4.514738433771915693e-02
4.542849741771080863e-02
4.587412322543980847e-02
4.606682499121931423e-02
4.639045164574839147e-02
4.672930175563732441e-02
4.708370844964181179e-02
4.736287563467951600e-02
4.750448708240173623e-02
4.820864195558889620e-02
4.851265631559566888e-02
4.888375646169153266e-02
4.927714979562940883e-02
4.974210764670527335e-02
5.004361560940723264e-02
5.044449640871139645e-02
5.100048301422279579e-02
5.172699452834828709e-02
5.223875961347953373e-02
5.308015824625857831e-02
5.335584608651448846e-02
5.398279440474879759e-02
5.461205347324092629e-02
5.482506022984427047e-02
5.553105524282483940e-02
5.609528017534237687e-02
5.657389101764406097e-02
5.697511023346196052e-02
5.730814909727917350e-02
5.790402654934657944e-02
5.820291707182514984e-02
5.860961969271709371e-02
5.941502455660605669e-02
5.963738535715924077e-02
6.059773210675660493e-02
6.111353703902051154e-02
6.123729172788541092e-02
6.195647440938541889e-02
6.238145152201882149e-02
6.282065799150299279e-02
6.313886469405434465e-02
6.351884827363564467e-02
6.411677208805952044e-02
6.445167753046027181e-02
6.511008800895548565e-02
6.561914047421885110e-02
6.600436950976297512e-02
6.649938297746454952e-02
6.765556184559343156e-02
6.786633716830936525e-02
6.873935130633208879e-02
6.900021227308017480e-02
6.990886061244713789e-02
7.037932301962916692e-02
7.089174378675576482e-02
7.165437068820594557e-02
7.266799159992576307e-02
7.357337739259003917e-02
7.412968655134109797e-02
7.461883589539068662e-02
7.558478238073867983e-02
7.674858619594254749e-02
7.740288279869272925e-02
7.890148101337877973e-02
8.025672810795173029e-02
8.198054251252558100e-02
8.490139957926129410e-02
8.621895024685945208e-02
8.730388186333194744e-02
8.968565728696871464e-02
9.295702397004299011e-02
9.532390906707560729e-02
9.847908255526365007e-02
1.005587577872994187e-01
1.033958832056769139e-01
1.056275074523777835e-01
1.096867395059653166e-01
1.106427767327706480e-01
1.151043648701518957e-01
1.188463420176329305e-01
1.241273740164649392e-01
1.287809394967759924e-01
1.327622934501412610e-01
1.364665160053092074e-01
1.415790165803033351e-01
1.468107243722590882e-01
1.535322685638500773e-01
1.585347097432693309e-01
1.675961820414711145e-01
1.759677393988525185e-01
1.781992790414249628e-01
1.941206127056891162e-01
2.059101133986544208e-01
2.387283297811078342e-01
2.584491925512193422e-01
2.665679316218118045e-01
3.040393327659983158e-01
3.248000860297080017e-01
3.694414966992750071e-01
4.102110840352489740e-01
4.961613487554197843e-01
6.357569339094770733e-01
1.000000000000000000e+00
