0.000000000000000000e+00
2.547121752419765120e-04
5.094243504839531325e-04
7.641365257259295904e-04
1.018848700967906265e-03
1.337238920020376864e-03
1.337238920020376864e-03
1.496434029546612164e-03
1.528273051451859181e-03
1.878502292409577230e-03
2.324248599083036330e-03
2.547121752419765663e-03
3.152063168619459628e-03
3.183902190524706861e-03
3.406775343861436628e-03
3.534131431482424694e-03
4.616658176260825426e-03
5.476311767702495524e-03
6.208609271523178423e-03
6.399643402954660956e-03
7.991594498217013953e-03
8.469179826795720720e-03
9.424350483953132518e-03
1.079342842587875662e-02
1.397733061640346434e-02
1.607870606214976961e-02
1.849847172694854547e-02
2.212812022414671273e-02
2.642638818135506495e-02
3.215741212429953921e-02
3.957590422822210990e-02
4.938232297503820228e-02
6.262735608762098893e-02
8.150789607743250120e-02
1.114365766683647480e-01
1.532730514518593767e-01
2.277445236882322532e-01
3.566607233825777046e-01
5.597936831380539990e-01
1.000000000000000000e+00
