0.000000000000000000e+00
9.605394375156735276e-02
1.702221797384578517e-01
2.315684829291239089e-01
2.866143637063781613e-01
3.346965746328492974e-01
3.796838834043353983e-01
4.201392758676403827e-01
4.594893108380977420e-01
4.935337945512002777e-01
5.283519461551392515e-01
5.552116555772265150e-01
5.835083462108469066e-01
6.081574065305643817e-01
6.335802006244437568e-01
6.543605920733515102e-01
6.723775733193086968e-01
6.907262112256143949e-01
7.052061143777847985e-01
7.173648820907948531e-01
7.316237466860584515e-01
7.456615727244152447e-01
7.562728070057759266e-01
7.659997552928584641e-01
7.770531984546835691e-01
7.862274515245109008e-01
7.967281994690809110e-01
8.049076802078395376e-01
8.146346943782475369e-01
8.206035260146363752e-01
8.264618054309090800e-01
8.317674555132521519e-01
8.375151827094087231e-01
8.427102805716356615e-01
8.474632354367235276e-01
8.527688855190665995e-01
8.598430417066403875e-01
8.643749580148214484e-01
8.693489514368161197e-01
8.733281725277419749e-01
8.770863550617611359e-01
8.819497962636396737e-01
8.865922647919368682e-01
8.911241152167924673e-01
8.952138885278345670e-01
8.983088236244823888e-01
9.007405771670843331e-01
9.033933692665931936e-01
9.070409995804961101e-01
9.099148961202372377e-01
9.132309356571173264e-01
9.161047663135328811e-01
9.182049290791119978e-01
9.210788256188530143e-01
9.237316177183617638e-01
9.257212282638247469e-01
9.277108388092877300e-01
9.293688585777277744e-01
9.309163261260516853e-01
9.336796704456765683e-01
9.357798332112556849e-01
9.373273007595795958e-01
9.385431775308805680e-01
9.406433402964596846e-01
9.425223986218065342e-01
9.445120091672694063e-01
9.468332104897553281e-01
9.482701258179631054e-01
9.501492500266354169e-01
9.512545745778202555e-01
9.525809376859118993e-01
9.540179188974451385e-01
9.553442820055368934e-01
9.567812632170701326e-01
9.578865877682549712e-01
9.585497693223008486e-01
9.595446075366950156e-01
9.606499320878798542e-01
9.616447703022741322e-01
9.629711334103657761e-01
9.637448671845276760e-01
9.645186009586896869e-01
9.650712961759448927e-01
9.659555821702229261e-01
9.665082115041526700e-01
9.670609067214077648e-01
9.676136019386629705e-01
9.682767834927088479e-01
9.689399650467546143e-01
9.700452895979395640e-01
9.705979848151946587e-01
9.710401278123337310e-01
9.718138615864956309e-01
9.724770431405415083e-01
9.729191861376805806e-01
9.740245106888654192e-01
9.749087966831435637e-01
9.754614919003986584e-01
9.762352256745606693e-01
9.772299980056293744e-01
9.783353884401396749e-01
9.791091222143016859e-01
9.794407129913246246e-01
9.806565897626255968e-01
9.814303235367874967e-01
9.820935050908333741e-01
9.826462003080885799e-01
9.833093818621343463e-01
9.838620770793895520e-01
9.844147064133192959e-01
9.845252586334354294e-01
9.851884401874811958e-01
9.852989924075973294e-01
9.855200309645041346e-01
9.865148691788983015e-01
9.867359077358051067e-01
9.870675643961535073e-01
9.879517845071060789e-01
9.883939275042451511e-01
9.889466227215003569e-01
9.889466227215003569e-01
9.890571749416164904e-01
9.893887657186394291e-01
9.897203564956622568e-01
9.899413950525690620e-01
9.902729858295920007e-01
9.906046424899404013e-01
9.910467854870794735e-01
9.912678240439861677e-01
9.915994148210091064e-01
9.919310055980320451e-01
9.921521100382643121e-01
9.922625963750549838e-01
9.925942530354033844e-01
9.931468823693330172e-01
9.931468823693330172e-01
9.933679868095652843e-01
9.934784731463559559e-01
9.935890253664720895e-01
9.936995775865882230e-01
9.939206161434950282e-01
9.940311683636111617e-01
9.944733113607501229e-01
9.946943499176569281e-01
9.949154543578891952e-01
9.953575973550282674e-01
9.954680836918189391e-01
9.955786359119350726e-01
9.957997403521673396e-01
9.961313311291901673e-01
9.961313311291901673e-01
9.961313311291901673e-01
9.965734741263292396e-01
9.969050649033521783e-01
9.970156171234683118e-01
9.973472079004912505e-01
9.973472079004912505e-01
9.975682464573980557e-01
9.975682464573980557e-01
9.976787986775140782e-01
9.976787986775140782e-01
9.976787986775140782e-01
9.977893508976302117e-01
9.978998372344208834e-01
9.981209416746531504e-01
9.982314280114438221e-01
9.982314280114438221e-01
9.983419802315599556e-01
9.984525324516760891e-01
9.984525324516760891e-01
9.984525324516760891e-01
9.985630846717922227e-01
9.986735710085828943e-01
9.986735710085828943e-01
9.988946754488151614e-01
9.988946754488151614e-01
9.988946754488151614e-01
9.991157140057219666e-01
9.992262662258379891e-01
9.992262662258379891e-01
9.993368184459541226e-01
9.993368184459541226e-01
9.994473047827447942e-01
9.994473047827447942e-01
9.994473047827447942e-01
9.994473047827447942e-01
9.994473047827447942e-01
9.994473047827447942e-01
9.994473047827447942e-01
9.995578570028609278e-01
9.997789614430931948e-01
9.997789614430931948e-01
9.997789614430931948e-01
9.998894477798838665e-01
9.998894477798838665e-01
9.998894477798838665e-01
9.998894477798838665e-01
1.000000000000000000e+00
1.000000000000000000e+00
1.000000000000000000e+00
