0.000000000000000000e+00
2.179929689174980867e-01
2.425719713078004214e-01
2.554169132345647242e-01
2.649099782077372067e-01
2.738714958295336843e-01
2.807339853547508035e-01
2.889266825734435051e-01
2.951709978507743859e-01
3.004811676769923445e-01
3.054035790140691153e-01
3.099087669312188820e-01
3.136415986535704969e-01
3.184205425640211362e-01
3.225026676476881460e-01
3.265101660975649467e-01
3.292317613953477107e-01
3.332162771992115413e-01
3.365184923512789528e-01
3.386707716136785340e-01
3.418904849595457152e-01
3.441064084724426153e-01
3.474234096625044010e-01
3.505516210051312642e-01
3.538493360586786873e-01
3.562118877816860540e-01
3.586889241539466533e-01
3.625412227774843510e-01
3.659955305450079965e-01
3.690892947049161932e-01
3.722930434155576340e-01
3.742405681952965524e-01
3.754901491236218858e-01
3.771893113231371553e-01
3.796330791099105095e-01
3.820469533850865962e-01
3.851192349318218744e-01
3.873703020712560563e-01
3.896476197853903090e-01
3.917751485059298155e-01
3.932059119722871032e-01
3.941039494900370754e-01
3.970092452381189796e-01
3.988454461520889449e-01
4.005754661700272057e-01
4.028854095984315542e-01
4.061131588345130439e-01
4.084911930393333446e-01
4.113595772650308624e-01
4.142606943502012973e-01
4.161278066551957200e-01
4.180903853359361211e-01
4.201377694447381850e-01
4.228238996803751482e-01
4.252650424096784953e-01
4.272575681746175191e-01
4.285465249649929587e-01
4.307054472299697290e-01
4.321765508652028465e-01
4.353224411663012550e-01
4.369623520686363727e-01
4.413880918178673118e-01
4.440610431935527735e-01
4.473889196217045727e-01
4.485021047067923039e-01
4.513337381279097227e-01
4.545055575680996274e-01
4.581923168532225366e-01
4.617493768702864987e-01
4.629449030437702284e-01
4.644152566625833756e-01
4.658970748181022747e-01
4.678010450728796177e-01
4.716618081674430751e-01
4.735494387787846926e-01
4.768756544562922084e-01
4.788824305332113340e-01
4.812008384326413868e-01
4.835453361889672785e-01
4.856877580927039806e-01
4.886715377018789885e-01
4.901980889795908847e-01
4.906691528639537947e-01
4.912357902692655598e-01
4.940853169392601107e-01
4.978276310120646753e-01
5.003282929015553382e-01
5.025741099260494504e-01
5.057265896571235819e-01
5.065068210243317548e-01
5.080695338080080115e-01
5.118387413267297958e-01
5.144055653789848526e-01
5.165038970317457068e-01
5.191315259866224885e-01
5.217179040383991273e-01
5.220653759312658959e-01
5.229921283633817142e-01
5.249759217942878697e-01
5.280214706129101598e-01
5.290664577763791732e-01
5.311106275290955470e-01
5.333334083349753341e-01
5.357369430980757352e-01
5.374653023653696016e-01
5.381084950181230786e-01
5.430571033572985096e-01
5.450145390683017732e-01
5.474060199960806283e-01
5.500638638981631967e-01
5.531792713890486546e-01
5.549214523875112270e-01
5.575167770637263764e-01
5.611890181738621308e-01
5.660686785749987626e-01
5.694239841750821096e-01
5.750328212542653583e-01
5.765988555392301818e-01
5.806824270831357770e-01
5.846726215827511286e-01
5.858243789408674740e-01
5.900844186338793929e-01
5.934887967368713824e-01
5.962593573923600232e-01
5.985430502460643565e-01
6.004925036394547222e-01
6.039932588524170587e-01
6.053971288728571265e-01
6.075403543656152650e-01
6.122159567279097381e-01
6.131331732369712517e-01
6.188793704662176598e-01
6.214306048914570724e-01
6.216455381683891890e-01
6.252804927479305164e-01
6.271615875018977659e-01
6.291621491570511537e-01
6.303014776716361345e-01
6.321773758832648360e-01
6.352594076434602277e-01
6.364677376686853627e-01
6.393796228467429899e-01
6.418543020245407460e-01
6.435123740387601599e-01
6.456861359143326595e-01
6.518217523833647054e-01
6.519606125662679164e-01
6.559430926112774785e-01
6.565912675159638612e-01
6.607168935519909247e-01
6.620395475086651160e-01
6.637790498770562708e-01
6.666062903448565224e-01
6.712722496388938698e-01
6.753644999442308672e-01
6.771395745199707550e-01
6.780646662014422343e-01
6.814327756532669866e-01
6.857823351632662545e-01
6.871515437105819579e-01
6.935945061940106404e-01
6.990523756823676660e-01
7.059005613230032727e-01
7.190657066885071114e-01
7.224238516364661633e-01
7.253612373728038909e-01
7.350356991744140256e-01
7.486456042769793484e-01
7.572200062808518428e-01
7.621889722085701813e-01
7.695587406967159261e-01
7.762395655304882292e-01
7.861828546460677414e-01
7.910201391194743303e-01
8.028303262496425674e-01
8.046111866663366863e-01
8.168132038033546483e-01
8.260632634564464283e-01
8.419110032658929654e-01
8.539744816556162910e-01
8.606126626986512207e-01
8.654857336698120740e-01
8.764575095876205868e-01
8.855526372773804278e-01
8.887739578012904262e-01
8.962822650367310295e-01
9.002556377394976828e-01
9.078552326877727952e-01
9.144749847559162648e-01
9.209822343610594153e-01
9.304064049687944538e-01
9.370604435018523581e-01
9.388650901535808835e-01
9.508167089515209280e-01
9.731335546738933973e-01
9.789028952669570627e-01
9.823060412001162200e-01
9.887094671036905646e-01
9.989659416472225217e-01
1.000000000000000000e+00
