0.000000000000000000e+00
2.132038372800551251e-01
2.372804992780084277e-01
2.498667248231074833e-01
2.591702204536672771e-01
2.679541682309599659e-01
2.746816091620691291e-01
2.827141409763332391e-01
2.888371572630105688e-01
2.940446864058927634e-01
2.988725396834105430e-01
3.032915213082220673e-01
3.069531433085998517e-01
3.116412552281360160e-01
3.156461400034015763e-01
3.195781332827534182e-01
3.222485681001210356e-01
3.261584849228251759e-01
3.293992173177653915e-01
3.315114704827324399e-01
3.346715715589401174e-01
3.368464944285032292e-01
3.401023798942786058e-01
3.431732933919287021e-01
3.464106294089231430e-01
3.487300289711038892e-01
3.511621621551010985e-01
3.549445515174363686e-01
3.583364880459253277e-01
3.613746134334063220e-01
3.645209003954690274e-01
3.664335836986399308e-01
3.676609171213240934e-01
3.693299103068836686e-01
3.717301697901587154e-01
3.741013641160129688e-01
3.771195684405426185e-01
3.793310676879836363e-01
3.815684969747416555e-01
3.836586410255807267e-01
3.850644149203405475e-01
3.859468853516048181e-01
3.888015410150519879e-01
3.906060627436411248e-01
3.923060805354363634e-01
3.945764938772449715e-01
3.977487761935851740e-01
4.000863333147838818e-01
4.029061761042865841e-01
4.057577619645904021e-01
4.075931776694942665e-01
4.095228428623941541e-01
4.115359152598477288e-01
4.141768603725513032e-01
4.165771851707868456e-01
4.185368952455150171e-01
4.198046586287463855e-01
4.219278520495965412e-01
4.233751662592319387e-01
4.264690053080162357e-01
4.280821542023515169e-01
4.324352003745420836e-01
4.350645847392378696e-01
4.383383011892286740e-01
4.394336983917105366e-01
4.422195120867947193e-01
4.453409793638688496e-01
4.489690947895120798e-01
4.524695194673852283e-01
4.536463644256058525e-01
4.550939398950832881e-01
4.565528148527265295e-01
4.584270929591256483e-01
4.622279011403208071e-01
4.640865036562008550e-01
4.673614610904410771e-01
4.693374345903328360e-01
4.716205843494381544e-01
4.739295335179395385e-01
4.760392720569274760e-01
4.789774002398887731e-01
4.804817344100373866e-01
4.809464503539678804e-01
4.815061342504599051e-01
4.843131099927447947e-01
4.879995516781111542e-01
4.904646689171589524e-01
4.926774091488493879e-01
4.957833314653254386e-01
4.965533295346152287e-01
4.980931950432737620e-01
5.018081793663770052e-01
5.043386768808814091e-01
5.064079201443617562e-01
5.089986380524437193e-01
5.115492525747810104e-01
5.118933317866750654e-01
5.128094394225948260e-01
5.147656878044166717e-01
5.177695881525976596e-01
5.188022829930032387e-01
5.208198621227310143e-01
5.230132038111541259e-01
5.253843981370083238e-01
5.270908167949321932e-01
5.277276376597701546e-01
5.326090818623751000e-01
5.345412943387343185e-01
5.369021035858697610e-01
5.395249564545158139e-01
5.425997888497957611e-01
5.443214258935151761e-01
5.468837971087417982e-01
5.505091693060442104e-01
5.553262782725604252e-01
5.586395102736514406e-01
5.641776964040456921e-01
5.657261834874897088e-01
5.697595782430119327e-01
5.737019239436023099e-01
5.748415393743401269e-01
5.790527214523329969e-01
5.824183360517419805e-01
5.851584945894392487e-01
5.874176737580425467e-01
5.893457713918905938e-01
5.928082480777153718e-01
5.942000445709290091e-01
5.963223235823322810e-01
6.009481250295549692e-01
6.018590727835956278e-01
6.075433031656594096e-01
6.100720371762304861e-01
6.102894053647618389e-01
6.138918520109301058e-01
6.157590761015956371e-01
6.177443896408382207e-01
6.188787798747363844e-01
6.207386886898262901e-01
6.237933387623127990e-01
6.249965056496133986e-01
6.278879989507805126e-01
6.303426657961488377e-01
6.319899744148236298e-01
6.341490257489862392e-01
6.402306323507089836e-01
6.403785707362328328e-01
6.443333915942780488e-01
6.449837979708993307e-01
6.490815279625102852e-01
6.504054622117683149e-01
6.521408153971920418e-01
6.549574577536304565e-01
6.595925992402040805e-01
6.636592393106188759e-01
6.654327364329724048e-01
6.663685038720015275e-01
6.697290239044917382e-01
6.740644350373483640e-01
6.754460423967246774e-01
6.818566404544667003e-01
6.872930005614473759e-01
6.941169770041699660e-01
7.072160882765654577e-01
7.105926757893378243e-01
7.135424953502279566e-01
7.231882740312680635e-01
7.367578489641177786e-01
7.453288046552323243e-01
7.576512557323674679e-01
7.643489130414904409e-01
7.743039580604801353e-01
7.792031679323400128e-01
7.911420242464809460e-01
7.928309384949917549e-01
8.051116533123698904e-01
8.051891821704788565e-01
8.145388228206291714e-01
8.304908262525384499e-01
8.426840843378120560e-01
8.494943446388304453e-01
8.545499185261182795e-01
8.657155110229446393e-01
8.750465369093535228e-01
8.861010286583758111e-01
8.903758928228524550e-01
8.992819795762730939e-01
9.050572590132686113e-01
9.120871082114752060e-01
9.120915496287889113e-01
9.227197306306524904e-01
9.319492570684503319e-01
9.512052830920206814e-01
9.588104264622778761e-01
9.704329624227356899e-01
9.805562587799635521e-01
9.837822953087921318e-01
9.873130914432960425e-01
9.954705381195091407e-01
1.000000000000000000e+00
