0.000000000000000000e+00
1.893466957101809234e-01
2.743361818383831530e-01
3.219140281398174541e-01
3.780314878799704292e-01
4.098239881280150709e-01
4.422819127998555144e-01
4.753220838425178396e-01
5.073769148730211676e-01
5.325364237549381485e-01
5.547201564096554405e-01
5.765186433453325376e-01
5.896679861966815928e-01
6.156210838278873831e-01
6.291113722880192771e-01
6.477043473095346338e-01
6.600194639172450861e-01
6.744699357160340858e-01
6.879991232925184441e-01
7.036550812635035124e-01
7.172168007007072577e-01
7.239264969739863664e-01
7.316528138947319126e-01
7.415285573272640818e-01
7.532427083833904691e-01
7.629425490225750783e-01
7.733342604408602883e-01
7.831887032503027646e-01
7.932911217627737210e-01
8.005390289670649695e-01
8.106122872682474112e-01
8.188229513117506464e-01
8.230659402795472701e-01
8.267015403251273264e-01
8.317870430397648063e-01
8.383573170528202390e-01
8.445587030023661290e-01
8.498197148530053369e-01
8.568017202282847133e-01
8.622438357856935243e-01
8.658060745344164921e-01
8.731257431961754190e-01
8.773955499155351445e-01
8.835373408616089552e-01
8.881310639527817408e-01
8.907225224032326860e-01
8.948136503421288968e-01
8.969146663468926528e-01
9.013956173545720763e-01
9.075644545349479397e-01
9.114715749692651192e-01
9.146038656128104849e-01
9.189956668098663295e-01
9.252783824112092992e-01
9.301772231561888926e-01
9.325488597513168498e-01
9.385533078131274021e-01
9.406420619460474919e-01
9.420205192844868236e-01
9.446958367778202081e-01
9.470126617270465674e-01
9.488930277366461885e-01
9.511391083296941718e-01
9.552162207683771999e-01
9.566919604179253689e-01
9.603772102649913434e-01
9.627916843027246596e-01
9.646216014681642248e-01
9.676714634105642032e-01
9.693793860983076494e-01
9.721191787432302833e-01
9.747138718957412129e-01
9.768210492377626952e-01
9.774310216262426243e-01
9.780409940147224424e-01
9.800905012400149552e-01
9.810011541352868791e-01
9.828191110578152756e-01
9.844795914486773603e-01
9.865806074534417824e-01
9.865806074534417824e-01
9.884105246188813476e-01
9.896304693958410947e-01
9.902404417843209128e-01
9.908504141728015080e-01
9.914603865612813260e-01
9.926803313382410732e-01
9.926803313382410732e-01
9.939002761152007093e-01
9.945102485036806383e-01
9.957301932806402744e-01
9.963401656691202035e-01
9.963401656691202035e-01
9.963401656691202035e-01
9.963401656691202035e-01
9.969501380576006877e-01
1.000000000000000000e+00
1.000000000000000000e+00
1.000000000000000000e+00
1.000000000000000000e+00
