0.000000000000000000e+00
1.929040902711975577e-02
2.225020947706001298e-02
2.386235445794323076e-02
2.507911733464584375e-02
2.624909034908190497e-02
2.715900557762991607e-02
2.826460138723212515e-02
2.911629326924539823e-02
2.984843388012558760e-02
3.054090751564512984e-02
3.117725912209792088e-02
3.170539814540906248e-02
3.238674111810004724e-02
3.297334837832753551e-02
3.355336466409088864e-02
3.394959466830243383e-02
3.453309471723640250e-02
3.502385240874857086e-02
3.534255222472701408e-02
3.582569461534015204e-02
3.615688910724040861e-02
3.665924880973498584e-02
3.714022668536230004e-02
3.764093798593336898e-02
3.800135343014224981e-02
3.838963897971604811e-02
3.898286354670676274e-02
3.952254401671239509e-02
4.000902270962120033e-02
4.051062140867185690e-02
4.081680284965928662e-02
4.101846612906846767e-02
4.129166373220622549e-02
4.167910138174907991e-02
4.206807683755924010e-02
4.256891189993606411e-02
4.293522577914281324e-02
4.330712210575825283e-02
4.365115359346859875e-02
4.388315694789805127e-02
4.403404102172738671e-02
4.450742729552485677e-02
4.481785876958664649e-02
4.510159455882326723e-02
4.549705302667125806e-02
4.603566440533352067e-02
4.644606908614931640e-02
4.694531894412046907e-02
4.743114459601165123e-02
4.774492553851865384e-02
4.809189571080829673e-02
4.844895642011214087e-02
4.891029830030236419e-02
4.933169934922132516e-02
4.969454263140700434e-02
4.992665131503284254e-02
5.030894889979184437e-02
5.058512205272763795e-02
5.113504578708223669e-02
5.143122622087239332e-02
5.220885587844371206e-02
5.268326911190598927e-02
5.327505593536598083e-02
5.348354981316107842e-02
5.398515377867155879e-02
5.457962649663949950e-02
5.525724608223808038e-02
5.590286665797323390e-02
5.613092543399786361e-02
5.641538272822976124e-02
5.670261018032673322e-02
5.706101910334437227e-02
5.779061338090182159e-02
5.815556851347513517e-02
5.878650093277364153e-02
5.916989920763492117e-02
5.961877011097251045e-02
6.007408716112919850e-02
6.047999428525912408e-02
6.103797043667777422e-02
6.135796053531199223e-02
6.147347506499341308e-02
6.163420215222543963e-02
6.219227836638065859e-02
6.291535803314135533e-02
6.345389568136615421e-02
6.389703140996028097e-02
6.450867278693987739e-02
6.470119875856217284e-02
6.500941831949977323e-02
6.577415568343289443e-02
6.630893834580636748e-02
6.676166429773185140e-02
6.731234113584064205e-02
6.786455578021673152e-02
6.798494178523120657e-02
6.824965512159972270e-02
6.866427297027113963e-02
6.932127963213609301e-02
6.960528401082351213e-02
7.008212508226259463e-02
7.058121694643916533e-02
7.110303358473696322e-02
7.151392277985615942e-02
7.172231132845487134e-02
7.275801858302209657e-02
7.320494089622646416e-02
7.375028807699789135e-02
7.432815564715489209e-02
7.501083630064002417e-02
7.545334532051563292e-02
7.604148248732069126e-02
7.685675679968195784e-02
7.792135058635928091e-02
7.867077835159705379e-02
7.990201345988370840e-02
8.030519255782711530e-02
8.122163556332143153e-02
8.214084346022099137e-02
8.245185951132275037e-02
8.348218971041423964e-02
8.430505299137544539e-02
8.500267985782838931e-02
8.558722529903653453e-02
8.607224518257533541e-02
8.693962058193113740e-02
8.737449323506844834e-02
8.796600093615800087e-02
8.913661909192195643e-02
8.945963213849257578e-02
9.085381151359528396e-02
9.160203852599420327e-02
9.178149841080428251e-02
9.282393093456103861e-02
9.343954848870436591e-02
9.407548404483141724e-02
9.453602542312906920e-02
9.508579116368909290e-02
9.595041747101910878e-02
9.643447885887075632e-02
9.738559096935697768e-02
9.812050437133215675e-02
9.867638973820244686e-02
9.939035316301556011e-02
1.010564819902787931e-01
1.013600091355171956e-01
1.026164389875804522e-01
1.029916426509625560e-01
1.042977773508024786e-01
1.049735378760847521e-01
1.057091885824346655e-01
1.068033166757798580e-01
1.082561749461916911e-01
1.095525772282851390e-01
1.103485394324882074e-01
1.110480095598779943e-01
1.124282328164589589e-01
1.140893163752150913e-01
1.150223013310025244e-01
1.171567553641766762e-01
1.190841427301668198e-01
1.215317193983705274e-01
1.256688290412754372e-01
1.275308596409052975e-01
1.290622197613869593e-01
1.324179342279495908e-01
1.370134049347868643e-01
1.403285149961409906e-01
1.447349935258948617e-01
1.476315358937129174e-01
1.515729544226439851e-01
1.546650193777216742e-01
1.602710394605683097e-01
1.615879598701186193e-01
1.677164654316601611e-01
1.728347797364600535e-01
1.800246770771086469e-01
1.863280396375779913e-01
1.916970479627068125e-01
1.966727149368351080e-01
2.035091906919151428e-01
2.104682696315936519e-01
2.193549992602533139e-01
2.259296476989459124e-01
2.377548512485066490e-01
2.485843147070705417e-01
2.514557360615494730e-01
2.717578544024538134e-01
2.865856773535174762e-01
3.269677115626208885e-01
3.506206044307771941e-01
3.602282281453724200e-01
4.036200652071725847e-01
4.270085396607102290e-01
4.757985823008786808e-01
5.186511760088382550e-01
6.040520041788673966e-01
7.300206251287542081e-01
1.000000000000000000e+00
