1.190364591770418457e-08
1.487989956986018975e-08
1.760516095673846341e-08
2.039482579089702530e-08
3.066868818688152899e-08
4.315560406802765016e-08
3.694706971077574532e-08
4.797988470174903516e-08
5.627734493433942445e-08
5.081786322407414037e-08
5.797511249279181493e-08
5.856913364652188450e-08
6.691569607987484710e-08
6.431993546588924258e-08
5.661297792408663587e-08
5.696781993009209430e-08
5.274552264199394599e-08
5.412461248970109232e-08
4.083487213185242447e-08
3.903595421960283212e-08
3.878048176844737940e-08
3.356139467166385971e-08
2.941440040636577665e-08
4.138471797953175896e-08
3.240595316520723903e-08
2.183558340853031396e-08
2.067527048806747965e-08
3.005799445518850621e-08
2.890946136082952301e-08
2.427504255979857324e-08
2.327546681539614553e-08
2.057906315614953989e-08
9.183325964835791088e-09
6.373823014383457734e-09
1.891298159812822207e-08
1.473743830398463552e-08
