0
0.00566000717361
0.0309086331129
0.0521562850235
0.0597956555794
0.0670701054797
0.0735369214201
0.0806831053385
0.0852236644996
0.0897253224647
0.0950769394781
0.101620104843
0.106430133216
0.112383927667
0.121727335056
0.142206377547
0.166574434432
0.189191996222
0.218965342242
0.233503446749
0.266641562018
0.297061081993
0.338063698958
0.408720818094
0.436162033505
0.459854220211
0.479293500789
0.497080302802
0.518086734824
0.534091486658
0.539425157786
0.543403710795
0.556260429987
0.562179575446
0.564354938326
0.581816694922
0.605571608804
0.619686126358
0.631379405247
0.642240405015
0.671766417133
0.694071733897
0.706292805781
0.719619837479
0.731470288849
0.744743387217
0.757673779154
0.778324894848
0.794633958953
0.803812563635
0.817451423118
0.830047806584
0.841677575075
0.851335657922
0.856545047487
0.876581803329
0.887851559847
0.900320403381
0.9121756089
0.925376276026
0.970543168519
0.98760449973
1.00732049289
1.0188526567
1.02702025988
