0
0.00801301681354
0.032988534214
0.0615649375145
0.0765755619198
0.0850624321074
0.0933589016611
0.102231646198
0.113458442414
0.123267553932
0.135666660326
0.156689731805
0.179146307824
0.200755229197
0.223227121159
0.245140634999
0.268312381455
0.321553115993
0.362027911349
0.379504345666
0.413553748834
0.430747469034
0.448630802501
0.475408945595
0.518403893834
0.536463129818
0.56402718519
0.588879650772
0.607162250207
0.621743155241
0.63534754997
0.646219295428
0.656621224137
0.665046960683
0.668413594192
0.670877784764
0.673067965273
0.675645144785
0.684770080887
0.694081523855
0.705126557216
0.715209694097
0.736221454473
0.752444119751
0.764478960797
0.7762579116
0.789282009048
0.80433910287
0.824731953992
0.837900530601
0.846672426257
0.858103820677
0.876971524671
0.886162205623
0.897608337577
0.903002254427
0.90995254223
0.923554304282
0.931455803663
0.945474491367
0.967651488852
0.991272628442
1.00868407788
1.02174098485
1.03555830925
