# UNNS Spectral Trajectory Ladder
# Oxide: Eu2O3

# index wt_pct spectral
0 0.025000000373 1.625000000000
1 0.050000000745 1.514000058174
2 0.050000000745 1.457999944687
3 0.100000001490 1.457999944687
4 0.100000001490 1.625000000000
5 0.170000001788 1.577000021935
6 0.170000001788 1.503000020981
7 0.189999997616 1.914000034332
8 0.200000002980 1.625000000000
9 0.200000002980 1.735000014305
10 0.209999993443 1.527999997139
11 0.209999993443 1.761000037193
12 0.230000004172 1.730000019073
13 0.230000004172 1.496999979019
14 0.250000000000 1.514000058174
15 0.250000000000 1.457999944687
16 0.259999990463 1.940000057220
17 0.259999990463 1.695999979973
18 0.270000010729 1.585999965668
19 0.289999991655 1.458999991417
20 0.289999991655 1.514999985695
21 0.289999991655 1.567999958992
22 0.289999991655 1.542999982834
23 0.289999991655 1.480000019073
24 0.289999991655 1.644000053406
25 0.289999991655 1.712000012398
26 0.289999991655 1.656999945641
27 0.289999991655 1.457999944687
28 0.300000011921 1.539000034332
29 0.300000011921 1.541000008583
30 0.300000011921 1.715999960899
31 0.300000011921 1.536999940872
32 0.310000002384 1.661000013351
33 0.319999992847 1.544999957085
34 0.330000013113 1.577000021935
35 0.340000003576 1.648000001907
36 0.340000003576 1.577000021935
37 0.370000004768 1.554000020027
38 0.389999985695 1.555999994278
39 0.430000007153 1.527999997139
40 0.436890006065 1.500000000000
41 0.439999997616 1.741999983788
42 0.479999989271 1.679999947548
43 0.490000009537 2.092999935150
44 0.490000009537 1.659000039101
45 0.500000000000 1.514999985695
46 0.500000000000 1.682000041008
47 0.500000000000 1.625000000000
48 0.500000000000 1.674999952316
49 0.500000000000 1.601999998093
50 0.509999990463 1.575000047684
51 0.509999990463 1.764999985695
52 0.569999992847 1.480000019073
53 0.589999973774 1.444000005722
54 0.600000023842 1.598000049591
55 0.600000023842 1.593000054359
56 0.610000014305 1.636000037193
57 0.689999997616 1.902999997139
58 0.720000028610 1.532999992371
59 0.740000009537 1.713999986649
60 0.750000000000 1.692000031471
61 0.759999990463 1.547000050545
62 0.779999971390 1.557000041008
63 0.810000002384 1.600999951363
64 0.819999992847 1.577999949455
65 0.910000026226 1.636000037193
66 0.910000026226 1.985000014305
67 0.910510003567 1.569000005722
68 0.920000016689 1.570000052452
69 0.959999978542 1.557000041008
70 0.980000019073 1.531999945641
71 0.990000009537 1.560999989510
72 0.990000009537 1.547000050545
73 0.990000009537 1.625000000000
74 1.000000000000 1.993000030518
75 1.000000000000 1.544000029564
76 1.000000000000 1.814000010490
77 1.000000000000 1.618999958038
78 1.000000000000 1.503999948502
79 1.000000000000 1.478999972343
80 1.000000000000 1.773000001907
81 1.000000000000 1.593999981880
82 1.000000000000 1.695000052452
83 1.000000000000 1.835000038147
84 1.000000000000 1.534999966621
85 1.000000000000 1.692000031471
86 1.000000000000 1.572000026703
87 1.000000000000 1.531999945641
88 1.000000000000 1.758000016212
89 1.000000000000 1.884999990463
90 1.009999990463 1.692000031471
91 1.019999980927 1.766000032425
92 1.029999971390 1.493000030518
93 1.039999961853 1.531999945641
94 1.090000033379 1.554999947548
95 1.100000023842 1.532999992371
96 1.100000023842 2.003000020981
97 1.149999976158 1.534000039101
98 1.149999976158 1.532999992371
99 1.159999966621 1.557999968529
100 1.210000038147 1.636000037193
101 1.210000038147 1.534000039101
102 1.269999980927 1.692000031471
103 1.299999952316 1.940999984741
104 1.309999942780 1.965999960899
105 1.330000042915 1.722000002861
106 1.350000023842 1.570999979973
107 1.419999957085 1.646999955177
108 1.440000057220 1.661999940872
109 1.441599965096 1.500000000000
110 1.450000047684 1.628000020981
111 1.480000019073 1.542000055313
112 1.490000009537 1.692999958992
113 1.500000000000 1.965999960899
114 1.500000000000 1.541000008583
115 1.500399947166 1.965999960899
116 1.509999990463 1.636000037193
117 1.539999961853 1.559000015259
118 1.539999961853 1.916000008583
119 1.539999961853 1.606999993324
120 1.610000014305 1.537999987602
121 1.629999995232 1.536000013351
122 1.629999995232 1.580000042915
123 1.679999947548 1.626999974251
124 1.740000009537 1.445999979973
125 1.750000000000 1.692999958992
126 1.769999980927 1.671000003815
127 1.809999942780 1.557000041008
128 1.809999942780 1.598999977112
129 1.830000042915 1.802000045776
130 1.919999957085 1.559999942780
131 1.950000047684 2.131999969482
132 2.009999990463 1.554999947548
133 2.009999990463 1.694000005722
134 2.029999971390 1.768000006676
135 2.079999923706 1.559000015259
136 2.079999923706 1.968000054359
137 2.089999914169 1.555999994278
138 2.099999904633 1.531999945641
139 2.150000095367 1.575000047684
140 2.190000057220 2.137000083923
141 2.319999933243 1.527999997139
142 2.440000057220 1.519000053406
143 2.480000019073 1.476999998093
144 2.509999990463 1.559000015259
145 2.529999971390 1.472000002861
146 2.579999923706 1.942000031471
147 2.589999914169 1.467000007629
148 2.589999914169 1.914999961853
149 2.609999895096 1.955999970436
150 2.660000085831 1.463000059128
151 2.660000085831 1.534999966621
152 2.680000066757 1.493000030518
153 2.690000057220 1.572000026703
154 2.720000028610 1.457999944687
155 2.730000019073 1.947000026703
156 2.799999952316 1.651000022888
157 2.799999952316 1.483999967575
158 2.869999885559 1.447999954224
159 2.900000095367 1.554000020027
160 2.910000085831 1.626000046730
161 3.039999961853 1.924000024796
162 3.089999914169 1.536000013351
163 3.099999904633 1.605000019073
164 3.130000114441 1.546000003815
165 3.170000076294 1.580999970436
166 3.190000057220 1.623999953270
167 3.210000038147 1.559999942780
168 3.220000028610 1.583999991417
169 3.299999952316 1.616999983788
170 3.309999942780 1.531000018120
171 3.359999895096 1.572000026703
172 3.400000095367 1.570000052452
173 3.450000047684 1.610000014305
174 3.460000038147 1.662999987602
175 3.509999990463 1.603999972343
176 3.559999942780 1.603000044823
177 3.569999933243 1.598999977112
178 3.619999885559 2.075999975204
179 3.640000104904 1.588000059128
180 3.839999914169 1.942999958992
181 3.859999895096 1.509999990463
182 3.980000019073 1.449000000954
183 4.030000209808 1.546000003815
184 4.130000114441 1.536000013351
185 4.159999847412 1.654999971390
186 4.320000171661 2.005000114441
187 4.449999809265 1.578999996185
188 4.500000000000 1.555999994278
189 4.500000000000 1.932000041008
190 4.530000209808 1.626999974251
191 4.539999961853 1.789999961853
192 4.619999885559 1.539999961853
193 4.760000228882 1.503999948502
194 4.769999980927 1.557999968529
195 4.769999980927 1.588000059128
196 4.769999980927 1.524999976158
197 4.969999790192 1.870000004768
198 5.000000000000 1.516000032425
199 5.090000152588 1.944000005722
200 5.239999771118 1.606999993324
201 5.280000209808 1.549999952316
202 5.329999923706 1.817000031471
203 5.369999885559 1.562000036240
204 5.460000038147 1.544000029564
205 5.480000019073 1.659000039101
206 5.480000019073 1.488999962807
207 5.480000019073 1.539999961853
208 5.510000228882 1.541000008583
209 5.730000019073 1.452999949455
210 5.869999885559 1.623000025749
211 5.869999885559 1.447000026703
212 5.909999847412 1.562999963760
213 5.929999828339 1.940000057220
214 6.250000000000 1.601999998093
215 6.280000209808 1.593000054359
216 6.519999980927 2.009999990463
217 6.780000209808 1.664000034332
218 7.320000171661 1.947999954224
219 7.380000114441 1.621000051498
220 7.760000228882 1.597000002861
221 7.989999771118 1.544999957085
222 8.039999961853 1.493999958038
223 8.380000114441 1.572999954224
224 8.439999580383 1.613999962807
225 8.510000228882 1.547999978065
226 8.630000114441 1.832999944687
227 9.069999694824 1.547999978065
228 9.140000343323 1.536000013351
229 9.649999618530 1.570999979973
230 10.420000076294 2.009000062942
231 10.500000000000 1.498000025749
232 11.640000343323 1.937999963760
233 11.729999542236 1.898000001907
234 11.760000228882 1.848000049591
235 13.159999847412 1.547000050545
236 14.720000267029 1.863999962807
237 15.000000000000 1.582999944687
238 15.020000457764 1.562999963760
239 15.109999656677 1.508000016212
240 15.569999694824 1.631999969482
241 19.370000839233 1.518000006676
242 26.950000762939 1.664000034332
243 26.959999084473 1.536999940872
244 40.869998931885 1.641000032425
