# UNNS Spectral Trajectory Ladder
# Oxide: NiO

# index wt_pct spectral
0 0.001000000047 1.539999961853
1 0.002000000095 1.491999983788
2 0.002000000095 1.524999976158
3 0.002000000095 1.500000000000
4 0.002000000095 1.526000022888
5 0.004000000190 1.524999976158
6 0.004999999888 1.524999976158
7 0.008999999613 1.526000022888
8 0.009999999776 1.496999979019
9 0.009999999776 1.526999950409
10 0.010999999940 1.503000020981
11 0.014000000432 1.496999979019
12 0.019999999553 1.526000022888
13 0.019999999553 1.491999983788
14 0.021999999881 1.500000000000
15 0.024000000209 1.524999976158
16 0.025000000373 1.521000027657
17 0.025000000373 1.526000022888
18 0.028000000864 1.508999943733
19 0.029999999329 1.524999976158
20 0.030999999493 2.049999952316
21 0.030999999493 1.483999967575
22 0.037000000477 1.483999967575
23 0.039999999106 1.458999991417
24 0.039999999106 1.518000006676
25 0.041000001132 1.506999969482
26 0.043000001460 1.493999958038
27 0.043999999762 1.486999988556
28 0.045000001788 1.481999993324
29 0.046000000089 1.472000002861
30 0.048999998719 1.509999990463
31 0.050000000745 1.521000027657
32 0.050000000745 1.508000016212
33 0.050000000745 1.501999974251
34 0.050000000745 1.532999992371
35 0.050000000745 1.495000004768
36 0.050000000745 1.485999941826
37 0.050000000745 1.488000035286
38 0.050000000745 1.500000000000
39 0.050000000745 1.486999988556
40 0.050000000745 1.611999988556
41 0.050000000745 1.496999979019
42 0.050999999046 1.534999966621
43 0.052000001073 1.483999967575
44 0.052000001073 1.511999964714
45 0.052999999374 1.521999955177
46 0.054000001401 1.506999969482
47 0.054999999702 1.480999946594
48 0.054999999702 1.503000020981
49 0.064000003040 1.529999971390
50 0.068999998271 1.518000006676
51 0.071999996901 2.035000085831
52 0.071999996901 1.514999985695
53 0.072999998927 1.509999990463
54 0.075000002980 1.518000006676
55 0.076999999583 1.501000046730
56 0.079000003636 1.610999941826
57 0.090000003576 1.524000048637
58 0.093000002205 1.547000050545
59 0.093999996781 1.475999951363
60 0.094999998808 1.524999976158
61 0.094999998808 1.506000041962
62 0.096000000834 1.516000032425
63 0.096000000834 1.503000020981
64 0.096000000834 1.506000041962
65 0.097000002861 1.476999998093
66 0.097000002861 1.529999971390
67 0.097000002861 1.500000000000
68 0.097999997437 1.531999945641
69 0.097999997437 1.483999967575
70 0.097999997437 1.518000006676
71 0.097999997437 1.504999995232
72 0.097999997437 1.514999985695
73 0.097999997437 1.463999986649
74 0.097999997437 1.503000020981
75 0.098999999464 1.463999986649
76 0.098999999464 1.475999951363
77 0.098999999464 1.503000020981
78 0.098999999464 1.496999979019
79 0.098999999464 1.470999956131
80 0.100000001490 1.511000037193
81 0.100000001490 1.504999995232
82 0.100000001490 1.514999985695
83 0.100000001490 1.685999989510
84 0.100000001490 1.480000019073
85 0.100000001490 1.529999971390
86 0.100000001490 1.547000050545
87 0.100000001490 1.488000035286
88 0.100000001490 1.735000014305
89 0.100000001490 1.485999941826
90 0.100000001490 1.610999941826
91 0.100000001490 1.516000032425
92 0.100000001490 1.569000005722
93 0.100000001490 1.509999990463
94 0.100000001490 1.493000030518
95 0.109999999404 1.503000020981
96 0.109999999404 1.503999948502
97 0.109999999404 1.559999942780
98 0.140000000596 1.534999966621
99 0.140000000596 2.036000013351
100 0.159999996424 1.483999967575
101 0.159999996424 1.485000014305
102 0.170000001788 1.504999995232
103 0.180000007153 1.534000039101
104 0.180000007153 1.541000008583
105 0.180000007153 1.481999993324
106 0.180000007153 1.608999967575
107 0.180000007153 1.527999997139
108 0.189999997616 1.529999971390
109 0.189999997616 1.516999959946
110 0.189999997616 1.485000014305
111 0.189999997616 1.610000014305
112 0.189999997616 1.516000032425
113 0.189999997616 1.509999990463
114 0.189999997616 1.521000027657
115 0.189999997616 1.524999976158
116 0.189999997616 1.514000058174
117 0.200000002980 1.518000006676
118 0.200000002980 1.564000010490
119 0.200000002980 1.504999995232
120 0.200000002980 1.754999995232
121 0.200000002980 1.514999985695
122 0.200000002980 1.560999989510
123 0.200000002980 1.501999974251
124 0.200000002980 1.498999953270
125 0.200000002980 1.508999943733
126 0.200000002980 1.554999947548
127 0.200000002980 1.529000043869
128 0.200000002980 1.539000034332
129 0.200000002980 1.585000038147
130 0.200000002980 1.526000022888
131 0.200000002980 1.536000013351
132 0.200000002980 1.523000001907
133 0.200000002980 1.648000001907
134 0.200000002980 1.519999980927
135 0.200000002980 1.526999950409
136 0.200000002980 1.582999944687
137 0.200000002980 1.491000056267
138 0.200000002980 1.501000046730
139 0.200000002980 1.557000041008
140 0.200000002980 1.488000035286
141 0.200000002980 1.498000025749
142 0.200000002980 1.544000029564
143 0.200000002980 1.485000014305
144 0.200000002980 1.495000004768
145 0.200000002980 1.541000008583
146 0.200000002980 1.481999993324
147 0.200000002980 1.606999993324
148 0.200000002980 1.488999962807
149 0.200000002980 1.485999941826
150 0.200000002980 1.519000053406
151 0.200000002980 1.506000041962
152 0.200000002980 1.631000041962
153 0.200000002980 1.516000032425
154 0.200000002980 1.572000026703
155 0.200000002980 1.503000020981
156 0.200000002980 1.513000011444
157 0.200000002980 1.625000000000
158 0.200000002980 1.509999990463
159 0.200000002980 1.506999969482
160 0.200000002980 1.631999969482
161 0.200000002980 1.493999958038
162 0.200000002980 1.503999948502
163 0.200000002980 1.559999942780
164 0.200000002980 1.478000044823
165 0.200000002980 1.475000023842
166 0.200000002980 1.583999991417
167 0.200000002980 1.649999976158
168 0.200000002980 1.521999955177
169 0.200000002980 1.496000051498
170 0.200000002980 1.480000019073
171 0.200000002980 1.486999988556
172 0.200000002980 1.611999988556
173 0.200000002980 1.542999982834
174 0.200000002980 1.549999952316
175 0.200000002980 1.605999946594
176 0.200000002980 1.514000058174
177 0.200000002980 1.524000048637
178 0.200000002980 1.521000027657
179 0.209999993443 1.503999948502
180 0.209999993443 1.506000041962
181 0.209999993443 1.508999943733
182 0.219999998808 1.493000030518
183 0.219999998808 1.493999958038
184 0.219999998808 2.036000013351
185 0.230000004172 1.598000049591
186 0.230000004172 1.485000014305
187 0.230000004172 1.500000000000
188 0.230000004172 1.486999988556
189 0.239999994636 1.611999988556
190 0.239999994636 1.486999988556
191 0.239999994636 1.511000037193
192 0.239999994636 1.485000014305
193 0.239999994636 1.516000032425
194 0.239999994636 1.513000011444
195 0.250000000000 1.478000044823
196 0.250000000000 1.784000039101
197 0.250000000000 1.909000039101
198 0.250000000000 1.541000008583
199 0.250000000000 1.902999997139
200 0.250000000000 1.912999987602
201 0.250000000000 1.784999966621
202 0.250000000000 1.534999966621
203 0.250000000000 1.840999960899
204 0.250000000000 1.521999955177
205 0.250000000000 1.906999945641
206 0.250000000000 1.496000051498
207 0.250000000000 1.871000051498
208 0.250000000000 1.506000041962
209 0.250000000000 1.927000045776
210 0.250000000000 1.812000036240
211 0.250000000000 1.493000030518
212 0.250000000000 1.549000024796
213 0.250000000000 1.934000015259
214 0.250000000000 1.559000015259
215 0.250000000000 1.865000009537
216 0.250000000000 1.486999988556
217 0.250000000000 1.927999973297
218 0.250000000000 1.483999967575
219 0.250000000000 1.493999958038
220 0.250000000000 1.843000054359
221 0.250000000000 1.774000048637
222 0.250000000000 1.511000037193
223 0.250000000000 1.567000031471
224 0.250000000000 1.837000012398
225 0.250000000000 1.508000016212
226 0.250000000000 1.883000016212
227 0.250000000000 1.518000006676
228 0.250000000000 1.574000000954
229 0.250000000000 1.504999995232
230 0.250000000000 1.820999979973
231 0.250000000000 1.955999970436
232 0.250000000000 1.945999979973
233 0.250000000000 1.695999979973
234 0.250000000000 1.876999974251
235 0.250000000000 1.501999974251
236 0.250000000000 1.886999964714
237 0.250000000000 1.567999958992
238 0.250000000000 1.498999953270
239 0.250000000000 1.883999943733
240 0.250000000000 1.917000055313
241 0.250000000000 1.542000055313
242 0.250000000000 1.848000049591
243 0.250000000000 1.904000043869
244 0.250000000000 1.914000034332
245 0.250000000000 1.539000034332
246 0.250000000000 1.526000022888
247 0.250000000000 1.911000013351
248 0.250000000000 1.921000003815
249 0.250000000000 1.476999998093
250 0.250000000000 1.907999992371
251 0.250000000000 1.473999977112
252 0.250000000000 1.894999980927
253 0.250000000000 1.779999971390
254 0.250000000000 1.904999971390
255 0.250000000000 1.526999950409
256 0.250000000000 1.491000056267
257 0.250000000000 1.501000046730
258 0.250000000000 1.488000035286
259 0.250000000000 1.498000025749
260 0.250000000000 1.873000025749
261 0.250000000000 2.262000083923
262 0.250000000000 1.919000029564
263 0.250000000000 1.814000010490
264 0.250000000000 1.481999993324
265 0.250000000000 1.922999978065
266 0.250000000000 1.547999978065
267 0.250000000000 1.932999968529
268 0.250000000000 1.478999972343
269 0.250000000000 1.863999962807
270 0.250000000000 1.488999962807
271 0.250000000000 1.919999957085
272 0.250000000000 1.929999947548
273 0.250000000000 1.475999951363
274 0.250000000000 1.485999941826
275 0.250000000000 1.516000032425
276 0.250000000000 1.832000017166
277 0.250000000000 1.878000020981
278 0.250000000000 1.503000020981
279 0.250000000000 1.509999990463
280 0.250000000000 1.506999969482
281 0.250000000000 1.881999969482
282 0.250000000000 1.503999948502
283 0.250000000000 2.109999895096
284 0.250000000000 1.559999942780
285 0.259999990463 1.478999972343
286 0.259999990463 1.506000041962
287 0.270000010729 1.500000000000
288 0.270000010729 1.480999946594
289 0.280000001192 1.578999996185
290 0.280000001192 1.529999971390
291 0.289999991655 2.036999940872
292 0.289999991655 1.514000058174
293 0.289999991655 1.585999965668
294 0.300000011921 1.493000030518
295 0.300000011921 1.536000013351
296 0.300000011921 1.786999940872
297 0.300000011921 1.501000046730
298 0.310000002384 1.498000025749
299 0.319999992847 1.503999948502
300 0.330000013113 1.514999985695
301 0.340000003576 1.506000041962
302 0.349999994040 1.509999990463
303 0.360000014305 1.981999993324
304 0.389999985695 1.611999988556
305 0.400000005960 1.554000020027
306 0.400000005960 1.503000020981
307 0.400000005960 1.501000046730
308 0.409999996424 1.503999948502
309 0.430000007153 1.587000012398
310 0.430000007153 1.513000011444
311 0.439999997616 1.529999971390
312 0.439999997616 1.501000046730
313 0.449999988079 1.526000022888
314 0.460000008345 1.491999983788
315 0.469999998808 1.534999966621
316 0.479999989271 1.547000050545
317 0.490000009537 1.503999948502
318 0.500000000000 1.501000046730
319 0.500000000000 1.488000035286
320 0.500000000000 1.550999999046
321 0.500000000000 1.488999962807
322 0.500000000000 1.506999969482
323 0.500000000000 1.486999988556
324 0.500000000000 1.480999946594
325 0.519999980927 1.509999990463
326 0.540000021458 1.509999990463
327 0.550000011921 1.611999988556
328 0.550000011921 1.496999979019
329 0.560000002384 1.503999948502
330 0.560000002384 1.508999943733
331 0.560000002384 1.526999950409
332 0.560000002384 1.496000051498
333 0.589999973774 1.508000016212
334 0.610000014305 1.508000016212
335 0.610000014305 1.514999985695
336 0.610000014305 1.498999953270
337 0.610000014305 1.513000011444
338 0.620000004768 1.498999953270
339 0.639999985695 1.840999960899
340 0.639999985695 1.493999958038
341 0.649999976158 1.501000046730
342 0.699999988079 1.503000020981
343 0.740000009537 1.501999974251
344 0.750000000000 1.526999950409
345 0.750000000000 1.495000004768
346 0.750000000000 1.506000041962
347 0.779999971390 1.741000056267
348 0.779999971390 1.613000035286
349 0.790000021458 1.500000000000
350 0.829999983311 1.488999962807
351 0.990000009537 1.478999972343
352 0.990000009537 1.485999941826
353 0.990000009537 1.588000059128
354 0.990000009537 1.503000020981
355 0.990000009537 1.613000035286
356 0.990000009537 1.534999966621
357 0.990000009537 1.496000051498
358 0.990000009537 1.490000009537
359 0.990000009537 1.491000056267
360 0.990000009537 1.501000046730
361 0.990000009537 1.498000025749
362 0.990000009537 1.485000014305
363 0.990000009537 1.495000004768
364 1.000000000000 1.575999975204
365 1.000000000000 1.527999997139
366 1.000000000000 1.483000040054
367 1.000000000000 1.490000009537
368 1.029999971390 1.483999967575
369 1.029999971390 1.498000025749
370 1.059999942780 1.521000027657
371 1.100000023842 1.628999948502
372 1.110000014305 1.472000002861
373 1.139999985695 1.447999954224
374 1.149999976158 1.527999997139
375 1.159999966621 1.685999989510
376 1.200000047684 1.536999940872
377 1.210000038147 1.445000052452
378 1.210000038147 1.516000032425
379 1.220000028610 1.485999941826
380 1.289999961853 1.440999984741
381 1.889999985695 1.472000002861
382 1.960000038147 1.542000055313
383 1.960000038147 1.457999944687
384 2.000000000000 1.532999992371
385 2.000000000000 1.549999952316
386 2.089999914169 1.699000000954
387 2.720000028610 1.914000034332
388 3.000000000000 1.593999981880
389 3.109999895096 1.514999985695
390 3.730000019073 1.690000057220
391 4.000000000000 1.552999973297
392 4.000000000000 1.536000013351
393 4.300000190735 1.615000009537
394 4.909999847412 1.733000040054
395 5.000000000000 1.475999951363
396 5.610000133514 1.899000048637
397 6.500000000000 1.582000017166
398 6.619999885559 1.753999948502
399 6.820000171661 1.894000053406
400 8.000000000000 1.541000008583
401 8.000000000000 1.559000015259
402 8.689999580383 1.883999943733
403 10.000000000000 1.450000047684
404 10.000000000000 1.605999946594
405 10.000000000000 1.514999985695
406 10.010000228882 1.483000040054
407 11.989999771118 1.868999958038
