0
0.614277503377
1.64862798136
1.99165589936
2.52509732083
2.75520117407
4.48184092902
1029.93241331
1801.12580117
2343.45634564
3125.58660408
3529.44696163
4083.98626248
5109.43683487
5880.63022272
6422.9607672
7205.09102563
7608.95138318
8163.49068404
8241.19628162
8356.24589476
8386.95828507
8437.34950872
8455.14257071
8670.4540483
8677.84011337
8678.76370121
8684.48116486
8693.06533061
8694.82242615
8697.64198919
8697.83838466
8698.17485535
8703.76323808
8706.27876166
8711.78372572
8723.7492361
8732.22490641
8733.83520395
8735.14568549
8744.37482893
8745.07894058
8748.25113127
8749.83545791
8750.65683373
8758.07795919
8760.31152727
8765.40301652
8770.79903018
8777.46844752
8781.19564783
8782.96100485
8785.06834059
8785.25751965
8785.56105727
8792.61554174
8798.01465332
8806.9929113
8821.08639791
8827.00721945
8828.11880595
8828.6498248
8828.82973138
8829.89282793
8830.10617165
8831.20754878
8831.56457135
8862.90738723
8879.8074597
8928.20760618
8987.81081256
9001.35765089
9183.8195939
9187.64615146
9205.23990591
9207.24117529
9207.9771622
9215.2001342
9221.30623718
9230.89976172
9248.0499098
9259.50333537
9267.04306289
9271.98592711
9298.2717946
9315.36485815
9345.8638549
9347.18149823
9348.33343768
9350.55788445
9353.90863243
9357.37024458
9366.05644919
9368.84035643
9380.29379975
9390.92778731
9395.01672815
9397.52460726
9406.70798778
9413.60540714
9440.15914669
9444.90552877
9454.47513152
9457.6048995
9457.89587019
9461.82007862
9467.57565093
9471.62099809
9486.16973716
9490.30767895
9512.77230698
9526.02175154
9534.00016788
9567.21138374
9631.51995903
9641.61130578
9798.55318134
9813.65734469
9830.47265754
9830.91678387
9831.32036437
9832.35929957
9832.84363499
9833.3327653
9833.82788134
9841.8309985
9844.64474777
9844.76034292
9845.17848155
9846.11172038
9846.49988912
9846.88213281
9847.37890179
9852.60910232
9855.9856354
9862.90099295
9869.02494868
9904.81915143
9979.093835
9993.16145926
10155.9581617
10168.6754315
10192.7096559
10199.2525185
10199.6754031
10207.4530196
10216.9791248
10219.0599012
10246.9926197
10256.9097779
10274.5481025
10287.9248782
10294.1241144
10336.1443314
10419.7694936
10431.7345206
10621.5638217
10640.0774754
10657.5916945
10658.2854784
10668.3087207
10668.8548119
10680.4738763
10680.892344
10681.4722763
10682.0175821
10691.5594792
10691.6950873
10691.8331937
10692.0675064
10692.3551054
10695.051485
10704.3216394
10705.7360874
10706.4286587
10706.9499564
10707.4958298
10707.9870352
10712.0467879
10714.9698482
10724.1752656
10735.2321749
10736.3235062
10737.3380643
10742.474373
10743.3104224
10752.6063421
10763.5749015
10764.8220048
10765.8724215
10770.9550222
10771.7538251
10778.9901189
10779.3528652
10779.9378009
10780.574133
10781.1997842
10781.3533793
10781.6230531
10781.9363217
10788.5973028
10789.3075829
10789.5562754
10789.8845211
10790.1920264
10790.7938665
10795.2514704
10795.9965185
10796.2199269
10796.3692619
10796.6591189
10797.2868041
10801.5855416
10802.3933313
10811.1603085
10812.408888
10813.3114538
10813.755754
10813.9872907
10825.7271873
10830.413081
10831.2963712
10831.4618257
10832.4460192
10832.9779229
10844.6407461
10845.2605493
10845.8999976
10847.2408387
10847.5937465
10857.1188046
10875.2984462
10879.7832258
10880.6448038
10880.9326369
10881.3286381
10891.0063875
10909.2687824
10913.7589572
10914.4595834
10922.1240062
10923.7183964
10924.299371
10925.698149
10926.6930851
10927.1978551
10927.8848614
10928.556861
10929.9101529
10930.3902696
10948.3396977
10971.5847314
10994.0747446
11044.3020797
11073.0664271
11139.5945561
11142.8905116
11145.6111794
11151.9155853
11157.9277945
11161.5974304
11174.8255206
11186.7210688
11189.9109702
11229.972602
11269.7358903
11284.8641666
11313.753159
11332.5363719
11360.6911816
11365.0120237
11398.6375232
11413.2022762
11421.0539885
11445.4676202
11503.6435098
11515.2970305
11521.6001324
11537.9534547
11598.1401744
11634.6440909
11662.2951502
11728.6449782
11870.5842633
11870.9859402
11871.6970579
11871.9454667
11872.2384668
11875.8532628
11876.2066894
11877.3066121
11878.1236934
11879.0229909
11880.3092039
11884.6589188
11886.2286528
11886.4287978
11887.2462324
11887.3767057
11887.5737767
11888.200735
11888.4123433
11910.3976428
11923.0192572
11942.3595977
11959.6986849
11988.5459394
12059.9441861
12063.7028449
12094.9395247
12096.2317304
12120.848076
12121.8509835
12122.5353123
12123.0157356
12127.1536673
12137.4466811
12138.2998971
12170.2631289
12195.9617339
12215.2055442
12230.5328754
12259.0416393
12333.3088061
12333.6816155
12334.6613054
12334.8619167
12335.2092332
12335.8737017
12336.1650524
12346.8986474
12359.9986188
12362.5258075
12366.1175887
12372.5411531
12379.3090162
12379.6096765
12380.3366878
12380.456744
12380.730931
12384.2776089
12388.8809434
12389.0972894
12389.4731033
12389.6067717
12389.8036703
12389.952659
12390.1829846
12390.9856897
12402.8531269
12402.9976057
12404.4835132
12407.7575217
12412.2760945
12435.4269368
12463.8942265
12480.0111617
12502.8268395
12516.2360077
12563.3847572
12564.9977889
12577.6057651
12578.2077824
12590.0732975
12590.432634
12590.8491138
12591.6153022
12592.913663
12599.0410271
12600.7776954
12623.3414134
12635.4637086
12651.3455537
12673.7316013
12690.2002654
12741.9538921
12743.0348575
12754.5682024
12755.6475045
12759.0783885
12764.1552349
12772.1776227
12773.0790072
12784.6265
12785.894205
12789.4163905
12794.4895211
12798.4693636
12799.1289407
12810.6215808
12811.2425431
12813.6900584
12818.3252902
12819.390299
12819.8842823
12828.3545887
12828.7412723
12830.4962731
12834.8496368
12839.3509399
12839.814168
12848.2927724
12848.7449151
12850.4805026
12854.8935731
12859.382629
12859.6622233
12870.5215349
12871.0497077
12872.8193066
12877.1516746
12881.6436119
12887.3417335
12899.9390523
12902.0888008
12906.0116127
12911.0259121
12914.6283794
12934.1971493
12977.3823772
12980.6034607
12980.8072211
12981.3169504
12981.7090844
12981.9278723
12982.1573643
12991.9157167
12992.4687992
13007.9271143
13032.1022301
13036.6529459
13044.2187672
13046.554638
13056.3289586
13072.0960242
13092.6265234
13093.0568676
13093.2285518
13096.7235179
13099.7579804
13121.2315437
13139.6963461
13155.1077935
13186.6029468
13208.8357488
13242.0360292
13253.9558215
13314.5311472
13336.1189564
13351.605874
13366.9875201
13398.1472845
13419.8789244
13452.9553795
13467.6826942
13528.6426642
13550.1391829
13563.7867389
13580.0392216
13609.3672357
13633.6941328
13663.5275645
13688.1652242
13710.1064809
13726.7800172
13763.7512859
13786.2567809
13786.8145308
13807.1120825
13825.8385046
13826.1890795
13863.1943991
13873.3663944
13882.7069909
13900.8035533
13902.7083196
13903.5335454
13905.8743773
13909.2670589
13915.2909477
13922.5691871
13940.0093739
14005.9453583
14009.8742747
14011.675747
14014.1212695
14020.7251662
14028.594372
14037.4700423
14049.7531709
14059.9769422
14066.9937712
14070.8153048
14074.8868346
14084.959368
14102.2718997
14119.5724212
14132.9319509
14155.1688604
14156.3403967
14157.3213061
14158.2606968
14159.9659149
14162.4235407
14163.9098563
14169.1805123
14173.227595
14191.1464838
14204.085444
14220.7616115
14247.3281249
14280.5213223
14299.9386274
14301.2122344
14301.9441767
14302.9883927
14304.2822662
14305.1690544
14306.1863879
14321.5106249
14377.4372469
14377.7933602
14378.0151524
14378.3762247
14378.705494
14378.945135
14379.0997686
14380.0763203
14380.2601431
14407.1935441
14428.5208655
14447.1482418
14478.7808552
14520.0767396
14544.7402121
14557.627536
14615.4715093
14623.5779899
14624.469337
14625.3045398
14625.9420637
14626.728676
14627.4024199
14631.3676131
14636.6534162
14645.8829483
14648.7346222
14650.5433951
14654.3241973
14664.8964554
14671.4333076
14674.0276571
14693.9004529
14694.807758
14695.6333351
14696.5451064
14697.9449878
14700.4301677
14701.8119137
14705.1029566
14713.3544528
14729.7908887
14739.7274771
14749.0843197
14764.305264
14799.786697
14811.8874351
14827.7451846
14858.1748706
14875.0465097
14889.6570066
14896.1734644
14906.6762208
14953.8378993
14964.7994692
14976.9882193
15004.6837726
15005.3438929
15005.9851026
15006.3357005
15007.0238836
15008.9077826
15009.8930467
15011.4238545
15014.0640225
15038.633686
15059.028487
15072.5108337
15094.6572951
15151.8562195
15170.1614712
15184.9612074
15238.9564901
15246.6387123
15246.7505319
15247.4193844
15247.9875261
15248.0851602
15248.6248178
15248.8996887
15249.3549007
15249.5656283
15252.7297347
15252.8804924
15253.0126107
15253.1997128
15253.4427998
15254.4961403
15254.788618
15263.4548419
15270.384227
15279.9726572
15286.4232254
15294.512059
15295.2813698
15304.0358804
15304.1657647
15315.7588287
15328.0674264
15344.5691078
15345.2641345
15353.9434742
15354.5858978
15354.9312836
15370.971657
15392.8674509
15405.3527353
15425.7731082
15491.0022426
15510.3760883
15522.4593541
15572.3689314
15572.8967052
15573.8733195
15574.352763
15575.046006
15576.8069917
15578.001703
15578.8287702
15580.8995267
15600.1458846
15622.5630925
15641.8471038
15668.7252719
15732.7525261
15752.0631126
15764.8689586
15813.7584044
15814.7035842
15815.4295038
15823.3700237
15825.1368916
15825.7262707
15834.9552732
15849.638019
15871.2101121
15890.2686581
15907.6808808
15984.2757481
16013.7758095
16025.2435017
16069.0490029
16069.325161
16069.8116193
16070.2447751
16070.4425113
16071.2186986
16072.3809474
16072.7820922
16074.4440653
16089.0278291
16110.8044935
16122.1874693
16140.4288883
16216.5307508
16236.19131
16249.7339657
16293.1584865
16305.5623183
16325.6835653
16336.9537903
16352.2926812
16425.3115612
16444.9522522
16459.4664266
16502.1250665
