0
0.130213847314
0.358882679883
0.505807405985
0.691163570619
4.44704628083
6.97679731212
9.25175465158
11.5191983423
15.193860776
19.1316020676
20.4086198472
23.1900003703
27.406116944
28.1753810252
29.8637549132
32.5781919199
37.9247605383
46.9718882789
50.2156621893
53.5402451737
58.467826899
60.1370963457
62.3795132544
64.5861644362
71.3079144046
74.030212534
86.1079821241
105.404273593
105.621104738
105.855569686
106.039884424
113.073758413
114.251744424
120.22237919
121.709686252
125.959219581
127.209393752
133.94068382
134.339970246
134.998027904
135.561434871
136.510539746
138.980023686
139.16335665
140.008091613
147.050148111
147.855254243
150.231285235
151.247484516
154.015469219
154.551937551
155.409757276
163.104310385
169.641226603
171.015244137
173.233767831
175.011226965
183.764730934
184.298718287
185.714074783
191.483090213
204.865832706
205.131179781
215.848418032
217.246216494
226.161927923
226.823196546
228.287238279
234.390606717
235.994580774
236.412630074
236.771224811
238.980275552
239.818495111
241.11308955
241.375190019
2.3468567547e+16
4.6937135094e+16
4.6937135094e+16
4.6937135094e+16
7.0405702641e+16
9.3874270188e+16
9.3874270188e+16
9.3874270188e+16
9.3874270188e+16
9.3874270188e+16
9.3874270188e+16
9.3874270188e+16
9.3874270188e+16
9.3874270188e+16
9.3874270188e+16
9.3874270188e+16
9.3874270188e+16
9.3874270188e+16
9.3874270188e+16
9.3874270188e+16
9.3874270188e+16
9.3874270188e+16
9.3874270188e+16
9.3874270188e+16
9.3874270188e+16
9.3874270188e+16
9.3874270188e+16
9.3874270188e+16
9.3874270188e+16
9.3874270188e+16
9.3874270188e+16
9.3874270188e+16
9.3874270188e+16
9.3874270188e+16
9.3874270188e+16
9.3874270188e+16
9.3874270188e+16
9.3874270188e+16
9.3874270188e+16
9.3874270188e+16
9.3874270188e+16
9.3874270188e+16
9.3874270188e+16
9.3874270188e+16
9.3874270188e+16
9.3874270188e+16
9.3874270188e+16
9.3874270188e+16
9.3874270188e+16
9.3874270188e+16
9.3874270188e+16
9.3874270188e+16
9.3874270188e+16
9.3874270188e+16
9.3874270188e+16
9.3874270188e+16
9.3874270188e+16
9.3874270188e+16
9.3874270188e+16
9.3874270188e+16
9.3874270188e+16
9.3874270188e+16
9.3874270188e+16
9.3874270188e+16
9.3874270188e+16
9.3874270188e+16
9.3874270188e+16
9.3874270188e+16
9.3874270188e+16
9.3874270188e+16
9.3874270188e+16
9.3874270188e+16
9.3874270188e+16
9.3874270188e+16
9.3874270188e+16
9.3874270188e+16
9.3874270188e+16
1.06607999755e+17
1.06607999755e+17
1.06607999755e+17
1.06607999755e+17
1.06607999755e+17
1.06607999755e+17
1.06607999755e+17
1.19341729321e+17
1.19341729321e+17
1.19341729321e+17
1.19341729321e+17
1.19341729321e+17
1.19341729321e+17
1.19341729321e+17
1.19341729321e+17
1.19341729321e+17
1.19341729321e+17
1.19341729321e+17
1.19341729321e+17
1.19341729321e+17
1.19341729321e+17
1.19341729321e+17
1.19341729321e+17
1.19341729321e+17
1.19341729321e+17
1.19341729321e+17
1.19341729321e+17
1.19341729321e+17
1.19341729321e+17
1.19341729321e+17
1.19341729321e+17
1.19341729321e+17
1.19341729321e+17
1.19341729321e+17
1.19341729321e+17
1.19341729321e+17
1.19341729321e+17
1.19341729321e+17
1.19341729321e+17
1.19341729321e+17
1.19341729321e+17
1.19341729321e+17
1.19341729321e+17
1.19341729321e+17
1.19341729321e+17
1.19341729321e+17
1.19341729321e+17
1.19341729321e+17
1.19341729321e+17
1.19341729321e+17
1.19341729321e+17
1.19341729321e+17
1.19341729321e+17
1.19341729321e+17
1.19341729321e+17
1.19341729321e+17
1.19341729321e+17
1.19341729321e+17
1.19341729321e+17
1.19341729321e+17
1.19341729321e+17
1.19341729321e+17
1.19341729321e+17
1.19341729321e+17
1.19341729321e+17
1.19341729321e+17
1.19341729321e+17
1.19341729321e+17
1.19341729321e+17
1.19585807175e+17
1.20149479259e+17
1.20201915512e+17
1.20870944236e+17
1.20995685679e+17
1.22771085206e+17
1.22883730516e+17
1.2294686193e+17
1.23190939784e+17
1.23754611869e+17
1.23807048122e+17
1.24476076845e+17
1.24600818288e+17
1.26376217816e+17
1.26488863126e+17
1.2655199454e+17
1.2655199454e+17
1.2655199454e+17
1.2655199454e+17
1.2655199454e+17
1.2655199454e+17
1.2655199454e+17
1.2655199454e+17
1.2655199454e+17
1.2655199454e+17
1.2655199454e+17
1.2655199454e+17
1.2655199454e+17
1.2655199454e+17
1.2655199454e+17
1.2655199454e+17
1.2655199454e+17
1.2655199454e+17
1.2655199454e+17
1.2655199454e+17
1.2655199454e+17
1.2655199454e+17
1.2655199454e+17
1.2655199454e+17
1.2655199454e+17
1.2655199454e+17
1.2655199454e+17
1.2655199454e+17
1.2655199454e+17
1.2655199454e+17
1.2655199454e+17
1.2655199454e+17
1.2655199454e+17
1.2655199454e+17
1.2655199454e+17
1.2655199454e+17
1.2655199454e+17
1.2655199454e+17
1.2655199454e+17
1.2655199454e+17
1.2655199454e+17
1.2655199454e+17
1.2655199454e+17
1.2666810773e+17
1.26681012186e+17
1.26761603026e+17
1.27126861542e+17
1.27686015679e+17
1.2858746421e+17
1.28600883958e+17
1.28624020111e+17
1.287401333e+17
1.28753037756e+17
1.28833628597e+17
1.29198887113e+17
1.2975804125e+17
1.30659489781e+17
1.30672909529e+17
1.30696045681e+17
1.30940780474e+17
1.31006913565e+17
1.31096701096e+17
1.32036314185e+17
1.33194857391e+17
1.34640653172e+17
1.34657292612e+17
1.34738402586e+17
1.34859201296e+17
1.3494155415e+17
1.35028430888e+17
1.36449219477e+17
1.37128216146e+17
1.37901021746e+17
1.38024957829e+17
1.38041177592e+17
1.38044088384e+17
1.38525263884e+17
1.39004810421e+17
1.39677800603e+17
1.39694440043e+17
1.39775550017e+17
1.39775550017e+17
1.39775550017e+17
1.39775550017e+17
1.39775550017e+17
1.39775550017e+17
1.39775550017e+17
1.39775550017e+17
1.39775550017e+17
1.39775550017e+17
1.39775550017e+17
1.39775550017e+17
1.39775550017e+17
1.39775550017e+17
1.39775550017e+17
1.39775550017e+17
1.39775550017e+17
1.39775550017e+17
1.39775550017e+17
1.39775550017e+17
1.39775550017e+17
1.39775550017e+17
1.39775550017e+17
1.39775550017e+17
1.39775550017e+17
1.39775550017e+17
1.39775550017e+17
1.39775550017e+17
1.39775550017e+17
1.39775550017e+17
1.39775550017e+17
1.39775550017e+17
1.39775550017e+17
1.39775550017e+17
1.39775550017e+17
1.39775550017e+17
1.39775550017e+17
1.39775550017e+17
1.39775550017e+17
1.39775550017e+17
1.39775550017e+17
1.39775550017e+17
1.39775550017e+17
1.39775550017e+17
1.39775550017e+17
1.39775550017e+17
1.39775550017e+17
1.39775550017e+17
1.39775550017e+17
1.39775550017e+17
1.39775550017e+17
1.39775550017e+17
1.39775550017e+17
1.39775550017e+17
1.39775550017e+17
1.39775550017e+17
1.39775550017e+17
1.39775550017e+17
1.39775550017e+17
1.39775550017e+17
1.39775550017e+17
1.39775550017e+17
1.39775550017e+17
1.39775550017e+17
1.39775550017e+17
1.39775550017e+17
1.39775550017e+17
1.39775550017e+17
1.39775550017e+17
1.39775550017e+17
1.39775550017e+17
1.39775550017e+17
1.39775550017e+17
1.39775550017e+17
1.39775550017e+17
1.39775550017e+17
1.39775550017e+17
1.39775550017e+17
1.39775550017e+17
1.39775550017e+17
1.39775550017e+17
1.39775550017e+17
1.39775550017e+17
1.39775550017e+17
1.39775550017e+17
1.39775550017e+17
1.39775550017e+17
1.39803033139e+17
1.39870006183e+17
1.39920526659e+17
1.39947640134e+17
1.4020140794e+17
1.40430969776e+17
1.40440637111e+17
1.4044725544e+17
1.4044725544e+17
1.4044725544e+17
1.4044725544e+17
1.4044725544e+17
1.4044725544e+17
1.4044725544e+17
1.4044725544e+17
1.4044725544e+17
1.40474738562e+17
1.40541711606e+17
1.40592232082e+17
1.40619345557e+17
1.40873113363e+17
1.41102675199e+17
1.41112342534e+17
1.41118960864e+17
1.41118960864e+17
1.41118960864e+17
1.41118960864e+17
1.41118960864e+17
1.41118960864e+17
1.41118960864e+17
1.41118960864e+17
1.41118960864e+17
1.41118960864e+17
1.41118960864e+17
1.41118960864e+17
1.41118960864e+17
1.41118960864e+17
1.41118960864e+17
1.41118960864e+17
1.41118960864e+17
1.41118960864e+17
1.41118960864e+17
1.41118960864e+17
1.41118960864e+17
1.41118960864e+17
1.41118960864e+17
1.41118960864e+17
1.41118960864e+17
1.41118960864e+17
1.41118960864e+17
1.41118960864e+17
1.41118960864e+17
1.41118960864e+17
1.41118960864e+17
1.41118960864e+17
1.41130709471e+17
1.41173179447e+17
1.41203459062e+17
1.4121524266e+17
1.41341563195e+17
1.41460126212e+17
1.4146526464e+17
1.41484079221e+17
1.41495827829e+17
1.41538297805e+17
1.41568577419e+17
1.41580361017e+17
1.41706681553e+17
1.41825244569e+17
1.41830382997e+17
1.41849197579e+17
1.41849197579e+17
1.41849197579e+17
1.41849197579e+17
1.41849197579e+17
1.41849197579e+17
1.41849197579e+17
1.41849197579e+17
1.41849197579e+17
1.41849197579e+17
1.41849197579e+17
1.41849197579e+17
1.41849197579e+17
1.41849197579e+17
1.41849197579e+17
1.41849197579e+17
1.41849197579e+17
1.41849197579e+17
1.41849197579e+17
1.41849197579e+17
1.41849197579e+17
1.41849197579e+17
1.41849197579e+17
1.41849197579e+17
1.41849197579e+17
1.41849197579e+17
1.41849197579e+17
1.41849197579e+17
1.41849197579e+17
1.41849197579e+17
1.41849197579e+17
1.41849197579e+17
1.41849197579e+17
1.41849197579e+17
1.41849197579e+17
1.41849197579e+17
1.41849197579e+17
1.41849197579e+17
1.41849197579e+17
1.41849197579e+17
1.41849197579e+17
1.41849197579e+17
1.41852151327e+17
1.41860178326e+17
1.41863433162e+17
1.41876222755e+17
1.41897491311e+17
1.41951172449e+17
1.41956307057e+17
1.41970868233e+17
1.41973821981e+17
1.4198184898e+17
1.41985103816e+17
1.41997893409e+17
1.42019161966e+17
1.42072843103e+17
1.42077977712e+17
1.42092538888e+17
1.42092538888e+17
1.42092538888e+17
1.42092538888e+17
1.42092538888e+17
1.42092538888e+17
1.42092538888e+17
1.42092538888e+17
1.42092538888e+17
1.42092658157e+17
1.42092722568e+17
1.42092773174e+17
1.42092835045e+17
1.42092973572e+17
1.42093417489e+17
1.42093433063e+17
1.42093461577e+17
1.42093580846e+17
1.42093645257e+17
1.42093695863e+17
1.42093757734e+17
1.42093896261e+17
1.42094340178e+17
1.42094340178e+17
1.42094340178e+17
1.42094340178e+17
1.42094340178e+17
1.42094340178e+17
1.42094340178e+17
