# MSM basin population ladder
# one numeric value per line
0.598897556739
0.001464870703
0.004254090448
0.002905331127
0.056047032921
0.225720841821
0.001494529261
0.008355364038
0.000246922298
0.005214519717
0.009287848299
0.004664863605
0.007153257438
0.002660282975
0.014459134945
0.005698954288
0.013065071726
0.002065780715
0.000874207796
0.003698804340
0.012855844823
0.294816877934
0.001433051008
0.002131438474
0.003533154066
0.000985555741
0.002189713789
0.005141477206
0.008377938964
0.000683639412
0.009713741124
0.003367091329
0.007588079102
0.001385466134
0.032378722333
0.002020277710
0.002672066204
0.012686878273
0.011265839211
0.001019293504
0.002206228305
0.006824153873
0.012905425336
0.003193094654
0.009680737380
0.015900239165
0.013855065971
0.000252135670
0.004423215616
0.001559905260
0.006988195457
0.003644249733
0.008137436800
0.002806830487
0.005282273127
0.006991204544
0.009781174832
0.000532268648
0.009992406807
0.002873918906
0.010654438916
0.010717329600
0.031516588981
0.053583877189
0.018435537539
0.004895719584
0.001895192707
0.000398594591
0.001488683778
0.008305147461
0.022451993332
0.019063499990
0.006651598966
0.000144673991
0.001369626873
0.000905984089
0.006876620471
0.002687411175
0.009215787315
0.002836452436
0.001399067168
0.019389748557
0.003695784096
0.004531897419
0.007377602474
0.006440647884
0.018793435692
0.009532325061
0.003680302125
0.002805906267
0.013587271636
0.020133243031
0.015216135847
0.000791437049
0.036225996738
0.001747185455
0.000295121683
0.034783796841
0.001627837313
0.001468401052
0.030624882917
0.002213554765
0.029357001687
0.013856962322
0.012258161553
0.000605944246
0.010910701056
0.001459377870
0.006036872538
0.000468175450
0.003265376727
0.002165346674
0.000153361951
0.006924030170
0.004992354816
0.003790326764
0.000387351170
0.038921564418
0.007393993650
0.011535681402
0.010713115357
0.001112599657
0.011724879324
0.000177385980
0.000954189925
0.008142217529
0.028209307612
0.013394318228
0.011482128381
0.000668341928
0.000545122494
0.026544630575
0.000589935581
0.002438162787
0.000111598014
0.001856696829
0.001573125796
0.002003648017
0.015887468852
0.002655223077
0.015179917231
0.000173545064
0.003591889071
0.047523300295
0.002771731725
0.028491224331
0.003548154812
0.001280055298
0.000791139076
0.008197565504
0.020838003036
0.019225464688
0.020311339276
0.003187095925
0.001398476389
0.001475672796
0.002590168656
0.003220394159
0.005179924595
0.001202657755
0.014284352497
0.007948098607
0.001527327824
0.010192425608
0.023418488985
0.004105925451
0.015258502159
0.003054572633
0.002853968752
0.000465730058
0.010347257243
0.003365611139
0.008129880982
0.109591172617
0.012640990209
0.001900139392
0.003099040108
0.015613196288
0.000042520187
0.005089426551
0.008956847596
0.002184905166
0.001729869362
0.014794800533
0.006791276159
0.001964336755
0.001416240875
0.002299136377
0.000046548553
0.001091752108
0.003626006956
0.001549971125
0.019836732839
0.034924992787
0.001909895434
0.002263044422
0.006306350551
0.014479597629
0.033638495323
0.016861628273
0.004038224641
0.000272549329
0.002840298477
0.023387763486
0.002425506982
0.007744358255
0.005371437161
0.012738577360
0.000255257332
0.006287707582
0.013344322947
0.007476438094
0.005393207575
0.012757702399
0.005397416823
0.007024933075
0.005698043561
0.006538498055
0.000829826780
0.001862346783
0.000263451390
0.004780768579
0.002099393155
0.002677005295
0.001696205599
0.011229737848
0.008536838811
0.010899846277
0.003826465006
0.006673030311
0.010718123561
0.002419519433
0.016788749249
0.001418003562
0.003538301520
0.018419546362
0.001811930371
0.004723026082
0.005270038199
0.004606730943
0.002785647487
0.005462427959
0.015240128420
0.023595376451
0.003454833485
0.003592610353
0.003591458294
0.001699941097
0.009191176651
0.003168548078
0.003338658261
0.010121550253
0.005200802748
0.019470135924
0.002694190393
0.002745865328
0.013178835928
0.003760511337
0.027339996465
0.003253781723
0.020873864965
0.001502773576
0.022247996755
0.005696821210
0.022172515937
0.000404305341
0.017058957454
0.006616774517
0.004037150550
0.000236316591
0.023595222762
0.001833578700
0.003666074479
0.003132001751
0.044796845565
0.006759495044
0.006108232631
0.023141299090
0.005304018907
0.079057011517
0.022947944488
0.001711623799
0.003888675975
0.076435290070
0.001099143809
0.008138867930
0.002550636930
0.061058254982
0.002970832130
0.002898714835
0.001308933323
0.002664909063
0.003374200913
0.002077896592
0.013649727772
0.015653994712
0.000566168576
0.008356386345
0.000984752733
0.003697080440
0.001412734525
0.004213137493
0.001396640874
0.032704417282
0.003641952825
0.002866133214
0.000626179025
0.019233854948
0.017451903033
0.020168146667
0.004315116190
0.008800509003
0.005283232049
0.024523529613
0.010280601809
0.006376330933
0.007147450704
0.004010440430
0.009803558800
0.004738280816
0.004466780056
0.000808502627
0.025216215809
0.006194909775
0.001769542153
0.003645913932
0.017426442601
0.031298752468
0.002664439534
0.002278917013
0.004530139796
0.004775119251
0.014975294131
0.017135913737
0.007489818493
0.008433982887
0.008374553341
0.008052365785
0.025675490696
0.010607679170
0.000183004282
0.001784896616
0.005544293066
0.008433955899
0.025814912120
0.000736157519
0.006000690925
0.014709874964
0.001891708062
0.000959842027
0.003171060932
0.022961860157
0.005301363975
0.009260220992
0.005596872224
0.008212012061
0.002740653788
0.001217237331
0.000862085894
0.005602851271
0.016945811435
0.026022913174
0.031090339351
0.003505758584
0.004926378142
0.010645499918
0.002281663059
0.024424619157
0.042181344139
0.038115453047
0.006336875589
0.012905262212
0.005427497156
0.022560455287
0.016853724797
0.003077082772
0.004795223244
0.003025111620
0.015137539645
0.004341925342
0.009421481532
0.025817751001
0.003189242638
0.009034593072
0.027010200618
0.000987572320
0.002911080774
0.001546131752
0.002056562308
0.003333699038
0.021332187000
0.000796375361
0.005279327346
0.007007316102
0.004491883941
0.003710551151
0.003705442664
0.004062692350
0.001687152020
0.017516854708
0.006187104877
0.054903424592
0.009647614124
0.000837842562
0.017904779591
0.023154788396
0.007535689350
0.011178591506
0.003598660724
0.003066322198
0.005547344735
0.001109803934
0.012732310758
0.021339323234
0.001297910666
0.000871924917
0.001050711626
0.028187136173
0.021489260390
0.002833558642
0.006185162945
0.013314440360
0.001473871395
0.002298710970
0.004564897992
0.016609835235
0.006375795996
0.000288854585
0.014496756327
0.005798763330
0.011752531582
0.001024474671
0.003620194842
0.001619814414
0.005956332032
0.033846199253
0.038896834242
0.004043897845
0.005725195368
0.002283265100
0.004841720309
0.004520673249
0.003355243530
0.003631466370
0.009970741134
0.002964181843
0.012657862331
0.002463576818
0.002486719174
0.005330844696
0.027284451379
0.047157845625
0.006308553100
0.001875001908
0.002894857731
0.008658164195
0.021038649653
0.005135232278
0.050277862308
0.015502797136
0.017272271406
0.006157379441
0.018134327697
0.009134442689
0.057348039348
0.011551275048
0.009047181920
0.001754163438
0.002393757025
0.005973498029
0.013005271138
0.008003503614
0.000685520731
0.021683195561
0.005706433481
0.006931492942
0.001222053526
0.000635900388
0.002993046421
0.004574745199
0.001196139218
0.001621029041
0.001208492606
0.000135861131
0.033394124901
0.003707383114
0.001115016589
0.006610979165
0.015947584879
0.002126823929
0.001591343646
0.053004073965
0.006965078027
0.077131162306
0.022984630481
0.000407372833
0.015299553512
0.001711928980
0.009775363960
0.025418786997
0.015763086749
0.022719536157
0.004508949530
0.023046010314
0.012691237649
0.025681538927
0.017775484859
0.024892144002
0.000622617527
0.001396252600
0.001180023583
0.063863894928
0.001590080340
0.003316636557
0.046023931792
0.010573805057
0.004728272078
0.009115128839
0.002909619671
0.054904485186
0.002899113656
0.004049031122
0.005015840643
0.001537372860
0.000576678662
0.005997506967
0.018674660276
0.052408344568
0.020827306680
0.001854437630
0.018678338116
0.026726386347
0.015821698733
0.047975116275
0.003946548166
0.001870721219
0.010121243541
0.011128860094
0.002756635053
0.000405119555
0.001387044769
0.001909924435
0.002637892446
0.005413649295
0.046682986641
0.005071706280
0.000928506826
0.016558957242
0.001013554499
0.012466125676
0.003158582157
0.028167564175
0.005029068827
0.010221023425
0.000513955080
0.028834644145
0.005764319154
0.006236363707
0.004937739536
0.009174616707
0.524429268597
0.003313248160
0.003087404151
0.010113531846
0.005789062344
0.005188156809
0.000689820766
0.015519447359
0.003543682781
0.006104025448
0.021502077951
0.013304120086
0.006816430922
0.000671160232
0.012045203853
0.049934345426
0.001720813222
0.045609738665
0.012896976436
0.000304756764
0.007596523191
0.017758776806
0.005312950095
0.001308450111
0.006289806784
0.010797406338
0.077789449363
0.036222192093
0.005400305689
0.006199058990
0.001058270112
0.000328298180
0.006587926886
0.010133390910
0.005362786807
0.004777773638
0.009618169073
0.015215807915
0.010217732663
0.034090241076
0.011324809358
0.005166890389
0.005333287704
0.000073272936
0.000990873003
0.002403604395
0.036768832604
0.028411659855
0.026362985433
0.001506502229
0.150122557241
0.031972224836
0.006546104836
0.003016166995
0.002942942661
0.009712762684
0.047465140723
0.006360351477
0.018543954438
0.010738954614
0.004708274513
0.003914806266
0.049736475992
0.033848792942
0.019770729042
0.015691080080
0.005618625558
0.000506273425
0.006944166886
0.020591356768
0.001947354572
0.017927756802
0.000361474835
0.007880451783
0.027844108205
0.006774669108
0.011720723508
0.001704936647
0.010967296750
0.010255743431
0.008475575547
0.009325476866
0.000178397540
0.023415102819
0.028334964855
0.015299929226
0.005427515702
0.005714286074
0.000346348338
0.006777258775
0.003260648133
0.016226790532
0.004661858006
0.017620476411
0.004980672628
0.002277961128
0.007751319779
0.005415725589
0.013703379861
0.001282066945
0.011048378404
0.009626216189
0.048701022218
0.000612623434
0.010747799149
0.005994274598
0.004060463303
0.006335875098
0.019072376266
0.027097330753
0.004318481146
0.001934201787
0.015859661596
0.003378006640
0.010642052295
0.002788086246
0.002447002020
0.002889246060
0.033545151961
0.004729701775
0.021311876203
0.007421508999
0.000588493180
0.000939880264
0.001357744417
0.055563028737
0.007937451403
0.012807665149
0.015126489999
0.002856718333
0.023069586728
0.044865430786
0.025067443118
0.005386842982
0.005864324499
0.002014191075
0.008753162851
0.018391572365
0.007325798598
0.007097158257
0.015433493529
0.015271809802
0.009964307626
0.006232420303
0.017758526886
0.000512187392
0.012193257538
0.006118376859
0.001373747681
0.025059117183
0.006235064653
0.000047518295
0.005126017397
0.007338523414
0.016439830719
0.006574373819
0.017815209566
0.004512789451
0.018274480976
0.001243740371
0.008491540079
0.029226452567
0.024454588499
0.000899906203
0.001528465549
0.010649891473
0.006934751035
0.005266584943
0.008694557587
0.011303601741
0.004249671135
0.012601823925
0.004349559673
0.024326088683
0.000996826502
0.010613959677
0.002291278652
0.021741106269
0.003086648037
0.001483951796
0.027878213651
0.010198756854
0.001370646180
0.027232128496
0.011927982740
0.001556546657
0.019216799545
0.008240411756
0.001495768229
0.002562248357
0.003026076228
0.078575705840
0.039186033839
0.011772054227
0.002183464957
0.002640491228
0.005719938178
0.016541697189
0.001984634191
0.017252183567
0.014345152292
0.007515274177
0.001122532012
0.013625912847
0.038252643863
0.030260403238
0.003053016220
0.015261682859
0.004231727449
0.003105665797
0.001294110773
0.000847075096
0.000373199209
0.003558790329
0.002507785572
0.000464009106
0.000781411818
0.025959376405
0.007624332646
0.003574045012
0.055752077339
0.010645955002
0.001185984926
0.027429694966
0.009273352625
0.002542474715
0.002221154844
0.025797584224
0.000359219162
0.001159557891
0.002667423628
0.012776321520
0.025933940456
0.002739802202
0.019435306757
0.020943324962
0.054250596613
0.011987458360
0.002692818731
0.009120341407
0.079882151182
0.019373317327
0.018008409511
0.002261024501
0.082932464880
0.022116029295
0.005225609587
0.031421310204
0.044064751230
0.038847151932
0.012666187212
0.008446521660
0.021499709245
0.006320534019
0.007240981163
0.004048161990
0.004114334066
0.014113580025
0.015105102332
0.005557020257
0.007163990519
0.010529485041
0.005095706082
0.044689117751
0.032783535127
0.000911936198
0.002405074034
0.011806764219
0.008920458006
0.026575740939
0.016258318273
0.050979108556
0.008375948821
0.012206039718
0.000765877427
0.009333865134
0.003182584209
0.001325643238
0.004709768594
0.015108352899
0.006845249652
0.006231397726
0.005882871068
0.006527831605
0.006746546818
0.044814983316
0.001988248995
0.013114456741
0.056130011091
0.003820074910
0.004120806737
0.027036695895
0.010862834108
0.001048313975
0.000883269741
0.001401724678
0.003845171166
0.014364886914
0.012914766334
0.005332505908
0.123581007985
0.000816075626
0.003778375912
0.016732396435
0.003881800194
0.004641876508
0.012692959723
0.003292382664
0.005246400424
0.016927208677
0.039599292665
0.018674477059
0.034818085900
0.017587092104
0.013843760742
0.012268547868
0.016859374269
0.004507267116
0.028242679701
0.008031816181
0.003843640441
0.002898700512
0.009581391705
0.008738554377
0.032628981936
0.036078001378
0.009880248909
0.005975161286
0.010124323875
0.010819420877
0.002116077931
0.003707828042
0.006575672860
0.007805149888
0.012461984501
0.012369804349
0.000956004138
0.001462166711
0.003165429788
0.001571371069
0.028167905757
0.027522054174
0.012336352961
0.002331835662
0.007936635470
0.001620520074
0.008271300950
0.004818001377
0.001018246857
0.001524348875
0.002527897149
0.004041171042
0.005946888236
0.006230611972
0.004329857338
0.003748560174
0.003126775503
0.001937572264
0.032339477224
0.001223769862
0.006737674695
0.001097757366
0.005438358711
0.024947570782
0.003838378581
0.002718627314
0.137187868065
0.014245038545
0.012271605467
0.019234552435
0.011761124571
0.009303136162
0.003998696464
0.008535340035
0.064455803437
0.001928590817
0.019952647259
0.015994595624
0.001886350046
0.006234480163
0.001383045929
0.000537867040
0.003551422833
0.003012096769
0.002442885489
0.018082943912
0.002053959990
0.015544189032
0.002504191337
0.017951162107
0.000610915729
0.007407709929
0.025688979062
0.031176214061
0.007500151523
0.023228436509
0.022470400310
0.003899853294
0.022722511580
0.007903810629
0.018825945188
0.008939916820
0.014499061899
0.035229999705
0.002106838523
0.005674734792
0.006740727924
0.004787626975
0.020712234959
0.017703094345
0.012536423144
0.014054318850
0.003149413710
0.041203884132
0.004640459797
0.010635251868
0.005719031306
0.015151794836
0.017521711521
0.172472323241
0.008338504898
0.001008299682
0.002586222576
0.028993518362
0.002491724391
0.027189692235
0.059992545240
0.030333627547
0.007441693354
0.038060883108
0.010398792641
0.006178316431
0.014429046067
0.011102101949
0.004252298273
0.013678908618
0.002860436535
0.002887758197
0.003141352710
0.006112944949
0.005702480337
0.009706793122
0.002656122240
0.001932665138
0.006593167585
0.005113538520
0.037237708148
0.041676704912
0.036050693791
0.006517119241
0.005356341308
0.010745497564
0.004262704644
0.002294496291
0.006961106119
0.001811761430
0.001638002535
0.028378730584
0.009522541871
0.006687821448
0.003836468944
0.010004434907
0.001384360903
0.002531056280
0.040587091759
0.011139139726
0.014755990086
0.005881781800
0.002615630549
0.001284929762
0.001520447111
0.008189020285
0.187603876159
0.018372572872
0.029882983920
0.009323918900
0.027554422206
0.000516414813
0.002594584402
0.003831147570
0.004381966166
0.001004270011
0.011198407610
0.005933209624
0.001519392880
0.009529810537
0.066900792286
0.007306737131
0.003855232395
0.005428455496
0.027581287865
0.004579774351
0.009188937183
0.031328582459
0.023041154602
0.052998131487
0.009234185837
0.006171125699
0.002705595385
0.005652485211
0.034283599796
0.029260302894
0.001042540198
0.001561631041
0.005566397154
0.003464152894
0.107617978239
0.023559455707
0.005911524490
0.001544166716
0.000624858070
0.032815832088
0.007737880125
0.000715198040
0.005510144871
0.001311727983
0.003358543515
0.007348288463
0.002408502772
0.004569221346
0.039439601259
0.003793244719
0.047058045555
0.013129418526
0.497704690458
0.021837866935
0.011271439017
0.001059113234
0.004126518492
0.014754615131
0.001043001505
0.002487711140
0.010649064402
0.002763365998
0.000227243119
0.028978628538
0.065279369400
0.003066952210
0.006446951747
0.005602283314
0.018833526101
0.003229261229
0.010084593798
0.046620387439
0.006781342013
0.007158540412
0.002349374754
0.014046737297
0.000287395708
0.010134694188
0.007019586740
0.074803588931
0.027540575205
0.009976204771
0.019793829178
0.018641760482
0.002131913129
0.001708981784
0.005324564849
0.014026680423
0.008986977505
0.012185394617
0.005014163179
0.007003384632
0.008994007330
0.035219518740
0.005206411830
0.025230973358
0.002684901249
0.003455155616
0.016178742440
0.003939516358
0.137195524212
0.012007926330
0.001436083293
0.015584144654
0.001115191346
0.007021718636
0.010387939731
0.010600112565
0.000982970298
0.002062179665
0.012084511196
0.009559697241
0.007638102358
0.005607571439
0.121173000553
0.059045648470
0.002075132809
0.045960797094
0.011340392950
0.002323784054
0.003397527922
0.022399367374
0.001795449028
0.007668454078
0.006507938969
0.006143180355
0.067071770728
0.140810704217
0.015569200173
0.016306031425
0.007357477286
0.030043468870
0.009005410907
0.002663478323
0.004568934209
0.002393953318
0.005174350618
0.040097369444
0.010452822871
0.007787111172
0.003341525530
0.014941048500
0.004565917376
0.022850382005
0.017922917096
0.002312570483
0.010088541730
0.012551572434
0.005613325436
0.001839504319
0.003092153167
0.041545264603
0.001802756958
0.001880360563
0.002673555520
0.017095461371
0.012306948634
0.017230138354
0.002507262014
0.018208187906
0.004308521459
0.010781469311
0.003637700078
0.044390608441
0.004383679165
0.015745166277
0.007644844662
0.021188947850
0.018989048197
0.003026533271
0.005376692553
0.011363580625
0.003897773601
0.010006238056
0.005452743250
0.041824552526
0.035463491224
0.018531184720
0.016179050887
0.003869345200
0.004662055604
0.007108352043
0.010619965951
0.003274898465
0.024465325064
0.029506775301
0.007273561804
0.003716051755
0.037643418227
0.022960760298
0.006553717587
0.027010398823
0.028569512314
0.008415562946
0.001531492274
0.005551669658
0.006204295653
0.013708265153
0.054334236319
0.001068438810
0.006601835410
0.020011001090
0.005693386268
0.018802773242
0.057613076088
0.065179704372
0.015042621324
0.021630259094
0.004121792085
0.008874118815
0.011111516015
0.022195638207
0.003441799512
0.002143081773
0.021154815687
0.007371091734
0.018303141101
0.011283636793
0.036559392544
0.006976655045
0.005510968594
0.015325870871
0.004138187662
0.004251290200
0.001913671516
0.003591711591
0.003013687919
0.009379590406
0.008143801859
0.029136420645
0.000000000000
0.000700953309
0.072313237071
0.023886339724
0.011572772333
0.000331380859
0.011228027557
0.003101620789
0.002436110653
0.003140328610
0.008590936523
0.006070080787
0.009474320182
0.002495654339
0.040976688984
0.004775272943
0.076437218022
0.024356633486
0.023863289308
0.001020421632
0.105467083783
0.013667727603
0.002397144779
0.002416065010
0.021745367054
0.000588406127
0.001429819545
0.002536187711
0.027712201300
0.005711737524
0.016131308758
0.005338476044
0.088993158965
0.037413934393
0.017999423246
0.290993690985
0.005910105052
0.003097952074
0.034602666355
0.003479774762
0.002925061094
0.010030674948
0.022512635748
0.016701577370
0.001629022909
0.014607877819
0.009478765835
0.001116928257
0.042750567815
0.003294684652
0.000563909721
0.093685142198
0.036323694582
0.037500832966
0.010229768515
0.004137445358
0.016932401646
0.040632429808
0.002002230201
0.160647259138
0.013254849204
0.025153918194
0.012392857928
0.001983846252
0.016678336194
0.014153276686
0.024498349512
0.044337176453
0.054371228443
0.009665240236
0.004992749105
0.015364726345
0.134362581725
0.006928449742
0.004102783682
0.009957520750
0.010855383338
0.018424945099
0.002698102575
0.004887109204
0.010583547056
0.003325654768
0.001289348558
0.003263041900
0.006497825350
0.009548101445
0.000182738261
0.013998326288
0.022379963959
0.018940470143
0.004162185343
0.002694328027
0.024902825948
0.015604373847
0.007581949647
0.006930577656
0.019324349865
0.056415092441
0.004903963522
0.024489889765
0.006240841868
0.007790487782
0.008824899309
0.001301516229
0.002693001773
0.006000535983
0.005701932486
0.047112394237
0.009228057663
0.009487774442
0.024931474879
0.007579372642
0.052076988528
0.048611887325
0.001832840824
0.001014676396
0.012797265401
0.007329128501
0.011720737851
0.003031989946
0.007385227830
0.029546943371
0.001312658980
0.013846855114
0.002597038759
0.016492122146
0.000917180059
0.003211805938
0.005737428146
0.016135224022
0.022816878772
0.038839835281
0.002609660516
0.013980948417
0.006866705287
0.002254445460
0.001217868957
0.013277547261
0.003743893070
0.010954865923
0.012866361538
0.004839101620
0.002783505738
0.002081617313
0.002645536392
0.161755225009
0.008072168277
0.002132953134
0.005347232766
0.007458427102
0.004066542267
0.012745908109
0.020488015252
0.003575076019
0.009685199503
0.003275371511
0.022315204943
0.009983528232
0.010038890663
0.011186170079
0.009517163440
0.003265860459
0.008154553813
0.147101959269
0.016642518960
0.001602575288
0.011265741922
0.002081227321
0.021039486589
0.014876963603
0.006810476184
0.000693714265
0.002658612938
0.009482897174
0.000288356913
0.004978204932
0.006329334927
0.024385179679
0.017505067250
0.004032699384
0.048890623821
0.026641196688
0.052497439337
0.000893614577
0.003695895892
0.010861826638
0.004685749618
0.004080413289
0.059381891384
0.002542023153
0.000905322342
0.172368695352
0.067390256211
0.001803387011
0.032836263660
0.146625378044
0.003106994440
0.002536271530
0.060674083030
0.013321195842
0.001420040671
0.029213413346
0.031236811161
0.000174402028
0.013498854807
0.004605029177
0.007818379698
0.020146194287
0.000870975112
0.012081776834
0.006720305799
0.016980486343
0.009529394733
0.005501320548
0.020717242938
0.004495140719
0.014614073051
0.005631467026
0.008914133912
0.009466877308
0.007855802648
0.000998038271
0.002041105383
0.010079310551
0.000103571289
0.002322189296
0.014722417170
0.036390987964
0.025084953153
0.024335562894
0.022322373755
0.083802044777
0.001418040866
0.003411480897
0.018286921924
0.005644020437
0.003859157357
0.003797788674
0.001095910874
0.000681185863
0.004081634326
0.008082734216
0.034951322819
0.034819225613
0.072305190666
0.012667743678
0.003172408134
0.021196196757
0.006466824279
0.011011232965
0.017324103237
0.008038308253
0.002586737337
0.031242553015
0.021851029764
0.012411762266
0.041386028086
0.008349264365
0.012695996589
0.018553587543
0.006208405658
0.005020796584
0.001438902117
0.010953636723
0.006557886960
0.081028091705
0.005247595520
0.006780952735
0.021937911093
0.023130607916
0.012238760136
0.001910661133
0.004173902336
0.047295685110
0.002446630217
0.051063026606
0.003183414579
0.008622885748
0.005603839206
0.002984828053
0.004479234607
0.005522736757
0.007087749225
0.008888652660
0.005969220499
0.009387667966
0.003699498224
0.013630681106
0.005380321248
0.004377194646
0.006750438040
0.002773923072
0.003244949155
0.011836204866
0.069251906925
0.028395985590
0.010634133551
0.049564863946
0.036869034595
0.033078525242
0.269272433901
0.001840789074
0.007223649882
0.007956871804
0.006114852542
0.025964442595
0.048347686849
0.004793712788
0.014914934537
0.005037028500
0.019009418982
0.014105747900
0.006558690152
0.004619836512
0.002873458083
0.006763926620
0.008107591183
0.005317126308
0.010493518384
0.002344803561
0.015937778151
0.041373269567
0.006788353424
0.010073987910
0.022798420985
0.014182330027
0.006161024389
0.042010332251
0.024452721058
0.007367110618
0.024304692644
0.047624546644
0.022278007603
0.011175563936
0.052460564569
0.016793938732
0.006386302791
0.021499419712
0.020317151840
0.028298787101
0.011554215364
0.008334507387
0.014614109190
0.006094554427
0.038483197517
0.010237153667
0.114878229732
0.011955276734
0.035779000206
0.006672823119
0.001274708544
0.013587909358
0.003703464310
0.117716945025
0.012144158806
0.001612257831
0.155364852856
0.003354723221
0.074123936188
0.019854652069
0.009509881353
0.049885537288
0.027747493120
0.012100842799
0.035836339479
0.037877856166
0.002236482509
0.019930258882
0.035511499723
0.011126555466
0.008072934611
0.002705765772
0.019061955287
0.004522732352
0.018253965478
0.016007384805
0.030735834700
0.004265265220
0.017364725872
0.004028212076
0.003077715537
0.008259501262
0.011922192730
0.028778092938
0.018508913268
0.017963988117
0.012274322796
0.014043593703
0.003917371884
0.002847946678
0.005177118489
0.070224752273
0.021721974333
0.005778673059
0.010907357479
0.014915492389
0.067991845056
0.000735621389
0.001769042477
0.000817874622
0.013348417329
0.003913279443
0.019933951952
0.001169035442
0.006092549676
0.004126106427
0.070895903034
0.017923572331
0.029367779230
0.005086211797
0.007771834940
0.018909522412
0.001943085361
0.002957712516
0.035778759117
0.003280133120
0.013380315137
0.003264049188
0.061605339388
0.028766502698
0.013974594735
0.006130432562
0.004153424350
0.000800613070
0.007034297148
0.003505248672
0.107630401556
0.021042070922
0.003589456259
0.004365159470
0.006617098870
0.004867168388
0.045312256296
0.028210639493
0.011163955794
0.035740867642
0.234150878581
0.024047697893
0.000832455623
0.012738170241
0.009118277426
0.007741090229
0.013469140721
0.005168274355
0.010849740310
0.007140160346
0.056968839004
0.048022932715
0.068410507438
0.009397795151
0.019094157201
0.061235397186
0.026271492459
0.000908891859
0.007502463337
0.006887510582
0.006148555853
0.014071287833
0.013783541141
0.003081652688
0.011449595788
0.002536551598
0.016994595876
0.007099639797
0.004987409474
0.004390189514
0.007196515451
0.004894112381
0.048204412024
0.007834450480
0.155349504267
0.008672130459
0.029061150111
0.005401098225
0.029198183163
0.003169301501
0.009313181810
0.054067084709
0.002509158853
0.014078822983
0.006359625552
0.006284091179
0.005673157060
0.006950621760
0.005631827780
0.009309077003
0.012625000605
0.000159439209
0.100830640221
0.081707726268
0.005036515258
0.065807397365
0.013194570570
0.003386428437
0.007874857292
0.023275115806
0.025753935914
0.024328088176
0.000336521561
0.034408445858
0.008072676413
0.002812488633
0.003143253072
0.072570559820
0.360232319572
0.083538401524
0.037111053667
0.007236963834
0.017463872228
0.002314648648
0.043978724104
0.014231041726
0.020187729226
0.056328298799
0.020573723425
0.009624219245
0.006490803495
0.018323647909
0.005736646828
0.010444091867
0.012559967294
0.002737445756
0.003607691424
0.046269712165
0.019121239174
0.011158467073
0.020697346636
0.005604312202
0.000284712253
0.004883545222
0.008978298099
0.004788612871
0.000983664326
0.041664529326
0.003039512642
0.015819712198
0.121279390270
0.017236155293
0.025543488874
0.005885736212
0.017918601288
0.004973266215
0.001494985353
0.002802605088
0.001378462981
0.006655672467
0.014096873042
0.010547275928
0.046935821958
0.001049119501
0.004078157023
0.008245209691
0.012712316876
0.012654866002
0.011294613114
0.006733719987
0.007303070720
0.046777047654
0.024644384747
0.002534541268
0.011873771167
0.073485589792
0.020688215570
0.038299537028
0.004462833459
0.007218915417
0.005207966169
0.003950110757
0.003213099581
0.001325711475
0.008214009611
0.013110380575
0.014380926630
0.155560098645
0.000949596009
0.007125010116
0.014226926353
0.099657114592
0.026148878899
0.004511765136
0.006290857153
0.016837313553
0.008925598323
0.005438628488
0.017894715366
0.016559625599
0.021888627997
0.064791769863
0.005003244863
0.012336611679
0.023828827934
0.013851180303
0.010783197743
0.015336958090
0.185880418502
0.030539463703
0.002139096187
0.018963090426
0.020267361087
0.013503580262
0.042017238330
0.004160356471
0.034274795482
0.002390284200
0.033922371833
0.014665148232
0.012480480407
0.036467216091
0.001380022521
0.034476786721
0.019840527898
0.001517464213
0.076290666398
0.001228841366
0.000108155355
0.026293647008
0.011563668382
0.003587048819
0.009805298697
0.012211155925
0.015741471283
0.022167277488
0.005256508153
0.002026151999
0.063595269098
0.000892896856
0.126076374250
0.003494042946
0.002913590756
0.008033993587
0.010945444825
0.042458700297
0.004127933131
0.022747696452
0.020893701885
0.006621575841
0.001067872863
0.009164729615
0.012537757117
0.031670360712
0.016118154319
0.003943807598
0.007474886183
0.023223762303
0.004519535972
0.014585970303
0.014958803617
0.103004798378
0.033296178780
0.006438163307
0.006418538028
0.000932255496
0.036640879623
0.002193303405
0.007804535772
0.001595416526
0.022293657017
0.008978711437
0.006389471125
0.002468031723
0.025028728116
0.047406936546
0.004082576800
0.025286865104
0.038507805080
0.000845362846
0.010086619566
0.009238825622
0.035410438099
0.043817110625
0.061141967110
0.006217679686
0.000334837072
0.017056995234
0.014178027175
0.020228366262
0.013211116962
0.003272084495
0.009432488903
0.027232685736
0.013159320920
0.011840277267
0.005138518665
0.038374702523
0.017526718721
0.007448320350
0.002718908529
0.000951944103
0.045321853878
0.000923158251
0.007894794429
0.000703980177
0.027800263700
0.024521234769
0.034506646594
0.023127390076
0.011499437225
0.015650778787
0.001582363765
0.012000570861
0.060445322235
0.039436393600
0.070918333084
0.014666431336
0.004790024369
0.019418622809
0.052717868723
0.011865349318
0.034833492606
0.014363502506
0.006301947134
0.141488068063
0.007833090664
0.006214955964
0.006951872152
0.011854965598
0.003589963788
0.067825318320
0.054305041608
0.003981418878
0.032581012575
0.004985757015
0.026454709644
0.001814132076
0.016284855218
0.009936576223
0.018117457940
0.007546125821
0.002696474649
0.072801208199
0.022138897850
0.003104405202
0.010049197752
0.043992148971
0.026739755214
0.013417988687
0.018365854332
0.031907763122
0.008142278833
0.000670625392
0.010163253899
0.002331318655
0.046637379930
0.001665010386
0.025661919088
0.022842340173
0.018664117751
0.024169448569
0.010796500220
0.004673994440
0.001057922021
0.002938266959
0.015488634887
0.008749657633
0.007686990680
0.003498702428
0.017636866042
0.002767283518
0.014951265516
0.003079033666
0.004692153007
0.007304355695
0.040497004767
0.006916508366
0.003363441540
0.070144633893
0.011041040669
0.013341598541
0.044113677364
0.050016541235
0.025495955526
0.027010602355
0.008966339789
0.023607958760
0.001896067263
0.077456159737
0.019450565534
0.003282198213
0.007619261580
0.048049990463
0.010141694686
0.012757625453
0.049448230779
0.018940624271
0.007420639449
0.136677780144
0.017758775474
0.012651778628
0.050504532845
0.001752751738
0.005315038818
0.016778937636
0.007477689302
0.004913023905
0.022525719819
0.004940226060
0.006884438138
0.009294332541
0.001297346622
0.086381586615
0.008515518655
0.056333285616
0.006263123193
0.009791994104
0.021076726770
0.001048665631
0.009465676007
0.005563406163
0.001043270819
0.007087416785
0.048284923427
0.005631476789
0.022856251770
0.007089908026
0.017051183775
0.001334408282
0.002730164745
0.022167147163
0.015881561319
0.291689313200
0.008554543662
0.002914792932
0.027764134457
0.002747457049
0.004085153966
0.006407418149
0.032880572675
0.004794811836
0.033539993820
0.024753653834
0.019355556904
0.001703642547
0.014829553232
0.007757719036
0.019196723251
0.001563820148
0.011808447495
0.012749293039
0.002209834122
0.011774358107
0.005941093413
0.007077904880
0.000700992263
0.002033781154
0.027847811096
0.005762996370
0.018992865840
0.016970187633
0.013820188018
0.271729029582
0.021955687286
0.044038054014
0.002055774947
0.034149199353
0.010095139912
0.006031189991
0.004608266597
0.030421648287
0.013495193491
0.041023448421
0.014460420349
0.058790748399
0.018361059801
0.049835976746
0.004475545794
0.000596261657
0.000911352662
0.029926788445
0.029045023598
0.073313587692
0.012927756225
0.004000025173
0.008152113684
0.032556356189
0.003671124850
0.007853397812
0.106961446245
0.006565285408
0.005997302871
0.005685650867
0.008147925076
0.087829385445
0.131109157043
0.013985998627
0.094729759465
0.002056471266
0.061171288783
0.023789518529
0.001230455418
0.002301276173
0.004438155737
0.148314920213
0.004317693943
0.068697182819
0.019404475874
0.114648599410
0.019604283985
0.003071236832
0.009671584740
0.013329363192
0.002799949157
0.009129711883
0.017064575992
0.029575044243
0.007299096381
0.001494174936
0.005617596346
0.005668316969
0.034614232632
0.028825951389
0.007732668639
0.012064439907
0.002062165536
0.009321527798
0.013199679711
0.029409404852
0.001626922478
0.033993896523
0.001306588344
0.084687609949
0.016899666823
0.011764122546
0.006459301561
0.015294403711
0.029639702429
0.018034245425
0.028460713932
0.009842354130
0.000270687755
0.004992040338
0.017092865167
0.016899481642
0.056152198204
0.006171179633
0.002380830981
0.003517646774
0.000757362324
0.002479715121
0.008161083988
0.007608809771
0.013434390683
0.010283651344
0.009081365253
0.023793479008
0.004505631251
0.003294512150
0.030890410141
0.002201777898
0.010858401647
0.022222051467
0.005853249142
0.039090816856
0.004516942620
0.007011279756
0.006624476122
0.008806217204
0.007849772202
0.032387946074
0.003150338997
0.000770305859
0.008515800231
0.000745858963
0.005703071241
0.098774025127
0.064102727195
0.002386274991
0.029586842285
0.017445006771
0.005124348418
0.012960771177
0.016222606831
0.018554536763
0.009025709868
0.042934208826
0.125821907955
0.011830733216
0.003588598704
0.019963871573
0.012141254157
0.056213685790
0.017457205869
0.004788674747
0.023651071258
0.001972442901
0.010259049558
0.069447810481
0.025854700059
0.001027871278
0.038472894493
0.004470957837
0.013554119907
0.006463278603
0.054530856103
0.012352530710
0.001440050891
0.002514301186
0.006560359259
0.016920007988
0.013857234627
0.004508308021
0.008915233914
0.070745421800
0.009251889449
0.001336427137
0.005622725376
0.004442428231
0.008682536189
0.014556506849
0.002840092971
0.007004957037
0.120616907856
0.031673927213
0.018083511081
0.041362500083
0.022042792938
0.001516130311
0.075789498366
0.059719233275
0.049995936659
0.002458373409
0.003571596795
0.028729431532
0.006981377976
0.019050312386
0.135597300185
0.072676759584
0.004120771268
0.004762448235
0.675957849417
0.032951846546
0.050804766273
0.002137593952
0.015668706893
0.001066943794
0.012775217908
0.005141499530
0.044530179449
0.109811339114
0.011175848704
0.046712333847
0.032626320014
0.007719088846
0.006844476915
0.006552615573
0.018794389359
0.073516922717
0.031965772715
0.005219508551
0.042277420965
0.001823804924
0.041734540603
0.211164905860
0.003523374796
0.000620251637
0.032545578705
0.008749669736
0.006610004105
0.005330012413
0.009339906696
0.009940854683
0.005030140805
0.033750852800
0.140020446412
0.006363701923
0.007646324221
0.005292753489
0.008949390962
0.164995994095
0.005455222134
0.022306110041
0.032289465483
0.054310608719
0.045708043828
0.029541100094
0.087810030660
0.031511909909
0.006725461627
0.052455365710
0.006562728186
0.030070324820
0.006651690774
0.019903079035
0.015436012869
0.046639555517
0.016161557655
0.007230030965
0.005427797762
0.008622169853
0.007880442065
0.002356695397
0.021646242128
0.049483588139
0.006834846329
0.001404834730
0.041240113230
0.002475902650
0.000459606654
0.004218592264
0.028396254435
0.003245297722
0.006712229392
0.005559634588
0.014646373559
0.003121992573
0.007503353869
0.017877262864
0.019554173877
0.011488524334
0.004236061491
0.108663386370
0.006490824216
0.002782957383
0.035027767666
0.003427987374
0.009942883372
0.023727028330
0.026650709446
0.011520892936
0.012639918532
0.013040805529
0.004895089626
0.118866355837
0.010062807382
0.046828254520
0.021378998926
0.000402665453
0.016024576560
0.007951552917
0.000378297395
0.068427808501
0.002886021885
0.027196233352
0.053117626051
0.021735532272
0.078642629665
0.000861353344
0.001238989316
0.010537416012
0.003549241429
0.019389054753
0.008208680923
0.006279697573
0.005682304714
0.038695719117
0.006697355719
0.043696658335
0.007061842742
0.094251316137
0.032837809311
0.031857245761
0.005010487743
0.005758701352
0.000832425718
0.010681310763
0.023006191673
0.006480252043
0.027471735908
0.001510769007
0.050524138700
0.008680999156
0.051947177574
0.027383017705
0.002092704732
0.346007112153
0.184554201926
0.020510474369
0.061246002982
0.021803472155
0.035861940723
0.004531074791
0.015850803084
0.005276805108
0.006181574073
0.017962661435
0.018102812561
0.052139940714
0.114557271346
0.002009636837
0.000727443682
0.042856742255
0.025218852249
0.018201952426
0.014793790638
0.038711939307
0.000391380968
0.036113262099
0.040048545614
0.015222469186
0.008156975024
0.003515983547
0.012465942449
0.004106231319
0.024302728007
0.002261805986
0.003130554870
0.021051120813
0.005548829995
0.122876807149
0.009976468334
0.068316612123
0.085316844581
0.051183191481
0.010951012223
0.015340568360
0.072345019478
0.003636043803
0.104036501493
0.004968030179
0.035127787925
0.005467794740
0.028656959209
0.074203695019
0.025919685309
0.010294843324
0.015515930379
0.005855250885
0.008472322647
0.004300538369
0.000878704719
0.005186869236
0.090036397971
0.006119719644
0.008260260469
0.020861123231
0.010138800074
0.015985673908
0.002971837365
0.009778049226
0.005998572642
0.071989922776
0.000741366002
0.024730499254
0.017984314672
0.015185373620
0.006518763042
0.012118170364
0.008469525174
0.023965165763
0.038650447490
0.074561970602
0.015340866426
0.002598832354
0.004919189466
0.041361893621
0.013031541371
0.009713259395
0.001021491235
0.030293758084
0.024293898878
0.007761785055
0.008382645329
0.031538359506
0.008284175762
0.005398149241
0.002068827565
0.023967439072
0.072501450226
0.004428474261
0.001302483812
0.025769692150
0.018854617765
0.002373724878
0.004161451971
0.009665369225
0.017282373877
0.099604518576
0.011901387895
0.008318577653
0.016092213582
0.003293959477
0.009307396349
0.009757058302
0.010137208278
0.001730422695
0.015468178839
0.020534064659
0.012322514043
0.006003542520
0.051697000139
0.000196482304
0.010625096633
0.031699458667
0.014516295689
0.151796591533
0.011761774658
0.032576493497
0.058099230389
0.019298634044
0.001654653125
0.020109918242
0.012727966981
0.007254831394
0.002605898338
0.026727476709
0.003024422757
0.012110204438
0.020872932594
0.018912217506
0.018456247074
0.011771615972
0.002271973262
0.038344686172
0.002539297645
0.024338929557
0.005704597175
0.027067972564
0.001999202514
0.031261753240
0.007834321063
0.028857254319
0.005382777576
0.000529890249
0.007443847910
0.014247339146
0.023388494036
0.002471905944
0.005585077855
0.005830913306
0.013117213362
0.029458355171
0.033339593828
0.000839785981
0.097073682975
0.070950300837
0.003641958365
0.003110269758
0.002102402010
0.024416037076
0.007061569970
0.007982640521
0.010318060338
0.019612608300
0.025713379964
0.012588887634
0.014566671445
0.086984439882
0.039147730932
0.011481994392
0.015636605524
0.001889418292
0.028585837749
0.004384951516
0.004088457242
0.023406701041
0.025211472413
0.058638118238
0.004555840408
0.098230288252
0.050379905596
0.047876473143
0.004560624766
0.004462717220
0.008125860692
0.013115890704
0.018898508107
0.031623302135
0.028769028052
0.032045622569
0.012196238445
0.043642241661
0.015787719224
0.005333152001
0.000939817840
0.038728186754
0.001097609828
0.018672255777
0.017963565173
0.032094931989
0.057335309640
0.001172680522
0.004294016701
0.014286360338
0.005176526585
0.033693447345
0.012978355808
0.007954007269
0.005974972799
0.026868260010
0.061141853143
0.010912276695
0.015020025668
0.002208934461
0.062997323606
0.042765372189
0.034807304530
0.057191526741
0.073885369015
0.014997562489
0.002419689283
0.011861190939
0.015527564246
0.031436868730
0.001945369173
0.001528733503
0.027127187956
0.001745198979
0.002845377493
0.004655037234
0.006533676793
0.024143763794
0.013676275871
0.001027392580
0.011107281309
0.009820451162
0.261317091418
0.071719376926
0.013734350994
0.009779774706
0.002342194211
0.000108911896
0.017475349284
0.027084748164
0.006468162500
0.046851352522
0.054048312625
0.034924451929
0.008284336914
0.023621013711
0.010599499807
0.008971391644
0.006168372524
0.035214458401
0.030224753640
0.056086487882
0.046218860665
0.154137517800
0.130484645689
0.015086640753
0.027509679005
0.009940027300
0.003593634679
0.023380710029
0.006507700533
0.025791917902
0.006066459626
0.012144555553
0.051628887823
0.005798555413
0.017619744789
0.006788179517
0.004136331284
0.012650915273
0.006538586691
0.004198729302
0.008949010850
0.000728695247
0.050781423537
0.009888960141
0.065377533608
0.011382589851
0.021420420619
0.009435143731
0.014016558192
0.005064082466
0.024486854739
0.005099519362
0.004008838050
0.127044318147
0.009905587966
0.001459079430
0.030055002385
0.048673272330
0.010196660733
0.000550883802
0.015155638157
0.075990427733
0.001126979722
0.011239970400
0.122400872547
0.013918550414
0.076645827990
0.000163168214
0.002262292541
0.046168040463
0.046377279396
0.031789903015
0.001859016080
0.032242905514
0.023912594788
0.004245540693
0.023843877665
0.040443815780
0.019599388695
0.036186393460
0.011474685758
0.004242860058
0.004079116222
0.086584431147
0.019316754048
0.001487641650
0.001939275955
0.009064776485
0.004723941831
0.015598896311
0.001292285581
0.003938513663
0.001328545659
0.032923088228
0.087114209846
0.017121893148
0.029846676239
0.000459358868
0.026135814484
0.013153152932
0.014773356363
0.002303238603
0.076406530139
0.069084530715
0.020225298997
0.010876228561
0.009449466095
0.036252061471
0.002515250281
0.024861482200
0.004920989665
0.012555727028
0.023170380531
0.099805424019
0.010240532170
0.013541831730
0.020449757950
0.003093520687
0.017449156882
0.137904428115
0.005106804252
0.004661716218
0.010151719518
0.000704206294
0.016792506670
0.034336657802
0.004535586353
0.058917538481
0.006065046431
0.000918959283
0.217172432167
0.198086537888
0.014822065002
0.008802459425
0.000522018661
0.017827175213
0.015497588403
0.007084140619
0.000494109608
0.014889288019
0.014396023039
0.005950260081
0.003621572906
0.007516832556
0.004768806421
0.067927598022
0.008163373577
0.008550491706
0.001721128598
0.038243614605
0.046465735745
0.158642082098
0.151830414391
0.097542071777
0.000991468427
0.003605468628
0.010644944861
0.003631129415
0.008576791439
0.003205056121
0.000322143930
0.002068425825
0.002977250458
0.024070905734
0.008186124227
0.008174555441
0.010017764987
0.068269236168
0.003305732770
0.023258999001
0.029496281068
0.029599195546
0.009105280796
0.019251735248
0.005443961537
0.003723686046
0.036420151793
0.045169224620
0.083752702741
0.032527637519
0.009158967063
0.000495151356
0.142102257148
0.021366237123
0.003999264509
0.001332472036
0.011247613879
0.009918079011
0.012026158504
0.013722539708
0.024336425469
0.004955778042
0.004098063056
0.021402486483
0.006851848769
0.068361576418
0.006959991047
0.002382146455
0.002979690425
0.001741569089
0.176921843921
0.022094673100
0.009631050484
0.009855908826
0.027508089758
0.017669601875
0.011635653233
0.004279606613
0.016738659314
0.028523543627
0.104802066266
0.194244308512
0.024437186704
0.011790605006
0.026002767960
0.006828227580
0.011648639304
0.003065730812
0.002206552112
0.004093988602
0.007897857251
0.025881467611
0.001566252867
0.028347952104
0.086799739095
0.135828006978
0.018544811082
0.000397936804
0.006249410209
0.138973208199
0.001562965683
0.014951111489
0.015247871925
0.034227200010
0.030925537920
0.040229311685
0.059662247356
0.002438724851
0.018533080778
0.010439095140
0.027008397987
0.085005423979
0.011190371072
0.067351548093
0.017997496821
0.000838291362
0.002867329523
0.047215385310
0.007759258102
0.012663025615
0.000349589566
0.018676996673
0.022593643265
0.005328332389
0.020504671588
0.004416498279
0.004834378720
0.140623946252
0.003469663209
0.001195762854
0.010631380759
0.006946925008
0.003262730378
0.012692360811
0.012552275693
0.175018904387
0.001430466340
0.006309155547
0.000576130337
0.001974941517
0.017900839259
0.041790060218
0.008111747236
0.023732371669
0.052367724274
0.028650259498
0.012569589866
0.022644681695
0.048227009118
0.009199159972
0.002831682018
0.011986219471
0.116975222481
0.012203727563
0.021590129705
0.009067380292
0.042752829313
0.043515100294
0.006625508596
0.010942180067
0.013034421821
0.024627743745
0.012140681975
0.044078718926
0.016995251251
0.083207892516
0.049276777122
0.048872808841
0.021192690682
0.024437575191
0.003376876381
0.030451545371
0.020631379919
0.002036121649
0.018615702167
0.121544090549
0.068794148496
0.013507028349
0.014732536731
0.001253400375
0.008687237731
0.006721135504
0.131574130108
0.014479520439
0.023203168066
0.031959007717
0.002934451762
0.177903480233
0.010882781493
0.085915575753
0.062751332557
0.146675174714
0.015012839178
0.027809483401
0.243112358557
0.006445043444
0.011755649016
0.018721506547
0.054106104781
0.020985560067
0.007988261534
0.002045273465
0.115261539596
0.082528063105
0.004264482490
0.013974608887
0.012193541585
0.004216083631
0.005748051570
0.004514139788
0.019734039115
0.066924088179
0.007649121988
0.051750111577
0.007343706170
0.070634106006
0.002362507637
0.003207090603
0.048517279024
0.019169225608
0.008276899009
0.007212914975
0.000422724484
0.060230971607
0.002337888243
0.005794081252
0.043773820949
0.008349644228
0.011235181723
0.002681662023
0.020115952247
0.072359235248
0.005662686437
0.027064597017
0.013115710302
0.043796477262
0.004041981164
0.005683809971
0.015272213558
0.088578845771
0.005072693007
0.036986562686
0.003443606827
0.014448703098
0.078159992341
0.012373348701
0.012714741583
0.073864120646
0.004012264077
0.008980431666
0.008996343462
0.012660518039
0.143283488347
0.002569988462
0.011289126690
0.115393437518
0.099672866433
0.025697472824
0.013873857243
0.003424909459
0.026464052656
0.066710063876
0.013823210286
0.005803002497
0.012652815945
0.080791749718
0.017206510318
0.067801113560
0.017423765970
0.007480354199
0.044316336931
0.000551268532
0.018323705308
0.002076583626
0.013234161948
0.006363326543
0.021184218209
0.013542480238
0.012049370282
0.003205755973
0.101308191115
0.028538926087
0.046228450299
0.002540792507
0.001135338320
0.004441924656
0.005668956437
0.024089499856
0.013092829964
0.007670856210
0.001143202645
0.005400381868
0.008119242090
0.025507086959
0.005382649174
0.006217329107
0.020804836904
0.001377680381
0.019717739084
0.018843547087
0.005302258810
0.036876544010
0.014427986097
0.002517393333
0.012618348573
0.019684768230
0.003292592667
0.013769465434
0.013413541649
0.053341791049
0.014633746730
0.001734052189
0.003585682042
0.017032866616
0.053949026670
0.006507692540
0.049987317134
0.028103221594
0.015182612350
0.006744081930
0.059947274876
0.004637864302
0.071322602441
0.008587660015
0.018365753098
0.000953625133
0.072710748330
0.041553767755
0.012415559201
0.005082364132
0.030420413470
0.085540964482
0.009367113152
0.002022159642
0.024104445778
0.009402023643
0.021370634686
0.011459206255
0.008522179000
0.003604497074
0.000910565740
0.026940743087
0.005217651859
0.052832164416
0.026846038485
0.051096686730
0.002154127170
0.005905794424
0.006410203797
0.006468215764
0.006480506263
0.028615647489
0.001164441618
0.043402974231
0.008368598772
0.020889820178
0.005533457708
0.008656198677
0.089543179698
0.040397913369
0.008672392537
0.001735866249
0.005512429701
0.023839401327
0.021654108999
0.068595029095
0.009855501630
0.003768043901
0.000600678315
0.029683683198
0.001781646129
0.014276603284
0.006881996975
0.008837044835
0.012061446042
0.000793108750
0.033074396897
0.013259071286
0.045842672144
0.097000908613
0.021070421113
0.006392950502
0.009400471832
0.012179046295
0.007187252335
0.011852878721
0.011080099192
0.010367636833
0.014387120044
0.000578332221
0.020372135518
0.017618146381
0.004003431217
0.053192094267
0.061671073283
0.013924183575
0.022657643288
0.013057423086
0.013109150900
0.003804728217
0.007239994013
0.000489703643
0.014849636313
0.044524835192
0.005284630496
0.011749484472
0.003064752130
0.009197920867
0.016285493112
0.045022297670
0.033994228928
0.012399546098
0.028819040456
0.085543478786
0.007879781560
0.005265873156
0.004334642500
0.008637559531
0.124649924969
0.015946445823
0.012196422551
0.058080218836
0.004362699482
0.282454452896
0.019976922504
0.209408600505
0.080221491231
0.013395201844
0.041252182972
0.011927865579
0.011259639322
0.038590131661
0.013977067789
0.038590293014
0.109249459795
0.005847464421
0.011064653341
0.024328770720
0.001920493515
0.007213765725
0.009618155441
0.004440658010
0.009789920636
0.019037980567
0.009668505943
0.015898703627
0.036534727318
0.007027457780
0.013609271846
0.110566629341
0.018449222544
0.006097749406
0.006630079918
0.083491132062
0.012037506707
0.002049577773
0.005158496632
0.010554585477
0.018744119884
0.016837426639
0.014027252186
0.007294067464
0.001202029989
0.001373603734
0.001154622625
0.067691476685
0.090305210220
0.012750573511
0.076653946633
0.040959166068
0.070767662478
0.009658672406
0.007068537080
0.002644161640
0.050570464367
0.009706322362
0.024466027983
0.011811517557
0.005560541432
0.003986141127
0.001290070715
0.059370330270
0.031864950483
0.098156438415
0.034267613174
0.032904102660
0.005093984707
0.065912286344
0.029845139105
0.022016599550
0.010205507944
0.014758284278
0.007386151298
0.088912422176
0.023264686631
0.011994548542
0.050087064253
0.044373105965
0.025176237860
0.023976248835
0.006402280108
0.095828480739
0.002096610637
0.019476208284
0.090373198493
0.020452119180
0.063155271670
0.029042093445
0.452758048348
0.005622751604
0.082516756216
0.000899957606
0.062840874002
0.017109801895
0.035332132857
0.020013543867
0.031636694159
0.565204980172
0.153253149100
0.000879366306
0.011338996857
0.006377542194
0.028241267207
0.012145914295
0.049711328365
0.007314223641
0.006606764417
0.003427717106
0.004539662460
0.031220146812
0.020739808117
0.084954425224
0.000200184687
0.003762127515
0.001219281772
0.011504832638
0.019382642679
0.013491742097
0.084646529207
0.004817038101
0.035267359035
0.015428468795
0.001394376045
0.006291774740
0.026137480346
0.010816657898
0.012681089429
0.001991107386
0.035779861909
0.033899658452
0.004607587953
0.007978654938
0.021539529457
0.006923107358
0.003314681920
0.001888501227
0.043688635985
0.001796792285
0.013226993750
0.116113930997
0.009703613488
0.004992456279
0.019466568711
0.011746572599
0.005152246177
0.067509845215
0.003958594470
0.001507377535
0.002106760286
0.246826979130
0.012876775617
0.005536721434
0.080424661945
0.037789185149
0.005501445361
0.010604251335
0.013452471987
0.011237639805
0.008720955501
0.034610921424
0.014779995932
0.001451088901
0.113375641278
0.082193258517
0.000917304267
0.001914936214
0.003062269234
0.035250412041
0.008923455478
0.009762241454
0.007332856874
0.005322303552
0.067348229937
0.006349365079
0.016017216775
0.007918359573
0.005594749042
0.021184839733
0.015904413697
0.044470284062
0.015357957273
0.008361683441
0.103934355171
0.009871571300
0.002003150478
0.041949124053
0.092431349970
0.001323352306
0.019134485650
0.028551975930
0.012389119745
0.272021252550
0.015629142761
0.035998901154
0.005350718911
0.027102088511
0.000933606682
0.007081834245
0.005484289240
0.009235115726
0.016037444974
0.041931158984
0.004971076606
0.014957249130
0.163461096719
0.018018417341
0.032513412645
0.014997698617
0.017664516620
0.040255207716
0.035628476205
0.049478452681
0.028259382483
0.081252988610
0.013654596032
0.006249664956
0.100423124270
0.055871376856
0.003650787743
0.081947778718
0.004046686842
0.006432721359
0.031181628745
0.011382768140
0.073288548597
0.053760937004
0.019408298033
0.001923317726
0.011962381478
0.000425469585
0.029321688533
0.023608224404
0.020970982476
0.202644232176
0.036388316595
0.016045507306
0.031286917123
0.016105335166
0.032065890956
0.027910157574
0.051749028237
0.033119149675
0.014705692630
0.010813521900
0.149343095884
0.062147138791
0.064920729730
0.038638834549
0.003918695264
0.023166060840
0.004378478206
0.030916856269
0.061627205195
0.007426131005
0.009250872337
0.015180046901
0.007127790728
0.014410085577
0.031531480888
0.006912845182
0.005499668550
0.096435931605
0.026326110599
0.057548352969
0.066233399601
0.009102743575
0.019313116077
0.008362423919
0.005762547161
0.004046629891
0.015442725505
0.062450478222
0.005943588870
0.001907728666
0.075689989767
0.004196169807
0.002918504492
0.043918231686
0.012446182803
0.038192931866
0.026906155387
0.008307959360
0.031170910483
0.047396423868
0.007859077117
0.026638458657
0.001554152150
0.020263939619
0.004757696595
0.060881696628
0.340787975649
0.015366548951
0.005934829453
0.081283033091
0.003192605258
0.027784718870
0.018260630778
0.015845835617
0.025003977029
0.061755533316
0.002010388617
0.018903524204
0.003475053343
0.002936310947
0.034504059140
0.104338632826
0.028959703326
0.014865446516
0.011736996851
0.024043794478
0.014661487507
0.032532504762
0.001721865923
0.053240173495
0.003566479547
0.003763880378
0.004992225580
0.053248099669
0.018291733108
0.010512153823
0.001359284997
0.057733206739
0.017826963180
0.049717484327
0.052234898047
0.144409482535
0.106013102120
0.066031366156
0.012130973773
0.062102088574
0.092025807101
0.005725269006
0.005454592152
0.046517390612
0.068804896277
0.014613885106
0.016680070717
0.012712452900
0.112822966812
0.034129973626
0.004544576051
0.011884255297
0.041370798190
0.065048956179
0.046064372169
0.014402381421
0.026945780603
0.003839816676
0.004644924735
0.016245844302
0.008166294502
0.006524096982
0.020491678533
0.040635215744
0.180537959738
0.003315504899
0.079147397953
0.177394567763
0.062936058699
0.015799360460
0.002694280731
0.003323382362
0.009303096241
0.026224186387
0.013535764694
0.001602746378
0.019156763550
0.015256250138
0.054144779053
0.022612962539
0.010279807346
0.016243446666
0.031827638336
0.009853335841
0.021192615740
0.039186574420
0.010199299122
0.034638527954
0.013013572836
0.038283425125
0.086765512866
0.003794903904
0.007052694813
0.003538946293
0.252468767371
0.004072881140
0.244241621690
0.054654370555
0.063553507524
0.036148413012
0.027996993798
0.012127742419
0.031902554141
0.035884902362
0.071331937994
0.050079270625
0.002940445202
0.004292408573
0.064208651804
0.008154394095
0.021395568537
0.006426557387
0.018962580117
0.143507494217
0.009341630570
0.017088987748
0.020138140011
0.009840105707
0.013262170901
0.005663291116
0.005784246764
0.021985154885
0.040294906707
0.008887679069
0.004467503351
0.014794441429
0.007614043238
0.030946384685
0.006108453800
0.002014731085
0.004312558858
0.001620612941
0.013635007712
0.015656879700
0.002570704407
0.006127917493
0.024581553630
0.080839417571
0.014806460246
0.037097584054
0.042240368309
0.001250210953
0.000482726378
0.005826970516
0.003865876461
0.008300694983
0.070597993287
0.055212136825
0.011975456114
0.050394548770
0.003147471006
0.051183731017
0.020296626658
0.004989173486
0.099006293563
0.003916503745
0.005771733226
0.007133709871
0.010250432577
0.099444592156
0.015211405740
0.050740035780
0.052107466067
0.192536969977
0.014962578897
0.015119769234
0.019511271675
0.039408512508
0.114214852788
0.004117462918
0.020711027837
0.029643637713
0.011109821681
0.071386750995
0.011386659889
0.033322176081
0.013966941888
0.010057095498
0.002142674322
0.043816453635
0.012105847058
0.029210263306
0.006740097707
0.110111059332
0.013082774002
0.087142603848
0.011712326406
0.005310697665
0.026709069864
0.010778550091
0.061176162388
0.019356061846
0.007797655213
0.048659071576
0.008353394657
0.002950840383
0.016652277976
0.043587537807
0.003711458313
0.002235568537
0.023003170848
0.001484090270
0.006992185740
0.000657087107
0.011240880000
0.005982938104
0.011761149308
0.007524134685
0.018724070054
0.011326999416
0.024209128579
0.011684734833
0.021311611990
0.119293692629
0.024608710251
0.004693992669
0.013426369746
0.005626900700
0.050467483321
0.003489831913
0.108385682454
0.135767520215
0.143714098598
0.035478465819
0.018557002546
0.008226471246
0.049725643090
0.029978213044
0.002454039773
0.012956845124
0.013198968892
0.208472866425
0.064778786448
0.015781428226
0.018896977937
0.021848156881
0.013032564420
0.008006602826
0.045729288233
0.056892724949
0.004506898392
0.008302339329
0.059414163545
0.013062365887
0.002446665577
0.019118021480
0.019012657086
0.062289304660
0.018117427240
0.014833831525
0.030879112292
0.040437162036
0.003001529429
0.001711270476
0.034809994647
0.004369113985
0.043715039016
0.003571541360
0.007042655032
0.042608581028
0.003613960741
0.033786077102
0.007472878541
0.049645606067
0.047958739928
0.028811571243
0.077013343905
0.007851908721
0.004538515495
0.005795340538
0.012317287722
0.009765734327
0.022698845282
0.012104591400
0.008935145095
0.057396718572
0.004173130697
0.031610238960
0.007002378487
0.000556170097
0.012064940243
0.027003429596
0.011824080543
0.022691599928
0.028981968089
0.068468193613
0.182348264814
0.020590832202
0.007932112838
0.009348860673
0.006319638376
0.023206284836
0.010124836608
0.013401154962
0.014444393876
0.017920640818
0.011301715791
0.004527044773
0.054674727404
0.065622984874
0.023334132699
0.070003128534
0.012273799809
0.064329069919
0.005478073528
0.016559641568
0.025287172248
0.004532122284
0.016926740566
0.017475872820
0.001345468079
0.013912918235
0.000830878735
0.007435795736
0.029874562571
0.140985073148
0.023750002622
0.009133432621
0.009457221073
0.235533034198
0.003486074402
0.028404989204
0.009613572385
0.024501457362
0.002772983815
0.035179301197
0.066986813100
0.011367865318
0.022460338062
0.005197114477
0.015029791991
0.028214652201
0.004512800566
0.018590630613
0.010197728878
0.002993276493
0.015670378591
0.008081365687
0.080238092395
0.075338667765
0.002857955658
0.022764665029
0.065826067855
0.009282928370
0.060018408496
0.253318106789
0.020625728858
0.007981273167
0.026282366910
0.005340503106
0.016347609768
0.132877662076
0.009654479436
0.026535648863
0.004083739102
0.034853967501
0.305815941833
0.002776423710
0.046035271792
0.004776349254
0.015096699216
0.005182715865
0.010759772530
0.006944192757
0.001604089171
0.013954410742
0.012603775713
0.014196970121
0.001828995260
0.024517700729
0.036038773088
0.003926608472
0.007884516910
0.019674941009
0.102384662339
0.021128116930
0.022154334886
0.021071944630
0.003367379230
0.003499236150
0.037931707326
0.017212021630
0.005739121893
0.010015656222
0.107169315130
0.019338644469
0.032399707069
0.012513230740
0.029952721338
0.023590855460
0.006959205061
0.010681190946
0.006671004892
0.039227390811
0.024367837268
0.039882066414
0.047509848026
0.010991251813
0.000778003651
0.014496343039
0.022767322859
0.003162446135
0.019485069047
0.029852105663
0.000919717705
0.009893259638
0.033399354244
0.142464838144
0.048672718225
0.020981516749
0.018530236930
0.004269510558
0.008400071383
0.005115137508
0.018706707105
0.001645522067
0.001447887416
0.008518068644
0.013890511995
0.117887140259
0.014794405049
0.003208478160
0.010819925805
0.013520461552
0.022213224374
0.004998792530
0.014423594366
0.063591545573
0.026083515770
0.012209297152
0.045159989564
0.007131005247
0.008852909758
0.002792697287
0.017615916711
0.034590704633
0.016834375534
0.058381728724
0.043763561736
0.019781137009
0.006668626355
0.004155257208
0.021433906470
0.017053324406
0.009733189563
0.013304408110
0.310607784599
0.055953799535
0.007254201268
0.055854419367
0.016356651242
0.027466470997
0.018895208218
0.007737471050
0.092365825406
0.007161521263
0.010533952840
0.006059925934
0.025203264960
0.014058584759
0.004093018274
0.042706803918
0.009844804909
0.002164956021
0.003111441109
0.002435606389
0.028816256419
0.019036527084
0.010880209071
0.001146079115
0.044066132311
0.027910364676
0.015071951124
0.054188730486
0.006634829158
0.035992521269
0.063616808507
0.045591954508
0.001923450654
0.000873309345
0.064022963090
0.037286999557
0.027416086736
0.008063584342
0.019364279060
0.014912420381
0.002404266900
0.003958661032
0.027625688585
0.002465437117
0.018384743725
0.013734980155
0.343936045519
0.085046478180
0.033628760511
0.028388013845
0.077457025288
0.000833146291
0.005624227510
0.006395077920
0.040250493246
0.077851369114
0.030213194849
0.001049687716
0.013151817540
0.036304699529
0.010451477476
0.004978936462
0.038777283005
0.006436217114
0.035851903895
0.012117202701
0.006201284501
0.032261338385
0.135427197838
0.051824598000
0.022325028201
0.025054801280
0.015242567150
0.057338207038
0.010347794529
0.007408788178
0.017937968533
0.002651804773
0.002377126435
0.018961620900
0.034949330440
0.009886145609
0.008801294531
0.007842834037
0.135480954830
0.005938750314
0.045211491965
0.005238780013
0.124641371496
0.083860058370
0.037483464622
0.023075201767
0.001541415365
0.006622762048
0.016935799125
0.013476605955
0.003153083212
0.003128483523
0.013971439816
0.014333717008
0.003298681275
0.015177343228
0.049553299758
0.012520412426
0.002374781171
0.014409634016
0.047958487609
0.041677573311
0.026798404924
0.005587675608
0.023024767926
0.010954692576
0.071793252115
0.000654649212
0.100713194847
0.057896443221
0.002048464617
0.002615445870
0.024231253220
0.014937236918
0.003925948681
0.008289254606
0.012413703101
0.001825180052
0.003679754668
0.003001825649
0.040607980532
0.013488208142
0.002653752356
0.009944082208
0.391106956036
0.004784605397
0.008730997952
0.065606041525
0.000842772968
0.016414208867
0.034746365075
0.028755100661
0.007386856675
0.021544442940
0.003411143693
0.013878774763
0.013847892431
0.020482681988
0.006807655444
0.001705613527
0.006937396167
0.010983045904
0.022108224937
0.020019662843
0.053998967241
0.000707844800
0.000256469195
0.018479892268
0.046477868027
0.016116229445
0.001037959021
0.072195951223
0.022910846148
0.021567545127
0.015202245247
0.008745303735
0.043037223694
0.009963830688
0.010236355623
0.686828910406
0.017901191399
0.046895914612
0.063938477513
0.003023810478
0.027320737704
0.007751929814
0.074583360616
0.002984883951
0.014565083327
0.008376277544
0.005913530691
0.124573775924
0.012412693220
0.088088023411
0.003789608911
0.009079204083
0.032332833410
0.025755203898
0.040874424341
0.047533699016
0.047130685322
0.033273529820
0.018283658585
0.151733223913
0.065304527764
0.024853486118
0.003600324730
0.001398180977
0.006289531141
0.070538671880
0.078838982900
0.000547742625
0.015466787915
0.002851197478
0.021432832110
0.135564313735
0.024905603126
0.014656900547
0.044151658633
0.049154855493
0.010089979657
0.018953268717
0.015009109675
0.008837355750
0.008768931307
0.005983529406
0.006119936605
0.002925553669
0.008693754063
0.003286048926
0.028158337018
0.079907474192
0.009321274588
0.019872658283
0.002523085402
0.036527728253
0.010348271189
0.349802736291
0.002274714440
0.103499806616
0.020812551191
0.014345194034
0.038690442880
0.020469616390
0.008715251620
0.104448723333
0.050620358157
0.025555154027
0.016465751031
0.027454781761
0.004478617819
0.096980740354
0.004768788942
0.031901360402
0.033831152675
0.007897233467
0.016356161592
0.008209643171
0.070424734863
0.048414807254
0.141913238231
0.004258258898
0.009353224811
0.034865307552
0.004977052251
0.023449557876
0.008914163002
0.016153091489
0.007460072134
0.033835561006
0.005011141002
0.016816380495
0.003812350549
0.017795823871
0.052393898579
0.036205432544
0.002642503543
0.013375065708
0.008692230361
0.003412053361
0.055674251414
0.028275930061
0.007002344394
0.062299977489
0.134631283867
0.004270253595
0.013299250205
0.004733842776
0.020362821953
0.021286985792
0.012218654175
0.006151053809
0.023552006373
0.002923860169
0.013755940271
0.055040328505
0.007215983193
0.132039584119
0.006688098119
0.001405347199
0.068189035420
0.027224372687
0.000816261338
0.086699229605
0.002367744307
0.000986923838
0.037034447200
0.004217915576
0.176143508291
0.011388652107
0.046585071492
0.025563238047
0.025348655244
0.026344963134
0.104584500112
0.001685526940
0.040084255324
0.166371435972
0.070431613362
0.023301167647
0.025206211356
0.067763108223
0.023727166468
0.065050113258
0.021873625140
0.061099285029
0.020735897699
0.027806678570
0.039960066076
0.010668414794
0.046269481363
0.011213570438
0.016381032835
0.007520107984
0.074042240597
0.025643616496
0.000674205689
0.002328914225
0.011219144594
0.003334398625
0.021986501301
0.005812122164
0.023898265069
0.032489401948
0.579289742483
0.022839683262
0.003949879314
0.002125838697
0.045038821913
0.103396046435
0.004190498417
0.011581913177
0.052811359106
0.006434860697
0.005017983243
0.014155948742
0.014440968203
0.001202034294
0.004388878373
0.006759166321
0.163657292332
0.022990167066
0.096079968749
0.078798028052
0.000434870112
0.014344013061
0.075375458324
0.003170649343
0.004281381804
0.047299422940
0.102884264826
0.001553166245
0.006005443983
0.031300508986
0.099356594654
0.011708555258
0.007802734854
0.005537613602
0.005697980299
0.008908047415
0.004989405765
0.111926640677
0.034689324227
0.001044800613
0.002327189446
0.010197180845
0.010593336141
0.035009978958
0.014552452583
0.012514802550
0.048486152626
0.049045832269
0.066968330278
0.076512102840
0.018581837827
0.014481719590
0.001960982992
0.018968542924
0.095077122925
0.002638224637
0.073678408612
0.013528677502
0.157696575066
0.000362557587
0.101316106364
0.017169377967
0.003929466063
0.131608497399
0.018414675178
0.031078050819
0.015045266605
0.003561145768
0.062213358456
0.102298119846
0.019906983929
0.010773956664
0.076547632429
0.017413350573
0.004562316502
0.003105518780
0.002988061863
0.016435721267
0.010381676408
0.048478753237
0.012512440597
0.032586549724
0.009435651663
0.035878216944
0.008417751260
0.011024444806
0.018168763563
0.141508742377
0.019268066518
0.016973714408
0.004792714640
0.002223313431
0.074103819882
0.044336909223
0.008310471802
0.024159642485
0.016422883303
0.007130596776
0.002785751360
0.005973828694
0.050181958954
0.002224066087
0.006786648388
0.023487386852
0.093462266041
0.008216269053
0.045395948128
0.063245817532
0.024856528115
0.069316656553
0.016004281498
0.029427131268
0.015334609184
0.008652952586
0.004347019020
0.054531698176
0.002017880331
0.009625612142
0.018024594073
0.266284893644
0.331933545128
0.116290992598
0.008208460189
0.054969652029
0.002159414802
0.045776965729
0.048364707006
0.012001511904
0.067741265914
0.028951637235
0.023935604177
0.005391119707
0.009542481045
0.123929737016
0.097239465881
0.003282744022
0.025112293462
0.000548673315
0.040873686110
0.028979437074
0.129872407111
0.018943939927
0.069535545546
0.019383032999
0.041138627151
0.029023846065
0.013101114796
0.020127118293
0.027101688711
0.009539210763
0.001246548902
0.044273397304
0.024983299202
0.007047856427
0.072710732304
0.038808300138
0.003614543554
0.046341013470
0.002067543121
0.006086991285
0.004402399538
0.021654904165
0.024727758845
0.009468689720
0.010134043238
0.002701847534
0.000279825943
0.328799978281
0.028242374499
0.027731064852
0.007304211860
0.002067306766
0.007263030055
0.057329844999
0.001414851563
0.065755073191
0.003515217850
0.031043578472
0.004700350686
0.024789708871
0.023691572588
0.003656417583
0.010386183305
0.026649844456
0.031991548350
0.009476934150
0.059842065482
0.011510531626
0.003732474420
0.013547026976
0.032559561897
0.045836175775
0.024312260244
0.031839588496
0.030991916612
0.001240151454
0.001640635697
0.004987826774
0.036977052482
0.010721351672
0.010200082951
0.005235416124
0.013491156957
0.026619066941
0.020634356587
0.070834563372
0.020622209643
0.017567223034
0.021207056364
0.017965561732
0.026323009802
0.047865081751
0.006747839590
0.002479060919
0.013514428665
0.032972562194
0.005170680120
0.011510423275
0.003366769265
0.015116930968
0.051693299563
0.033169102581
0.021105582395
0.002949277129
0.000279536020
0.044232186541
0.054441828376
0.010839009335
0.009416575612
0.025658618695
0.002446658090
0.003244793411
0.019485432319
0.010012180648
0.006110812631
0.050237684589
0.005665712299
0.092231126563
0.055694843541
0.035619317392
0.041091091970
0.011565942914
0.003446260299
0.006797890359
0.017836522447
0.006810254748
0.015270205005
0.060624684308
0.027934579313
0.002616492632
0.004795293009
0.045939835155
0.010986976294
0.006978790802
0.004092405385
0.013535873749
0.381988635569
0.089706507281
0.005736951244
0.007902117545
0.001098816803
0.017335534744
0.005202595983
0.035328288794
0.021114028467
0.080345043377
0.021927004862
0.007426972286
0.017282770255
0.059211180846
0.010885717583
0.009972517303
0.000436687850
0.018589917027
0.023943615426
0.004145071586
0.004724278858
0.000855683130
0.078855365206
0.022241598692
0.007910519062
0.011706920242
0.000695293237
0.094239158274
0.028088945975
0.004577481767
0.018304820973
0.008294441132
0.006657225134
0.074725455774
0.002503668859
0.024320051966
0.023280124980
0.007544834102
0.007790984236
0.013645280649
0.025015937011
0.089042817503
0.006731297448
0.020671548100
0.014224764990
0.001391678866
0.072359933950
0.010765062524
0.011017159890
0.003957225560
0.060586515820
0.006510989861
0.004803531029
0.004927760835
0.001815718465
0.067769579601
0.020135790790
0.003349758218
0.015994871707
0.025106330983
0.010868136876
0.121559932172
0.040721477435
0.050754422483
0.021293945455
0.017527319958
0.016575491781
0.006853150232
0.021918188710
0.011482396074
0.018828676548
0.002587786724
0.202363252683
0.007445482262
0.039674026527
0.084769432331
0.008318890758
0.002132032224
0.023798387476
0.059229526417
0.005026995191
0.000841213511
0.056897603632
0.048880359415
0.003628470697
0.018182181964
0.007195750489
0.004898352668
0.010464066978
0.014973702676
0.231530716961
0.017611360194
0.001314419629
0.017386748192
0.007487738878
0.042454307949
0.012135102486
0.004307200262
0.016709802101
0.162722740077
0.030394589542
0.070805546791
0.008466574239
0.003494337543
0.003765168817
0.025450889648
0.018749691543
0.034625642456
0.003172218062
0.063178428387
0.003009534343
0.095854454349
0.027106890820
0.000581324454
0.002881381344
0.010896460968
0.082931137133
0.068377224193
0.010837662896
0.022123701575
0.203720635404
0.010422062238
0.005415614315
0.013968686410
0.152176869683
0.007317281567
0.001036839522
0.000629873590
0.026427103740
0.002336929357
0.009160130805
0.015386571867
0.015013653519
0.034958530127
0.014173700532
0.001605166452
0.001137265864
0.079299049519
0.034905195428
0.007679700750
0.015647951051
0.011400231262
0.053404040333
0.047554363490
0.007274743811
0.001678051103
0.007795715461
0.356552605728
0.084876776254
0.022846940103
0.019415104728
0.007042236095
0.035326715942
0.085372003259
0.037295540824
0.193164014502
0.023993362603
0.121896687611
0.015357287029
0.074720121415
0.008772025215
0.001304199589
0.038121260549
0.122824176494
0.012768572562
0.253492171054
0.014785519766
0.021565063075
0.007355084067
0.027423483512
0.002797361074
0.005400160473
0.004132166885
0.037120723481
0.009939208358
0.077423378035
0.004678899291
0.007201612894
0.172595919953
0.018163672058
0.006438842425
0.006770360833
0.054477616648
0.093097417497
0.044360763978
0.029889500407
0.002312945747
0.160558032731
0.065421458157
0.019901965451
0.014184152613
0.002720032701
0.036793390366
0.018592945412
0.008276859788
0.031969563852
0.029784566687
0.002850992277
0.043359657887
0.014365735226
0.036660201451
0.096430975843
0.081144383498
0.146952900714
0.068426864552
0.010470096781
0.062366379332
0.004545040319
0.031594715317
0.012166219374
0.074691238800
0.607541610239
0.009781791982
0.013141659174
0.008000850793
0.003949675466
0.028672833178
0.039426345181
0.024266336762
0.039690958447
0.071135195290
0.125781883802
0.097573253261
0.067553266655
0.016796842054
0.096445847996
0.001273485814
0.049171913857
0.009318141716
0.016998474276
0.023469096315
0.000946557111
0.012594903846
0.002627174360
0.043332834619
0.017416463240
0.027415749804
0.007409399815
0.012896872649
0.013977630899
0.059262617669
0.002981210399
0.018460862137
0.004705054776
0.012062178702
0.078353093938
0.397150169255
0.010543507627
0.130677345050
0.009676938644
0.058393009667
0.005494922732
0.012129707015
0.007543543706
0.005878674159
0.057466273238
0.066254650738
0.005605911671
0.004483347880
0.004930980906
0.021518090667
0.003349366345
0.014343982950
0.014161122027
0.024768748338
0.025424330467
0.019043522396
0.003054459619
0.037721293109
0.005726599529
0.072302627138
0.013324408393
0.054758018629
0.007339782649
0.027761629459
0.016724971030
0.021159436705
0.044672332570
0.011553045583
0.021774170557
0.039625765855
0.008324394361
0.060092033742
0.043886770210
0.020157044889
0.020410703913
0.107014370984
0.031711624089
0.006832418160
0.013994392165
1.000000000000
0.008562410978
0.033600405964
0.012978656002
0.022226890563
0.032892349579
0.114860730972
0.048833434644
0.061393774743
0.007192671533
0.138956273719
0.013535880016
0.015258253299
0.004676088346
0.003496331705
0.011810269834
0.018556038719
0.008007559004
0.002060795402
0.002224999598
0.041744038978
0.035865265611
0.175331655934
0.031806144690
0.012934945778
0.037378515473
0.145993204360
0.005563072018
0.269848289054
0.001137353019
0.002297908002
0.002026206795
0.035957921094
0.015397544084
0.003866705812
0.035098866157
0.025958063252
0.012746950600
0.051809685384
0.051780250631
0.000773360552
0.005077373051
0.017771848247
0.055329375190
0.050944013416
0.018285237962
0.006013184390
0.005517933716
0.002496348193
0.077621801988
0.049725719658
0.007964593902
0.004587541096
0.072250123564
0.006213633351
0.001446648397
0.007736953890
0.016586884194
0.123157307743
0.004999043674
0.106749599980
0.015299053479
0.033258879381
0.071881704228
0.032149094846
0.039173694697
0.014768247484
0.013122980523
0.033764463583
0.188627730818
0.057805229125
0.067914650062
0.016529223009
0.018718843306
0.011763500543
0.002200018416
0.016350712985
0.002891040760
0.002674922538
0.028905279800
0.009441716092
0.006037695787
0.013814215154
0.270706565871
0.005539259333
0.051867995144
0.113686166292
0.002899235818
0.023861452835
0.012646990077
0.030848327410
0.030386515959
0.037204453019
0.046007743872
0.041001363740
0.045925859984
0.003018432335
0.008737848404
0.008626314050
0.030885922868
0.031142069131
0.009941404500
0.001675153362
0.013000184427
0.001199356928
0.007982095649
0.017694712906
0.011458770936
0.001467347035
0.003075725531
0.007053024398
0.044755365009
0.009538108314
0.074326284778
0.020925446495
0.008581147361
0.114608669907
0.015949866427
0.146045060086
0.018246668708
0.002587512427
0.034956299239
0.001616663340
0.031759714179
0.004321464687
0.015111742552
0.029959489608
0.013136384758
0.031592000193
0.050271840657
0.064557193052
0.002150936338
0.001979547058
0.013630452982
0.002054704942
0.002253877557
0.043733665666
0.065166145984
0.081603048615
0.017262114234
0.010717873038
0.048547072927
0.103754135683
0.003749974799
0.059692743194
0.104280796684
0.028438182828
0.052879052207
0.050834987245
0.002259559667
0.046827468730
0.052835841048
0.013104559136
0.052934754246
0.004828896381
0.002828059234
0.010067020678
0.029802999661
0.019817384955
0.009960238188
0.033033548265
0.013053487618
0.288750753380
0.055554046341
0.023061862923
0.001617747095
0.043950515576
0.040759762902
0.010495165159
0.023750237049
0.040877613651
0.064678394981
