# MSM local admissibility stitching strength ladder
# one numeric value per line
0.406667213721
0.074721421168
0.017719543248
0.106376771402
0.071599032281
0.051733446955
0.044291087854
0.055279217693
0.001601592462
0.039859724964
0.050362063198
0.005088513219
0.011011199906
0.058425821268
0.041115754982
0.031267564877
0.005203267276
0.019651503607
0.069711829262
0.125777987908
0.080478676587
0.214430312866
0.001728376420
0.200834331802
0.049377986718
0.000866923606
0.081926892993
0.048170164285
0.005890955215
0.046213261355
0.020336338786
0.040354194091
0.004337716832
0.050008433243
0.081470678408
0.143181069319
0.004345158681
0.027821654772
0.181964131659
0.039403171259
0.064970681603
0.024772681803
0.046406032123
0.001820504582
0.051413723865
0.032183420095
0.030191490656
0.001884475438
0.063847995954
0.062864465246
0.024486014444
0.061241457214
0.036294463580
0.092334649991
0.056440938111
0.008547944271
0.024453758330
0.007800646149
0.038242135842
0.008037546318
0.015328091603
0.032573211589
0.030421189898
0.108108114332
0.107367482472
0.092598168084
0.134889930598
0.077735052882
0.004205298240
0.136158939797
0.092679887209
0.010337027884
0.001662926324
0.007579436614
0.025365344515
0.029445655636
0.163655815662
0.041488901534
0.019991053833
0.015964844917
0.096661433511
0.102924579566
0.043700122283
0.070259420784
0.033431711191
0.064228611052
0.067585314115
0.159800374621
0.047003400100
0.070822484185
0.090893600515
0.134737711145
0.037317635833
0.051887252681
0.013458710450
0.007039190780
0.137058836910
0.050453628683
0.005463912890
0.148839048976
0.055962256823
0.064318555578
0.112030556974
0.123569185240
0.028860277499
0.064083873556
0.068956482584
0.139000928110
0.043772566386
0.133486628886
0.042567356319
0.006088783140
0.014577130679
0.086738612831
0.055663473636
0.001524146435
0.009694708942
0.064485748414
0.124533067795
0.018532574788
0.054961648401
0.018529612282
0.065636170731
0.097700624013
0.076484193013
0.178829744712
0.010281128258
0.010000278164
0.062282516418
0.051522861440
0.073797413299
0.146699413963
0.042894778408
0.026974152273
0.067392744356
0.081633059432
0.065003395030
0.200497986052
0.031540969093
0.109575241610
0.101026310667
0.000527577861
0.032379434106
0.017687554409
0.095382358963
0.102941690917
0.083851701087
0.023452436418
0.016322867451
0.012627657458
0.131427272808
0.096952691152
0.085202306796
0.140845745722
0.004796465714
0.085143125329
0.005966598937
0.143000332223
0.063587944298
0.127335372278
0.020725599606
0.097742209565
0.066675015655
0.054873419241
0.071235898647
0.104837854034
0.047653783416
0.025852580717
0.012798016797
0.075940311012
0.085461982554
0.145781241664
0.052937510912
0.043503488477
0.121180617201
0.033348965562
0.002928587890
0.094521678349
0.027287926604
0.062577391177
0.149161405135
0.056812440853
0.141996157725
0.032307192527
0.020167602050
0.010426161880
0.060613439928
0.018024962412
0.076136638867
0.048295084477
0.124800995958
0.060801814428
0.061052009071
0.012880433981
0.072170464522
0.083363555812
0.078767395896
0.077678107077
0.065972407327
0.090781917952
0.065662461880
0.071328925874
0.029062939022
0.006502559510
0.186658426303
0.122907099419
0.140149276605
0.017246600196
0.067544462004
0.062666543062
0.136093597065
0.008741309565
0.077329517583
0.003068639916
0.099111623264
0.035754784400
0.143408625817
0.002195015408
0.005663456582
0.013781290061
0.076769949567
0.007635821740
0.047969715312
0.022357764749
0.112682280814
0.017399675577
0.026044234325
0.113000227382
0.004884350195
0.037372865043
0.118415869057
0.170877648719
0.081026370502
0.090583600074
0.086820359458
0.087753243414
0.032051485751
0.071525841668
0.035559468072
0.098580512804
0.092767326785
0.027572824167
0.129292830372
0.182047350960
0.013691158846
0.044918924200
0.034810060646
0.104665009384
0.041713258836
0.095955520227
0.007420477350
0.039238806554
0.009394546170
0.040047587021
0.057511345067
0.056995401004
0.029498548799
0.025982589130
0.140603591069
0.033185873592
0.057298028149
0.022323339470
0.182453088984
0.155811764752
0.045233786489
0.111344447331
0.010239387046
0.044100315213
0.069216774453
0.102970761267
0.050211122988
0.000713200827
0.174274483729
0.045478548518
0.092798719175
0.039898927208
0.112763346843
0.014410564889
0.106767923702
0.133500154191
0.098750614492
0.079584327470
0.092296402715
0.050176935821
0.080331415650
0.075488293556
0.033817329393
0.031729246020
0.004969355003
0.039491866010
0.026051750775
0.067052529833
0.077927814131
0.113300122925
0.011949697589
0.009119739522
0.038934128854
0.093832815037
0.130525888956
0.152492567209
0.020918896150
0.078274613319
0.038422140833
0.052878274127
0.101196577209
0.168876211212
0.039187136755
0.121513014233
0.090444168552
0.028216884984
0.141407437334
0.146691530447
0.017297941489
0.113807901208
0.003302838013
0.029931699611
0.035960542843
0.009901488072
0.115705483666
0.031202972018
0.060819539853
0.027969351006
0.185741558101
0.037974660752
0.029223652353
0.051528917758
0.137775423494
0.081873347536
0.059261235745
0.068272965733
0.028749470243
0.093194000700
0.016862180425
0.099309748124
0.078021194552
0.044234866125
0.036444511772
0.131767524812
0.068517086980
0.119947412240
0.075563276112
0.043053697512
0.077859420062
0.041099185192
0.069230592675
0.037591006482
0.099777555001
0.051058298500
0.128943550341
0.055753949814
0.137749321339
0.005064251584
0.038245961573
0.029347962103
0.087882194443
0.098469147723
0.044622259456
0.009429738224
0.054414229833
0.021038051766
0.081432581278
0.041441829563
0.056804719319
0.102104281884
0.034549961626
0.049173289401
0.099864682926
0.042044894952
0.016000824589
0.129699473933
0.093784106020
0.044017834131
0.162848948373
0.061381966964
0.086480506815
0.063404807986
0.050838638274
0.133724802408
0.094969292965
0.067304246784
0.060407314635
0.038002069986
0.046695382576
0.030145845800
0.100983307421
0.117099667690
0.107255707403
0.012643973774
0.006342103629
0.004190287656
0.093174131884
0.124851407316
0.001805542001
0.043537951883
0.090446654714
0.047843407024
0.048073941092
0.040638426821
0.024678693096
0.062757278314
0.071929927925
0.145579872456
0.055417327056
0.153352467394
0.099777062458
0.115120140308
0.038463362719
0.068308173540
0.067950347114
0.106372642177
0.159377398975
0.018888628654
0.021247917301
0.059589917145
0.032536639048
0.114690167575
0.026308763165
0.105454144578
0.077370743575
0.041549442920
0.056862482331
0.042511762412
0.100007365340
0.068462117545
0.070238952198
0.070697162058
0.043453885086
0.127654165917
0.054071008211
0.065824215849
0.098120958117
0.088541458089
0.154678780028
0.111139837947
0.002312131357
0.047060361108
0.010048763372
0.031529830124
0.005760493845
0.020544046139
0.107844877995
0.085345345644
0.059517178781
0.117169249801
0.062785188394
0.089564034139
0.035735367107
0.126405356680
0.047316882107
0.017246346382
0.010681509264
0.126107761036
0.092970249421
0.112799010246
0.134976163283
0.016489488625
0.169444726334
0.077875154258
0.054658444242
0.097896633762
0.094273290509
0.009985441762
0.097349000430
0.040147974817
0.196760256020
0.131511821115
0.014876080960
0.039268256038
0.139361234732
0.165877450800
0.019114031672
0.027556137318
0.034843769421
0.054965225520
0.007069759976
0.011107317808
0.001752983658
0.120044546287
0.144256310765
0.016058603917
0.047335007719
0.115599156742
0.053244911719
0.015031941769
0.045674739037
0.060743477909
0.027638019389
0.068449609032
0.153357799192
0.094734775436
0.033970620706
0.042567928232
0.071984155532
0.147968575249
0.052583375556
0.073259119836
0.078881995779
0.059657107337
0.027985270104
0.084077682642
0.100509248160
0.027456395811
0.057173362998
0.036427139755
0.010156802914
0.101111863385
0.099396135140
0.032850013127
0.012200895907
0.098657856810
0.042050585689
0.077086233737
0.068489072850
0.083625544368
0.045774560897
0.147311580934
0.065279874717
0.057827230354
0.056447814766
0.120138756223
0.197257317424
0.112656642417
0.089667658260
0.050946217293
0.140073440554
0.098968579492
0.187837364226
0.099333857309
0.032680822546
0.018061290272
0.040975256064
0.013129118408
0.083238683336
0.036399643174
0.063398086365
0.076959149059
0.190516781931
0.066355618023
0.135306305073
0.143637735335
0.151941320935
0.057662405484
0.102148650985
0.120497613100
0.044557761799
0.149290814918
0.084598309959
0.116838430824
0.012714458254
0.019078536470
0.106250872663
0.026110858910
0.019505674758
0.097463884718
0.085176742851
0.064693519134
0.051021607349
0.164580595378
0.024572061772
0.010506666672
0.127399698244
0.085527150650
0.127717957605
0.082700382909
0.145963581882
0.169088585550
0.048297334921
0.114595076174
0.051918565859
0.065445178713
0.090641133948
0.045125207110
0.102471000193
0.067157704733
0.053402849928
0.112661223746
0.145673868235
0.110153407187
0.172578473521
0.097817052181
0.027802686004
0.016653453725
0.059660689068
0.080050067566
0.036690257724
0.131114468747
0.059265761762
0.056255840383
0.065961292478
0.062044589269
0.082577158939
0.074436577502
0.130540750745
0.176656885200
0.002657510899
0.202380345957
0.010832388142
0.029687415290
0.035042251355
0.022626818501
0.017120814778
0.108534700728
0.118537709456
0.057845271704
0.074647153541
0.063932314678
0.137207623535
0.064872931604
0.071035278597
0.030098464728
0.145408984470
0.095874500999
0.097316450833
0.080684987972
0.130716235555
0.104445672900
0.018044156165
0.118813012476
0.076112149741
0.029277451361
0.065693653762
0.028175287189
0.022010238741
0.061496586255
0.031604344801
0.060020684455
0.139574542988
0.111037155992
0.116369084323
0.134338030017
0.131540221122
0.106327807903
0.063602144535
0.025527429808
0.092440521816
0.054077791966
0.058511781177
0.055593893510
0.154674946200
0.061413158762
0.035417416612
0.020839445299
0.059663939128
0.017854594462
0.036798450621
0.142157143210
0.055816772375
0.139732183551
0.050726680587
0.140214249213
0.108699626154
0.071276408305
0.024552152352
0.012427533871
0.020216416395
0.125427447873
0.093220978944
0.140192321739
0.072248226678
0.010687427792
0.127005856959
0.069629341279
0.058865121252
0.012364276049
0.087414236316
0.088377652114
0.149509805185
0.057677246079
0.080016042584
0.030218931110
0.114508925169
0.113889420866
0.112368745806
0.011457561226
0.071944604751
0.024900316415
0.046830479605
0.095255281611
0.118486338908
0.122294291488
0.066355681688
0.022494655681
0.098463940966
0.039613581604
0.081402390187
0.084372768989
0.091016876001
0.043753510957
0.041163937214
0.082570119482
0.080789690402
0.091358706052
0.052186301516
0.159020098359
0.132808380487
0.034974600358
0.044134571917
0.005265448129
0.129963731608
0.011419531961
0.091469317545
0.048696077209
0.044882438111
0.055174031210
0.040689529594
0.028523794064
0.118777287003
0.071598549003
0.013485706628
0.059450125583
0.108769240363
0.110917580574
0.030297629173
0.165630326755
0.094669907286
0.025103786685
0.127269080352
0.116089725214
0.043294062318
0.015431403827
0.034505029613
0.099601379240
0.039847382493
0.046930816858
0.005150111779
0.090960567928
0.084055914642
0.114451557875
0.080681964222
0.018713031210
0.143784435552
0.101602424318
0.167734678694
0.051319638343
0.023845266061
0.098275198053
0.100136420913
0.016251222569
0.173611085594
0.083865298423
0.058142313162
0.072517185407
0.107907162678
0.053235520541
0.042213690261
0.014675231403
0.086967057151
0.018608435175
0.110567936314
0.078780279536
0.077243028446
0.023135420707
0.120635339994
0.098682894583
0.008818867334
0.091990644505
0.075732776489
0.156176291488
0.081495263251
0.109595134970
0.148453134344
0.078162309277
0.048528657404
0.129390245987
0.123293551145
0.140969618322
0.048395562924
0.044232368207
0.063999822905
0.050176941927
0.092219897823
0.084326806427
0.042673844597
0.063375225108
0.035398576260
0.112041934505
0.077809901028
0.142450984130
0.086488253984
0.085330885560
0.027538323459
0.048556714353
0.076090250938
0.099376267903
0.091507312755
0.009255043969
0.029068874428
0.159428585260
0.093135891593
0.076558773226
0.080676152158
0.013204347527
0.055008689976
0.119852673477
0.105862862676
0.143562152098
0.124216626984
0.066596128036
0.075172433365
0.072527523349
0.034726746651
0.082667543033
0.062083425071
0.200837495298
0.127422812833
0.162553799961
0.013624520682
0.047211203452
0.091254705486
0.070242803780
0.128245101514
0.077762284906
0.092491137681
0.051493376633
0.033912078415
0.110948694912
0.091882847626
0.109891300753
0.112237545779
0.043218514257
0.120062602786
0.052133317328
0.120483068518
0.045357673178
0.139382598544
0.070695674164
0.024359668564
0.091094076799
0.134715911004
0.118665750899
0.066801767497
0.160462821448
0.142291894435
0.043140137296
0.112637448875
0.098891486635
0.089397677497
0.042316795325
0.023866271450
0.078982346610
0.039133626952
0.107131135568
0.041259997354
0.006481523984
0.172853572918
0.109356732823
0.122371950997
0.139923177405
0.157080876863
0.072319452882
0.079489620094
0.060769912311
0.067012623392
0.054400489946
0.082176861531
0.121353732147
0.030889893837
0.177778681310
0.039853118046
0.026600500138
0.081403483132
0.056538756687
0.132104554021
0.112826539711
0.030846581993
0.109408606523
0.023705787349
0.093994706784
0.075337933523
0.030826782707
0.051701222471
0.084341440537
0.131766442372
0.037226808149
0.063173990949
0.055880540260
0.073408495953
0.027470453009
0.031534042388
0.057904201298
0.046088555385
0.122130325575
0.009825705741
0.085489522785
0.063973491309
0.058840865929
0.092235917848
0.124310276338
0.095638789376
0.134181418521
0.143803093447
0.059412184617
0.069476191631
0.007717436429
0.011625612995
0.075760357905
0.183348251561
0.054224694551
0.090100423980
0.131259665333
0.080631462637
0.048609352878
0.143221879114
0.052073878968
0.186549146789
0.072758840512
0.113491391392
0.093675490983
0.135792152865
0.015802378405
0.097700465048
0.070821845488
0.149639687824
0.047397072342
0.058739243205
0.134573445574
0.130264962928
0.082610616693
0.049232514821
0.104375830708
0.073298378632
0.055368357663
0.131104703375
0.171176105024
0.070707958098
0.026906213672
0.213409165317
0.086583876810
0.163579274389
0.052669136467
0.107965127527
0.189550378318
0.082657778808
0.035378197506
0.028919591376
0.056522599349
0.160385626206
0.103703465138
0.072328231714
0.137005685948
0.057363523890
0.095592312657
0.102334695361
0.149287759460
0.006021624607
0.078008503678
0.087852466695
0.008313216561
0.027491198831
0.138699935026
0.052163504640
0.136179306112
0.165665797937
0.059053178093
0.050838170268
0.032618442098
0.073291684338
0.013453326104
0.137450579658
0.052772062838
0.058808083328
0.053798004829
0.065958829301
0.080699344005
0.024433962921
0.172402795105
0.080480194091
0.018304312266
0.083776827466
0.039120672986
0.134105918981
0.056899809591
0.104504477730
0.050923755868
0.066289640375
0.124975825444
0.098613942450
0.075585303496
0.110026987370
0.125160892668
0.013464092072
0.037929077850
0.082991096021
0.049509526531
0.070799117045
0.089440494980
0.109497548678
0.079324290345
0.076330465160
0.100814938572
0.144098683987
0.032682327365
0.110390048229
0.128420481965
0.042331114112
0.120028088471
0.109620416967
0.014856911678
0.128220299319
0.052415374177
0.047709967095
0.036669117762
0.098703832544
0.142643575674
0.112837894532
0.115936642168
0.168408181852
0.025178502102
0.080285573840
0.134005415932
0.130378203803
0.094944948844
0.084635473046
0.167513351432
0.120755032254
0.154442950500
0.046135505671
0.065666285948
0.038156435304
0.072043980128
0.127317604027
0.073422708044
0.131251688202
0.119749696734
0.047470204685
0.066025100891
0.093565452001
0.059425852823
0.112806964911
0.022612094439
0.094264707720
0.046876837325
0.145840676572
0.121498318395
0.099803221509
0.115573833837
0.011283996973
0.165125402516
0.082251738164
0.099595813018
0.104314986358
0.022690154882
0.119499939084
0.071672937675
0.169420723053
0.063200915212
0.064832465563
0.135755739234
0.034921942898
0.165621045115
0.099526653684
0.144112931868
0.059737992810
0.024406085068
0.123077137256
0.070471096341
0.033634307624
0.018635865064
0.086710751534
0.060228811881
0.130021257506
0.186934304531
0.013178238827
0.011627075939
0.013625383013
0.089922937965
0.072124904000
0.087263081977
0.011190578380
0.065683074260
0.147088356856
0.029706346491
0.074364676252
0.177228386074
0.029577468417
0.066132214861
0.055182672709
0.168366893703
0.109582022075
0.115634430269
0.109863025511
0.105335307898
0.167051568589
0.019712478441
0.156254343987
0.103635606447
0.088620529698
0.083800512239
0.122110866451
0.145313065909
0.048536273054
0.034021747086
0.078434463390
0.092651470169
0.115178169516
0.070164650681
0.066118072919
0.015919211991
0.090923328179
0.081538477371
0.099258762715
0.178359271603
0.082541753624
0.179746261886
0.057269572078
0.011908224084
0.121452062710
0.103785363998
0.037142923630
0.135987343173
0.101803798518
0.163114746329
0.137406154503
0.106173769278
0.052024792723
0.041449305484
0.055114057839
0.082552469841
0.201837654800
0.194911356126
0.066655151189
0.087948522953
0.024294214661
0.163431610787
0.068130334161
0.124291903509
0.029409389351
0.032715827561
0.062086698831
0.100705163310
0.064674144597
0.111788941001
0.058460040624
0.047047990940
0.031606356782
0.101595529258
0.102255760326
0.127303235485
0.092209526552
0.095854459819
0.090649573801
0.072155285947
0.145213838245
0.123667602722
0.081597042451
0.105659462517
0.156811628751
0.095599933606
0.100510083631
0.053170660893
0.054900051660
0.058270727289
0.101019466932
0.027469011245
0.091126090262
0.089064993281
0.135225026136
0.121092423954
0.079893128178
0.180991201983
0.031287507231
0.074048962847
0.158922444739
0.086773459552
0.074497555990
0.144278409443
0.059241801382
0.123826987275
0.177476239175
0.031798891497
0.106446230268
0.121914519151
0.144472574219
0.100817428499
0.185021972801
0.084143060738
0.096876829623
0.023869685723
0.130914807872
0.117204600106
0.061807930586
0.036301273517
0.037025709057
0.096721813996
0.176902388917
0.179769497375
0.047806337898
0.090534162906
0.134228083249
0.029960302194
0.195433584062
0.087589689718
0.130826809093
0.190330570022
0.033329790469
0.079591348215
0.116220542615
0.027811689048
0.110062188049
0.044081338409
0.100211716116
0.144514837710
0.133607719318
0.157909940311
0.072616189687
0.060369078480
0.067355608694
0.052213522492
0.092705967707
0.100527109655
0.148554020881
0.072773459024
0.073131512479
0.035233676015
0.089438461916
0.011971510643
0.091525405993
0.102954442197
0.098245928574
0.109032545109
0.077995358509
0.089385792678
0.072317177967
0.112893730697
0.072328620096
0.069083497753
0.046804339664
0.041256665001
0.119254829288
0.137630870658
0.146739594429
0.138859783749
0.061143540999
0.160045628206
0.025525879306
0.050323274351
0.077370122323
0.030498327599
0.047040867444
0.110967951561
0.072105472635
0.148546417477
0.112146890876
0.048238357287
0.134036217491
0.097662985974
0.112513359387
0.083336378146
0.144120069308
0.163993873599
0.083785942564
0.081106156363
0.044530853657
0.033467341252
0.041327403078
0.096131488969
0.097303365630
0.109754402939
0.087163394440
0.055322923443
0.096241423070
0.025776566777
0.034911258123
0.113077434952
0.046641340594
0.042320857509
0.066215720296
0.110301200867
0.066404099720
0.051103599770
0.101713391951
0.060818344239
0.126915020027
0.083927201070
0.087160533295
0.102073342010
0.147229163803
0.097432408844
0.116234731912
0.079289102996
0.116854725886
0.012422355118
0.136746574791
0.062375219015
0.106427541772
0.081077929111
0.052542474210
0.035862413872
0.069671640584
0.091961767541
0.123398637364
0.149726249903
0.125232505493
0.133064075644
0.176508144911
0.018969253562
0.063039244943
0.183075215065
0.041786810536
0.059846231714
0.046681590228
0.038901156496
0.047247497995
0.060679472944
0.164400964459
0.096211225344
0.042734858972
0.121158352236
0.080570123638
0.095451836171
0.094787676001
0.099692682837
0.087939813385
0.096846409773
0.041568054038
0.080018068190
0.137335222725
0.098357861722
0.094479882135
0.037282787921
0.124671304841
0.118709611737
0.144525555624
0.154474485439
0.083373371435
0.132079064197
0.050538663107
0.086024100213
0.144253351422
0.099486122683
0.182908140027
0.066307620688
0.033794995914
0.089766268940
0.167237992824
0.057758981604
0.089615889577
0.166676651803
0.116438388328
0.092821599718
0.136412028311
0.033408126768
0.099083192028
0.089767181581
0.187437156974
0.131310981415
0.042640341371
0.131049193653
0.046031477775
0.113889051035
0.128443235765
0.097247548755
0.084912307864
0.118098364571
0.151500021003
0.060993339689
0.066290172074
0.153886321750
0.165350028529
0.135236712389
0.050571229558
0.097481169961
0.087466049372
0.051340285092
0.137805348724
0.104856387158
0.071139564978
0.119897086154
0.040871542523
0.144375830390
0.123261050778
0.060341746533
0.186659853780
0.095612041081
0.100197546150
0.054938437208
0.147652143042
0.122704100463
0.102185051916
0.018052381490
0.122932759255
0.028688796570
0.109050103290
0.055687921810
0.025861326797
0.071197566437
0.186212024336
0.037248709528
0.078492171270
0.052702229123
0.073344604708
0.069013272888
0.130385669882
0.051081416950
0.105002171308
0.160603029652
0.146475138832
0.172546755047
0.102104463848
0.098222790030
0.166357529066
0.068074542459
0.052689135640
0.040621200234
0.046956117771
0.043326539549
0.162188531151
0.106912444675
0.107095041056
0.110547779906
0.012474387265
0.174082799704
0.054147974266
0.075923509678
0.047587805759
0.141899927207
0.110772811713
0.165764011928
0.108541394845
0.144705399261
0.113926323506
0.053554165695
0.072192673113
0.144879537275
0.140701971106
0.128422486965
0.083103464467
0.135996172123
0.051810095461
0.095066443704
0.129025905869
0.138928064829
0.155765371205
0.161172900347
0.109029626233
0.158425661546
0.036488454681
0.151755402242
0.094846187572
0.109967320651
0.096793635337
0.123709884958
0.125515154584
0.166639736994
0.180894447287
0.064555029362
0.136213046113
0.091696264949
0.129226128836
0.127638978983
0.075688184249
0.047519120727
0.096341303562
0.120340467379
0.153617271505
0.101514834393
0.114893953402
0.176919420198
0.134169240249
0.099514529823
0.059456625450
0.025035327016
0.034787851777
0.099641134887
0.108084759771
0.079095670486
0.010207320154
0.090385782124
0.088231038112
0.075841196472
0.107851546510
0.092709492054
0.048604313906
0.152233818946
0.084253739690
0.143366654161
0.056203780743
0.122121636744
0.089587322391
0.160568912613
0.109832698286
0.104603580133
0.133310805984
0.134659693054
0.078704722133
0.135693518419
0.129992491909
0.157412656338
0.044210598263
0.045737572130
0.042358956563
0.090596355602
0.147272814932
0.076904014258
0.147105914346
0.089324033426
0.071896451690
0.089839290438
0.027043937222
0.032429736466
0.022592167090
0.060369997448
0.074542751342
0.129670510722
0.105951571501
0.082163246402
0.104843054029
0.113300914453
0.044720736219
0.151754116026
0.118008697279
0.061954892528
0.048138236387
0.078265387468
0.053629927392
0.138036699903
0.079901404913
0.131283542281
0.015484142107
0.148943254273
0.095517617739
0.082606023073
0.107309493428
0.147819196980
0.041894585521
0.031015767329
0.064392327787
0.094663206251
0.064029255796
0.180813065903
0.124776440789
0.057588137051
0.084659912175
0.169706824547
0.142893924289
0.091161000874
0.109548131348
0.102314077696
0.026736105715
0.144857244135
0.019572673569
0.131699817242
0.146597136843
0.154695179068
0.090604357379
0.099722663808
0.102325033999
0.098004454920
0.081833366143
0.134438371834
0.082831321360
0.150411801938
0.062446849861
0.036000583302
0.096545292771
0.169056365025
0.158139010486
0.070947767063
0.062335107741
0.143583284385
0.119885028252
0.105122228888
0.167053107189
0.035903871627
0.079890587552
0.113445723629
0.044239500324
0.055578023974
0.144186518336
0.013346512779
0.144170462190
0.070692082861
0.010223471253
0.096759546018
0.126650908550
0.050742725233
0.041615341594
0.147270086889
0.202331911011
0.056379078581
0.051852574042
0.143950209009
0.171019396967
0.153163318838
0.166340632834
0.078230594636
0.072030204230
0.149317550047
0.186562714671
0.043234606050
0.057148811047
0.128678395699
0.076318088569
0.090563996857
0.081903061024
0.115410032766
0.163712457484
0.062412677541
0.017069985929
0.149398333259
0.105388167375
0.150664114425
0.098196741687
0.128507744023
0.033323495293
0.058779328482
0.159862871238
0.066698669041
0.067768291603
0.023464394150
0.045001188879
0.139715618866
0.079156446187
0.053317461185
0.074538606664
0.125431946087
0.112252720050
0.190560638133
0.147511431986
0.083014164031
0.122853913917
0.096247724243
0.102676060666
0.153902451048
0.169732028687
0.122782058696
0.120167073038
0.115327431690
0.144562421773
0.114334855113
0.065495405241
0.153493596450
0.154100390657
0.131570832676
0.081474103704
0.052777453530
0.092914983689
0.111312334341
0.094271865635
0.141903078437
0.159495913394
0.054070347945
0.106626472174
0.134091363409
0.111417717171
0.065877203438
0.088382471017
0.039154582697
0.184447745900
0.136614829684
0.062824809232
0.074953549775
0.162777547594
0.020065374612
0.109567937014
0.159575665368
0.121039996136
0.108287243352
0.169121862506
0.114294604032
0.054639455232
0.069345529102
0.181556054339
0.037374226575
0.049243541603
0.132996119481
0.053949089050
0.056847492048
0.181791139565
0.064351831815
0.051597732753
0.131821833137
0.078480856520
0.078859044036
0.036834649073
0.140350075379
0.117457281794
0.044886467654
0.151260466168
0.113663502983
0.084811657088
0.152631609539
0.035491718097
0.140162536769
0.113936259547
0.060100497877
0.122633984508
0.141510194934
0.131327533623
0.127723068349
0.104055883917
0.146416959596
0.150970478300
0.087238874066
0.186714676660
0.176779995173
0.105336131222
0.122055577691
0.194136530512
0.127859953053
0.089956808077
0.121723067182
0.139860588777
0.185494131805
0.087129111971
0.065930863242
0.111942508580
0.145214058065
0.156618681797
0.062148337727
0.089631430827
0.077468816818
0.069784536088
0.142324643172
0.097225255142
0.018506899832
0.073510418381
0.072443130549
0.195495280663
0.030902065985
0.133949122709
0.094664891075
0.134231617977
0.085562304621
0.129255261893
0.121453573718
0.144755732016
0.073908312229
0.174100449525
0.066929222104
0.058768343916
0.138067870461
0.110662519052
0.077802600922
0.061168815894
0.112651681117
0.100185017179
0.065678195711
0.127838663945
0.130800208472
0.151929651808
0.173829040493
0.161083225007
0.069063282811
0.119600402390
0.025319099631
0.140161289435
0.114466119237
0.152091998172
0.139941134212
0.094013955478
0.167827554387
0.153850323101
0.144232806643
0.115955150191
0.068059847876
0.142784990012
0.151119997364
0.119984070473
0.150299443925
0.121208874701
0.024925636945
0.115072905303
0.133273139398
0.044880125704
0.079461417088
0.189727076942
0.189210923696
0.147134972200
0.187175061410
0.025738372852
0.064437635695
0.146754912971
0.075740070320
0.105155168364
0.159719502479
0.086628873366
0.010478080473
0.095833410354
0.063389283816
0.076479209606
0.146075196974
0.032084416096
0.166460885264
0.083637523313
0.030906847423
0.108374970167
0.024596460703
0.143035638795
0.071868443953
0.137859218945
0.092678969590
0.132458139592
0.108136833081
0.118716197539
0.041345585218
0.163930423893
0.107184782229
0.137384340157
0.085965112014
0.087536056465
0.106108189215
0.157647058683
0.119522513121
0.113228977790
0.115273827911
0.040684084725
0.126809005616
0.106181067705
0.167953218306
0.169116899628
0.153138563339
0.143305999944
0.109560842156
0.086251006013
0.143059097312
0.139645550117
0.128804908269
0.122989784411
0.085679060315
0.050876279801
0.131071761293
0.092025736450
0.079128314721
0.109460341180
0.142391760923
0.027528785306
0.163400655422
0.173512629892
0.183895542521
0.116446774397
0.110240876798
0.105120932965
0.152901087505
0.101306943190
0.082064084862
0.156081608937
0.097352254429
0.035424610194
0.128713833148
0.133115077230
0.148693479970
0.067155991438
0.083354003675
0.122770829758
0.100103237610
0.087651703858
0.128854698312
0.100963483368
0.116837872423
0.137800395681
0.149582458619
0.154748991441
0.071983521249
0.126544540219
0.036354443902
0.202438630563
0.040322336222
0.109146597023
0.066134738794
0.031995567688
0.105373973930
0.130339366754
0.074420244220
0.154038029352
0.111495391640
0.118475604640
0.170110017710
0.136568502108
0.139696439841
0.110996533592
0.136175062498
0.100363312283
0.015511794976
0.133899226226
0.081315930651
0.056562687899
0.058517844806
0.084241029926
0.189580642592
0.168560588685
0.051520488358
0.150676877787
0.067568925189
0.064884841190
0.146698450478
0.082599711650
0.076186513004
0.109887210306
0.068804842235
0.147689872270
0.104737075782
0.171286026607
0.150590369730
0.103840996299
0.145952422062
0.071349668134
0.158735090268
0.056231335565
0.118625341345
0.109638528868
0.155825167718
0.103662215547
0.010823471195
0.135139447219
0.155048657361
0.172907759744
0.094893136971
0.065877473196
0.070284126303
0.160595533225
0.083687006744
0.133107338954
0.029973192752
0.131109517470
0.094089299988
0.100571859636
0.115938520824
0.129706656988
0.166740695969
0.033724596459
0.151360488466
0.141336019615
0.085102531131
0.143415733167
0.183246071218
0.150854510161
0.014903844046
0.084801305807
0.107039932213
0.039837142455
0.068341543324
0.098376006234
0.101939798965
0.108512496039
0.101554028333
0.046506188985
0.137255671430
0.083666417057
0.052366432224
0.135681004987
0.090872196564
0.047005185533
0.146065360855
0.155981366201
0.054650367321
0.152684333242
0.051793495034
0.105243971141
0.066648485287
0.074136483644
0.080214646573
0.164109890318
0.122146489394
0.119535816148
0.149255118232
0.132515273124
0.123617957132
0.104150962785
0.160019057060
0.099186675222
0.180343367123
0.180146119585
0.155834493183
0.182590029383
0.152602360823
0.078172453550
0.170118900871
0.143926519768
0.067414516032
0.173536388666
0.111845568991
0.131170750630
0.139015625343
0.157570447711
0.087309678217
0.126849794185
0.133089682802
0.150505491451
0.093932481854
0.096383247152
0.167258330212
0.124497813403
0.134109848158
0.055946309278
0.128937714299
0.104098603849
0.062976044483
0.063486346370
0.081705028453
0.136872675278
0.052702193034
0.144497499693
0.140622821442
0.086890754551
0.141230337930
0.046090087194
0.139970367661
0.175076304654
0.109441183038
0.140107717722
0.151990595078
0.044912862449
0.051731903535
0.178958143431
0.096280191467
0.130316925928
0.163648526124
0.071126460510
0.154052848488
0.055019100454
0.112402551209
0.055879525581
0.073336654547
0.093403830658
0.139847314312
0.155096612550
0.098993680238
0.101743113500
0.101691548219
0.107588209859
0.063778769181
0.150949591166
0.138877184710
0.143849343345
0.089615842052
0.128285926644
0.184279541759
0.123236867096
0.006935482867
0.171290562971
0.187127089536
0.105221133499
0.174702383966
0.041308370366
0.164881251900
0.090057259049
0.156561426921
0.160456664465
0.071372201360
0.127734564520
0.169126975045
0.061667369858
0.135460000488
0.101899556192
0.109893792605
0.142122633134
0.169622357081
0.158161342000
0.065152810840
0.163096327709
0.106763605419
0.011208048430
0.101351565486
0.077418971158
0.085393440429
0.117600718599
0.109344727963
0.117724032976
0.121980182725
0.106348733363
0.094106672458
0.098052325147
0.147054111456
0.072025509808
0.082034540357
0.095590644820
0.098936298821
0.145350369581
0.064870161083
0.034111998327
0.015603742345
0.140984038936
0.098072863216
0.062449847327
0.153930248604
0.122313229087
0.080440171376
0.092489056489
0.170578530322
0.158668893788
0.138194610402
0.084397336237
0.082342669460
0.063382171430
0.113943820063
0.100581087081
0.108993933349
0.070002067998
0.125936831487
0.163251722645
0.068317012045
0.154486731468
0.107132504597
0.040343142362
0.063973249881
0.063442748328
0.138447849545
0.136703535115
0.119625265753
0.079524501254
0.132317734101
0.119493312863
0.145410074861
0.104453597049
0.069195159225
0.166458010650
0.152379663876
0.080348708581
0.118279705044
0.129368090923
0.135533374790
0.140635850087
0.137362188088
0.085751806299
0.116213326308
0.155707356693
0.085588141009
0.054814509382
0.089014587337
0.071218957960
0.057643941565
0.117250752167
0.103646188004
0.135308124959
0.038363397775
0.118230127739
0.137108161631
0.125360179327
0.128343569336
0.088715683098
0.154624336297
0.164251378511
0.092340694619
0.112291184861
0.054973525922
0.182267923836
0.055760457391
0.076818847918
0.055519549313
0.177213873147
0.135189586558
0.089857492311
0.183608466742
0.175552524025
0.069274428113
0.037275221173
0.154351489958
0.162008968474
0.084901383897
0.053754145897
0.037301063655
0.175217466240
0.163831944170
0.167334464753
0.150502552232
0.122914554785
0.152228430713
0.138621132048
0.112438837085
0.076314236609
0.157213136231
0.108231952828
0.136621370107
0.099306028457
0.109055828993
0.111075010179
0.116269538859
0.138424436114
0.121614306903
0.106988496789
0.130411415591
0.125682626651
0.182639110419
0.078828973471
0.086408724614
0.129392096109
0.070278089687
0.192231618118
0.035432437486
0.159050924716
0.166493649900
0.153143314559
0.123664527735
0.081626621670
0.111593094338
0.130821165192
0.164547183232
0.103977978448
0.066089158142
0.112945717785
0.083759831451
0.060330509975
0.056692146091
0.106482924129
0.156851212402
0.069829595716
0.149577836434
0.099519496471
0.023065527635
0.019842991329
0.053175831856
0.134952218162
0.147474401627
0.105825251685
0.073355477673
0.115118806872
0.114630375916
0.148013408587
0.046725099288
0.057442889080
0.100869876303
0.039133109586
0.136280457303
0.040960239912
0.093206603556
0.113771239189
0.172580989567
0.082444578347
0.140804726065
0.052874552354
0.049054506098
0.076702862534
0.107732714566
0.110923157126
0.156448549106
0.159191833835
0.143802341506
0.099341782300
0.197746465942
0.127658407333
0.057811362506
0.139472803416
0.194584518020
0.132419452381
0.024831195946
0.183349753288
0.150992643687
0.085671740170
0.098834558835
0.139338277271
0.160896418169
0.133735324576
0.072013890755
0.097688673906
0.086637803826
0.101542391815
0.041377658456
0.107543440687
0.114741619247
0.129650455058
0.115209024558
0.164230686263
0.147441244907
0.129919821206
0.047839731448
0.088932205833
0.178652531789
0.071862747622
0.107873892484
0.166052403355
0.095067312260
0.130930577982
0.120729632271
0.151845971709
0.147775674377
0.113210018673
0.059737209740
0.121172396009
0.106047456506
0.175038916384
0.083774442790
0.118994483129
0.127906406695
0.139037260553
0.064627035872
0.141211205112
0.138485558219
0.172106688523
0.136585773540
0.139646635604
0.068959213516
0.107848604061
0.103381654234
0.130600289884
0.145027391241
0.167121354394
0.079183911141
0.123129169911
0.114702651550
0.172879612545
0.091633846858
0.161435081102
0.128842595451
0.093667060269
0.088494209827
0.046147141143
0.068382706934
0.120022029117
0.170049515152
0.061925215981
0.159991433418
0.089808794349
0.126681945693
0.102485674464
0.105771133702
0.129670698764
0.120103798935
0.050411539530
0.147220025457
0.149836946917
0.065730741851
0.188753469778
0.043556984067
0.069632036488
0.130085431823
0.056141369585
0.188020625630
0.083674333511
0.122719655207
0.142105803874
0.067176382993
0.162579972468
0.157963263416
0.099801702656
0.064565226048
0.175072112616
0.071646238196
0.044284766290
0.174205499884
0.116978570923
0.121777691577
0.060814270558
0.190871455602
0.155642022253
0.121258652208
0.152895042946
0.140374131230
0.023979031615
0.108066153106
0.088205418353
0.158832091007
0.100214497693
0.143762385131
0.158695809670
0.067794139083
0.160951060431
0.155377773840
0.066777197167
0.147620500928
0.160312860038
0.093959223367
0.087265133743
0.137377000892
0.135765887677
0.032582372159
0.106600804553
0.134728481768
0.136764975844
0.149941066690
0.179690018775
0.108120370455
0.129316894953
0.134628435252
0.043569222732
0.180421196901
0.128483817178
0.158180829965
0.171333549638
0.046757574123
0.070945381303
0.158485583760
0.152358801502
0.102144022228
0.122660470020
0.031761548867
0.049060501967
0.066765509741
0.068819147478
0.169188422983
0.142139977757
0.082369357926
0.114910827323
0.130561710518
0.080562345421
0.192028057269
0.126014168757
0.139415106470
0.191603520654
0.081736615994
0.116163379371
0.124648263311
0.076884030487
0.140904840306
0.155464712931
0.131438059968
0.119497808108
0.094045681730
0.109215861514
0.147857889923
0.162448832772
0.148183870392
0.132030891330
0.124514451487
0.042445278539
0.134533891710
0.182148442361
0.074522548532
0.138029963958
0.079737658587
0.168077548174
0.130824513697
0.157928358346
0.131049032832
0.145191388037
0.115936897485
0.107615224633
0.096427313220
0.175112195358
0.109854129493
0.085586001773
0.032113425149
0.072122648264
0.086021862036
0.137212272992
0.139558089838
0.181421753692
0.101555454929
0.101524998611
0.116590955600
0.146004616288
0.068165190826
0.154857613603
0.136051893184
0.140739698301
0.109880549021
0.124376107288
0.063967287550
0.177592344767
0.161300895360
0.110358197662
0.096031350178
0.102493937092
0.154607354869
0.191619525507
0.052627245958
0.082225001000
0.148334388295
0.087018371882
0.061830272804
0.117682797988
0.105600932470
0.107553439718
0.116684897748
0.151833095868
0.101571108592
0.086040888398
0.106026746467
0.157646319289
0.136161814433
0.162899860222
0.104108500652
0.193964907055
0.181503317021
0.155118543668
0.085769424517
0.156118968318
0.146257419882
0.105528983831
0.107279935674
0.163533765531
0.091383660750
0.151224998547
0.148696839832
0.116865728150
0.119577632887
0.078768067294
0.072162124179
0.039735092725
0.118436294371
0.165551509540
0.021231601839
0.159679246935
0.124327802001
0.132370069208
0.114426012991
0.117460855599
0.133804021533
0.133801804283
0.161027488237
0.148856247698
0.110707826580
0.091982090047
0.058626892703
0.051040634755
0.128222586892
0.089203817803
0.117320291972
0.126470481574
0.183829370257
0.162726360826
0.155990833508
0.125177356190
0.132379023633
0.150114884352
0.131547284598
0.127260702549
0.148280275592
0.172011405274
0.161886345110
0.147135862119
0.119464477016
0.149344463648
0.149713101091
0.091618789787
0.178447203457
0.071975597385
0.136507569991
0.082189283163
0.176037192859
0.067812625392
0.158205450725
0.062651940158
0.120647810751
0.148298452323
0.111666100489
0.152244395198
0.081963860338
0.084959575100
0.125112660574
0.042976326024
0.165008865229
0.151213676042
0.124893104478
0.135404209388
0.045441152417
0.090096554717
0.036135973563
0.088145057550
0.040978202565
0.118839069195
0.164994546804
0.040512124787
0.043201390268
0.107934090151
0.205393955787
0.047064218075
0.132721702883
0.150284516034
0.067092955488
0.152665893370
0.007503265066
0.025688442794
0.117536888135
0.136711178017
0.183577260716
0.053977313794
0.132037208360
0.121163081427
0.009809438768
0.102838625892
0.151331273983
0.105560724184
0.129731956068
0.088673242527
0.167550053867
0.186767337982
0.096002617800
0.155111304277
0.128725102045
0.101777495866
0.162633952378
0.066036140453
0.156213416481
0.073580642523
0.107507163078
0.074080691767
0.120677321467
0.134788293975
0.060268809750
0.124722397358
0.090560348692
0.162638839946
0.115906496670
0.140524092189
0.093243784872
0.160308464859
0.115643579170
0.187042797145
0.174953926279
0.136963898638
0.112043101536
0.071682992299
0.128975940743
0.111219133906
0.133947280197
0.130152178572
0.158884348683
0.138610435274
0.151411639591
0.146624016457
0.122301592838
0.143682875891
0.173331552807
0.073314206766
0.043468040021
0.110363350827
0.077406066892
0.090724359725
0.155654137238
0.161817306223
0.158691813797
0.037823219198
0.117291284318
0.145677179831
0.145107373006
0.134086343392
0.155586756008
0.076885041418
0.101971223413
0.123224247858
0.138050298833
0.082010287544
0.140876674324
0.126038075332
0.166473033539
0.113040322531
0.072590182332
0.161504504338
0.176464882110
0.119308604641
0.139774539161
0.094568778512
0.079499064610
0.151039696591
0.096730456205
0.056496247942
0.146729759223
0.151080114443
0.162304244015
0.086000677010
0.139079390386
0.164668742225
0.133236619232
0.149797476110
0.094248119748
0.140668875613
0.064832956950
0.146904630947
0.063370679019
0.098092497522
0.082277702893
0.086969446523
0.109177384230
0.141605247753
0.118303390424
0.141029113179
0.140578638572
0.156953774797
0.131511128267
0.062596326964
0.146135648324
0.131939389222
0.097452261833
0.171246310889
0.105251787112
0.100852920979
0.133360485246
0.191515410704
0.053582731870
0.184401692523
0.131008663832
0.086111402974
0.136412984864
0.117288879350
0.167701951764
0.167723242351
0.172985387046
0.092374398586
0.132386221406
0.127380710985
0.156296043109
0.151684978426
0.134472689885
0.143748376983
0.149275779298
0.135874118982
0.130002454004
0.188902226499
0.081423002966
0.109180491373
0.154084160872
0.105188124691
0.074237265254
0.120311905158
0.103209114602
0.153210078047
0.057520009520
0.039222848902
0.177926812671
0.175742550097
0.183300518811
0.156063194267
0.116564902887
0.177568691036
0.083097011279
0.122621368857
0.109983630351
0.164364747666
0.143273974559
0.120837072505
0.063093924991
0.109471646133
0.168938875971
0.180288333620
0.069573551815
0.092364828824
0.161946463074
0.169893791139
0.107577721644
0.162120695842
0.092385965314
0.122445231502
0.102880817549
0.145300661088
0.076153446176
0.095007879207
0.139967227070
0.174627911945
0.118458889119
0.153990059478
0.078039936337
0.082861220474
0.180698579614
0.156519010082
0.154955276544
0.211213566538
0.066074656715
0.166073236985
0.087281982567
0.098387450614
0.091444431896
0.078762079438
0.108408910358
0.132437946519
0.175921319302
0.149604753759
0.075984805301
0.157257077572
0.119832701162
0.167267902768
0.034919131744
0.099381680225
0.073076025574
0.083439375145
0.124718337594
0.095725369642
0.173753251081
0.180861881518
0.169005881082
0.161914108373
0.145607731083
0.183954163035
0.160315298175
0.091851470832
0.067379927618
0.024329738659
0.065448356709
0.181297349839
0.100874831101
0.047433756292
0.147816853490
0.162630038510
0.174774292389
0.143362819861
0.184033163784
0.173331263697
0.131159617751
0.160917598239
0.146001386384
0.090635610854
0.161523867446
0.131086907354
0.110751327914
0.152711620176
0.072769007161
0.077108461339
0.146938545882
0.108122445536
0.061440932498
0.121680282478
0.108040639143
0.123499270483
0.104644979543
0.140665741952
0.133585574939
0.213886519724
0.176797103922
0.131279588461
0.182209428503
0.095384191253
0.085049311941
0.126204733745
0.096709551176
0.152891470040
0.130395086166
0.090369867379
0.149424193898
0.161350189714
0.167702546046
0.045457379522
0.154238108297
0.062482304958
0.144599462131
0.162305911929
0.169295706846
0.172404894528
0.151599740662
0.167054911092
0.146533456187
0.078988170466
0.151913233555
0.125859518879
0.086213816007
0.046245877350
0.172120837164
0.133912495643
0.191551353702
0.148215399979
0.124308054008
0.183986713387
0.114362551880
0.154768426778
0.176369622061
0.128656112986
0.181401733851
0.136968197681
0.060511384712
0.137096612310
0.081347592261
0.143426351338
0.157728485613
0.091695354790
0.086610319781
0.190021023382
0.100951683843
0.024408205500
0.148255219494
0.193843151141
0.097992348781
0.160419022160
0.072799540573
0.099229837370
0.092690946218
0.197393524706
0.118373013652
0.120568871102
0.138110062269
0.153604845141
0.182180801884
0.089149322947
0.118072146412
0.091491241758
0.094369848676
0.154595743537
0.121309220210
0.130208690161
0.138937176995
0.077174163760
0.105040324753
0.148959439549
0.170338510410
0.067415870576
0.134980902678
0.099555312281
0.085583222037
0.126763555799
0.201291548793
0.191985520880
0.127418329732
0.117963371822
0.064667955795
0.181268957934
0.027773733110
0.080416653272
0.114219438639
0.168619541292
0.101173332030
0.144519154088
0.120758176718
0.148692197129
0.206276817768
0.153977890842
0.137207150303
0.194716612321
0.148644756712
0.173471887480
0.140378059625
0.126191898412
0.146914991564
0.046141557295
0.185938222130
0.082413419798
0.182872383793
0.154457963531
0.086953028661
0.116301714512
0.160285410930
0.187842008259
0.089600281847
0.146655917139
0.129109549808
0.063779675443
0.152274307425
0.129618362880
0.142055585040
0.164386889076
0.116025853740
0.129808616092
0.072468425089
0.134091194126
0.113946182569
0.093331996275
0.184046531787
0.086832235314
0.101865786040
0.093411276653
0.049236102335
0.079565425425
0.141284929636
0.137229734163
0.136049133707
0.140723762624
0.174052487822
0.164837955332
0.159527575559
0.063859213862
0.017083232036
0.139704549047
0.149714082616
0.110026579990
0.124938999557
0.134751335567
0.090550601546
0.112504663734
0.017611679874
0.073888264563
0.112966823088
0.145685147319
0.160823214266
0.150497170517
0.146502789367
0.084399024518
0.163649263966
0.167042241459
0.129655859034
0.141601076096
0.161887848043
0.140628918872
0.093347866890
0.122940581586
0.078229989015
0.077070053499
0.110802184625
0.159191543315
0.145966440293
0.062358701100
0.159278656039
0.111494569566
0.187084788998
0.171186998543
0.181593357857
0.125591449802
0.119672689937
0.067907737304
0.181172803506
0.042237501651
0.120801684276
0.054772731020
0.090799390802
0.137217109267
0.191913548219
0.080792068963
0.220982664014
0.172575977789
0.062265828438
0.145781758339
0.148394867842
0.161168146362
0.153397990314
0.188970678411
0.084393514453
0.152074065840
0.189410265337
0.152075511503
0.109777744775
0.153586197789
0.130266237714
0.141092559187
0.170539728105
0.095495961423
0.182976741228
0.187080595668
0.150242879584
0.109140617821
0.049924316576
0.171278352761
0.164321116397
0.099375971738
0.196646953332
0.112024294942
0.091930289539
0.147836114500
0.157912791615
0.102412845821
0.150490002464
0.152629458329
0.153532942672
0.146478998125
0.178296850735
0.173826329144
0.139145172000
0.191760326771
0.119921373407
0.129156557817
0.123508227279
0.088971463613
0.184282158719
0.168170401875
0.170249296808
0.144600705838
0.136188575505
0.081614791630
0.154281614529
0.154730043863
0.121365490447
0.100807862639
0.132045161705
0.175981086883
0.024660202059
0.118806473394
0.160476292018
0.097703779435
0.149501617421
0.147759985509
0.094894944755
0.132448543634
0.139736428701
0.101841905129
0.172375044926
0.129533594963
0.157695249047
0.140808348099
0.074547767786
0.084230481879
0.085868429524
0.185159051187
0.162708427612
0.093869991102
0.167440116591
0.136686684391
0.121963224253
0.150154161337
0.171804085196
0.161775300995
0.128986874648
0.154487674963
0.121069945556
0.058337803978
0.174205266391
0.120222909929
0.047800514601
0.112085888257
0.025362576091
0.170422542966
0.154249007847
0.088206459054
0.127171449351
0.170224121720
0.123738410097
0.133383397441
0.142206638113
0.107088033750
0.091716610677
0.073753306768
0.085603945253
0.135889037987
0.112778390638
0.147673390075
0.181857400478
0.150882482171
0.103718377310
0.173870939130
0.135864144356
0.169565643730
0.152491723448
0.161852352331
0.124081078084
0.148117154285
0.114357259973
0.105823998379
0.095796019191
0.146189477324
0.134741468880
0.124539785423
0.162207589979
0.153903510714
0.168484699504
0.102642128234
0.162927768352
0.159138581413
0.166009861236
0.140776136235
0.134034374371
0.187401712117
0.121630841256
0.170023220146
0.122525921622
0.161690381425
0.169171834099
0.121688759073
0.124098313644
0.147095383040
0.186284110196
0.134136438649
0.123646110187
0.038318920016
0.114824839280
0.074232531517
0.134237415453
0.133788959858
0.169781700891
0.179443072801
0.131906284056
0.154582960159
0.067381332194
0.035305549143
0.175285902817
0.162429899870
0.188339078763
0.050540955819
0.122970546427
0.159815499077
0.081452238635
0.084051181465
0.106917242399
0.157035595700
0.172049845291
0.065376061684
0.101865126377
0.182459928300
0.053986657204
0.143466658016
0.098667768690
0.151640695948
0.140358316643
0.065318964391
0.155400165831
0.129968965575
0.079402193788
0.120334904135
0.143474391551
0.179611849159
0.107354970797
0.161627894682
0.142321104375
0.117412188267
0.148000992191
0.166047722512
0.121770670262
0.105647919770
0.157354851625
0.127839817581
0.124540777156
0.088060713552
0.138712975725
0.083583539561
0.159692079001
0.117156170646
0.086858854006
0.009469828258
0.065783256428
0.137472416867
0.149645689198
0.116829467638
0.166043609146
0.065411597429
0.160454252639
0.151629269913
0.164738662737
0.178921756628
0.161535879022
0.171400626902
0.121099968572
0.097893979974
0.159782719181
0.154399364160
0.157575467886
0.140196672862
0.064003621730
0.132835033447
0.172770678696
0.167009290527
0.106309390272
0.155482620557
0.129092878482
0.160926711390
0.083742779990
0.112073286370
0.113553026357
0.147509132944
0.134908773421
0.085056158386
0.159080951566
0.163802095959
0.184570369799
0.143539230553
0.108863505322
0.129946799195
0.167288728690
0.131004196607
0.178893514197
0.157626813690
0.154548296789
0.171056009388
0.172020966391
0.159673744760
0.150959929320
0.146295456479
0.068793881728
0.197544718562
0.096097474295
0.097480266971
0.160372556210
0.075247993680
0.172792362107
0.149909818215
0.108985341203
0.151448148991
0.144814563603
0.072307858279
0.148449047636
0.129179989491
0.069243912158
0.105307334337
0.085105224562
0.052998612975
0.133423429793
0.152297449511
0.173575496987
0.163634764083
0.102454379335
0.134618315327
0.101785719567
0.077477985196
0.176635889852
0.150493204900
0.158235570436
0.163905819583
0.138251438657
0.021386624028
0.127197611113
0.119206076203
0.184327537509
0.126659802588
0.127649460618
0.128116770358
0.101690380231
0.090036820166
0.102952848653
0.158263818448
0.135754798063
0.102581529384
0.189414503618
0.169872829971
0.160680905948
0.122482550195
0.189087076679
0.066561834296
0.117095365995
0.114368231868
0.100876044168
0.168289639252
0.143249296585
0.092635263268
0.098100191150
0.121195423833
0.129516535374
0.067566958698
0.043465083931
0.187899035932
0.170460186522
0.103776120488
0.172792977392
0.156226187535
0.135105219821
0.148396920736
0.169383154901
0.097888521531
0.157650470182
0.158219756655
0.154236815178
0.168663189407
0.200760459410
0.205374491138
0.141763292818
0.067403254329
0.116126576708
0.164905931778
0.175530627332
0.126539540431
0.074643861746
0.123502755954
0.217821670339
0.169092563582
0.142611679683
0.153904121153
0.113053893454
0.156118770972
0.152888090220
0.133940795352
0.158914984574
0.153446764571
0.153550989612
0.016167239795
0.164259014673
0.116481820656
0.177459023606
0.122123719421
0.157294993036
0.129121107386
0.144716757807
0.113712179794
0.161004680537
0.157946028911
0.156166094344
0.167051118647
0.060459798808
0.116452284919
0.103690462079
0.171612625414
0.184390987814
0.157936431683
0.169541689307
0.171876025879
0.072235728259
0.080407312581
0.161196178505
0.189516310228
0.149428498115
0.120159863203
0.101352521118
0.156876439076
0.135533698553
0.129018811705
0.169248051757
0.109964349782
0.112751810973
0.149525353358
0.186224342436
0.134654961591
0.156857086633
0.024866711849
0.093303721982
0.162244187920
0.076839740613
0.145769675526
0.106104493395
0.166553587376
0.059464722954
0.163082461857
0.114454916677
0.190948703734
0.122687485909
0.110057495264
0.191176309109
0.151475746513
0.128292199060
0.154731589963
0.206681441149
0.127097560754
0.154297743480
0.100742298473
0.093683139282
0.068417967662
0.155502604691
0.062757591000
0.036534529376
0.035779275979
0.131143966824
0.115224830476
0.102399040680
0.106301799842
0.180634855760
0.140072252532
0.117188483581
0.105621057516
0.170585553740
0.183833712148
0.085234180297
0.161456250211
0.059025707189
0.177123058589
0.124620666311
0.175492874613
0.154367023173
0.098430311168
0.211969537480
0.152179972496
0.172177609607
0.130751767961
0.164147651653
0.061470434744
0.131849147192
0.113780090497
0.164994130235
0.145606051627
0.150443785508
0.095846720855
0.073900172634
0.156238470441
0.097343343027
0.119631378618
0.133342778959
0.171930285448
0.094429025248
0.143708186026
0.178122887893
0.118631746600
0.126175418628
0.108621162603
0.146328986060
0.095200900580
0.125171583606
0.097375632441
0.181796009170
0.132500778238
0.132326789089
0.200409920746
0.068564480273
0.158757103279
0.190851273070
0.058364145260
0.139386730589
0.131329898926
0.132763679229
0.136531471669
0.168613969363
0.193547114423
0.098891869189
0.167706352121
0.168819624244
0.170921613290
0.085605923116
0.118799173203
0.124179956147
0.178180338869
0.123785099335
0.159430935594
0.139318393735
0.161211618164
0.146791836621
0.079650255510
0.150621549441
0.100450989296
0.098701791643
0.171513523184
0.164728679096
0.162896185266
0.127637427401
0.154989473505
0.054611119038
0.127591981217
0.177601762603
0.185434263727
0.137779177893
0.141275192606
0.127398615011
0.178569697500
0.185402191476
0.179293876939
0.166432228866
0.166334330826
0.099544166703
0.115720033005
0.116321787496
0.167348941855
0.160037999472
0.097107593348
0.146677781278
0.207355223988
0.123814876337
0.121775838391
0.168417636760
0.132019286708
0.125445511308
0.160612644339
0.159166570381
0.139201212489
0.182986008586
0.184072588561
0.138738086654
0.110796332771
0.172488215204
0.078404611336
0.119951216914
0.234713641097
0.155586616903
0.156734370003
0.197857992670
0.140455320802
0.140526606403
0.163420338391
0.144349094453
0.140296791383
0.119863875698
0.145938238703
0.109167663193
0.082175295723
0.114637354649
0.173043933012
0.192015035894
0.144301863453
0.094646551739
0.139453909666
0.111599827715
0.130770355021
0.168587859095
0.151409296381
0.123946084514
0.174148841147
0.116738878661
0.143189576422
0.135167759879
0.155849153693
0.175497246109
0.127629396714
0.145260727818
0.164000349415
0.078200908754
0.101568120674
0.204031131228
0.142261282746
0.136197361452
0.145823908927
0.119689309207
0.153837847648
0.107113530142
0.058877366311
0.105344295440
0.174884283537
0.136618439104
0.138021786771
0.119848897978
0.155542051176
0.155503267634
0.127917488537
0.105130713325
0.174952440437
0.091623979693
0.138615929711
0.124636382936
0.145541265700
0.165160729847
0.195422630039
0.120156712297
0.166642001494
0.063169076771
0.168352040727
0.200266027641
0.182236066579
0.164215974135
0.170657960336
0.151614167504
0.109088579147
0.103492999098
0.162394974066
0.163905071472
0.031725446253
0.111949543992
0.117040394294
0.130433518706
0.071405149114
0.120201534736
0.129624761087
0.112802469923
0.116614739843
0.110749413415
0.144547763756
0.081992447554
0.122638581746
0.055821834464
0.139764159653
0.157819054409
0.159941804508
0.146676512103
0.107986888587
0.104483863948
0.077201261982
0.184085282888
0.222074447559
0.180323388095
0.157766034844
0.183353685591
0.128980123241
0.140809123422
0.113896167604
0.172847218590
0.174993199209
0.150955200482
0.125430547928
0.157126475992
0.156450165293
0.145674303364
0.081966030414
0.094519461413
0.159637386574
0.132501787312
0.150548987943
0.190546810470
0.153347557285
0.137016918999
0.147293901433
0.170210467378
0.076066489858
0.075497977637
0.168208332721
0.097337746164
0.180938105943
0.151724985537
0.135720037681
0.138188470043
0.181446427346
0.135258056137
0.108891619554
0.051325522232
0.096977266407
0.133708233925
0.148057995631
0.130716502124
0.094475227386
0.167236419925
0.129395838130
0.131537658360
0.145068631397
0.144195211662
0.126179227283
0.107041131410
0.105119701172
0.175525738016
0.113308289281
0.078772991176
0.168581734626
0.128007517315
0.176609466212
0.181950310740
0.082972821990
0.169069149949
0.098670113294
0.080751984762
0.158997673226
0.024180399292
0.143773493385
0.119806232055
0.168281818455
0.115369820587
0.172110343063
0.170767807998
0.186122499786
0.182765541219
0.084622908762
0.175673913266
0.146742156656
0.179637793452
0.146956919389
0.133433526506
0.119761801897
0.058199598365
0.164168093615
0.175190935601
0.129102618296
0.170638524207
0.155913447905
0.094171910729
0.169075987324
0.095462271923
0.160431992105
0.095237470180
0.123691630097
0.186948960254
0.169331240311
0.170946808912
0.051580004139
0.114277079734
0.054067349721
0.147162122865
0.180039500186
0.186871841607
0.168606204850
0.055279291558
0.164629896592
0.166972105229
0.150441022902
0.112673609318
0.092079382030
0.155500298860
0.128602403603
0.079411787516
0.129733279089
0.071271787036
0.147573136050
0.098522816782
0.180597532513
0.066776066462
0.131222572141
0.172174417268
0.114264511389
0.108620151440
0.146636052616
0.170668889622
0.140740724827
0.111112515846
0.081515765505
0.162253731796
0.174830234877
0.160837237889
0.165217038330
0.126113871497
0.137922088812
0.116571915092
0.187494773002
0.145151088669
0.159378042705
0.170160347448
0.160342789200
0.109871222258
0.087061929668
0.186502728283
0.165835582070
0.174150595055
0.187828371611
0.174305199281
0.067640839320
0.133013612016
0.088525774404
0.174034454003
0.155293402380
0.084255277195
0.108844764304
0.115342198056
0.129332323890
0.169255147632
0.154302501835
0.188669124615
0.112760287271
0.175364298547
0.091744527112
0.153640642882
0.193675749568
0.093431518310
0.149939159767
0.149421074757
0.179528307015
0.151598124836
0.147005561316
0.137887250795
0.022578722097
0.149622876351
0.138199368574
0.159103519036
0.086318539636
0.096283102904
0.116868914542
0.101648322355
0.159724853706
0.147783859774
0.166470684584
0.084571712586
0.193126960468
0.066557560050
0.182478721447
0.157887987648
0.161983658495
0.148022922905
0.175366441385
0.182380642213
0.051206649150
0.177140487914
0.103159377025
0.099159580684
0.097229241600
0.167771344709
0.138908940897
0.176503159005
0.142909370416
0.155706554403
0.124304021288
0.108597459070
0.125531194547
0.173438844888
0.163913370915
0.182789551079
0.084574085513
0.139559649434
0.160882006529
0.040728751474
0.118604530572
0.127067018490
0.075146591393
0.180434630492
0.090956902413
0.121285440303
0.132889564064
0.063534363799
0.141977924771
0.137200647110
0.137568194311
0.153050524818
0.156629632832
0.128869312099
0.169656751139
0.160146878561
0.140747377162
0.165475876882
0.105999411658
0.170492814004
0.086566369490
0.118376526758
0.111826012728
0.168555823176
0.106185332595
0.162919716418
0.083044159865
0.077974828337
0.185166009482
0.152908394356
0.107810386844
0.110974059193
0.047028518078
0.133123188076
0.152258044214
0.097057988675
0.171286037401
0.152988087875
0.130441295864
0.177858890156
0.102893724976
0.146435015684
0.145360934933
0.079123662818
0.178132221056
0.176531272971
0.132941246850
0.161804276321
0.164513522188
0.082340547634
0.095570597629
0.111996559147
0.097129069504
0.116277831712
0.176221649067
0.109961185418
0.189941479729
0.183950756128
0.166235331542
0.129312141324
0.086382846696
0.092302034426
0.086058679658
0.143828746455
0.105071716371
0.105889003433
0.180217742690
0.149791422162
0.095169850234
0.197905896084
0.165306876193
0.120183323083
0.171828951497
0.158135543242
0.159177003771
0.136490770678
0.098717186671
0.157056138628
0.175611438141
0.153524120526
0.200476083719
0.190115524518
0.077404926004
0.101275764154
0.181681442780
0.149500464415
0.095681807042
0.123581679004
0.078685904145
0.160032609812
0.129856824203
0.157725881332
0.129461801270
0.061644466409
0.170834601543
0.160112897112
0.106444506620
0.162360312017
0.195927916512
0.105379429991
0.168556092540
0.161708144735
0.131288664270
0.188890054510
0.115564218146
0.144008465775
0.182282425728
0.141816067011
0.047029741070
0.100787564084
0.095110817076
0.189067352363
0.114546788010
0.138059515958
0.128240495380
0.186893569877
0.068672132814
0.144405582446
0.108725728419
0.124128477781
0.132653123300
0.120293244727
0.146298170600
0.089513100409
0.198245365578
0.138933929970
0.151483980695
0.170455654718
0.185281596197
0.100409752269
0.156829351617
0.173336772569
0.179196579575
0.137924407465
0.122979045352
0.162186595674
0.129528404048
0.201442506042
0.159547214836
0.142953927676
0.160336136061
0.110856878289
0.113259490521
0.142799189686
0.084648582817
0.140073436891
0.235744070722
0.092460691271
0.105959425388
0.172782415420
0.143416539513
0.173433583448
0.190245921604
0.163410611279
0.158046780145
0.168453441988
0.176440982749
0.158727998084
0.133280804128
0.104404558899
0.173009140837
0.123769540009
0.166410552413
0.163120003011
0.160295950017
0.108007441702
0.068430252462
0.121732810542
0.171433945093
0.147609701623
0.126090767294
0.151535946806
0.138199909550
0.113984842386
0.147045520745
0.080071192402
0.160119037131
0.147982664411
0.145376976081
0.173053583453
0.099449247259
0.153904757340
0.158537056267
0.147408128304
0.137358359383
0.163635619458
0.152345323852
0.096643250640
0.173279567920
0.147668562209
0.162581205125
0.130683900136
0.234995800894
0.193621263561
0.122312466735
0.159811437915
0.142781366139
0.142776563941
0.169826279844
0.179556302486
0.142747206333
0.180843316816
0.172493010141
0.090082769080
0.148036015522
0.096771815118
0.170968774243
0.138200262026
0.157570529661
0.114163313217
0.117013958895
0.134386929164
0.146107499656
0.061387687751
0.209882047081
0.178222364303
0.174374534942
0.110981939137
0.125173259174
0.156044349553
0.124071727923
0.062125317178
0.146959851499
0.137238418014
0.057532178245
0.103945447048
0.115695736116
0.150355299695
0.104784523608
0.148165919551
0.155275691770
0.116921683292
0.165219036631
0.094402934056
0.182236662324
0.031431147810
0.151949495420
0.131424643892
0.132957423803
0.155812611212
0.102504307599
0.152208517147
0.149113565955
0.083838426093
0.153283954834
0.142955131082
0.165867241219
0.110179008775
0.176708931391
0.146213746522
0.167761381397
0.161357230974
0.150409065002
0.150169403166
0.160535288641
0.143177099092
0.149629949740
0.174192851365
0.185231128175
0.074444569419
0.161043061410
0.187782800750
0.163627618679
0.129434184772
0.180652046280
0.143227767042
0.165902565339
0.190448675085
0.185045603294
0.163141383178
0.152060700489
0.131171883262
0.088585485295
0.174483173337
0.153766509941
0.047065787048
0.245632080618
0.083867287817
0.153342646330
0.171656358562
0.015605784199
0.185525613121
0.103357365469
0.114460739877
0.094316837391
0.097029325956
0.128859447355
0.157634467118
0.095326423642
0.161566570392
0.158267046077
0.103904236188
0.170005595257
0.144847242632
0.147832572847
0.117149438589
0.176216155141
0.186262410504
0.126814596869
0.146550302620
0.165410940567
0.095339915017
0.164388495179
0.171931490815
0.143357815151
0.160179944451
0.152599435284
0.164714454265
0.184676476123
0.121776281771
0.194210535396
0.288782545441
0.176088056501
0.174794511307
0.156612453351
0.191201551542
0.164185268551
0.096044689101
0.101251536470
0.165422262877
0.171602555189
0.154204060979
0.113311551601
0.213062854574
0.172624432535
0.165502753939
0.087081174932
0.148591645628
0.185915390174
0.178535640060
0.107113464444
0.157052162699
0.173125532765
0.152902167201
0.186076562017
0.089162075831
0.157911919487
0.173738537807
0.127300220403
0.105669876791
0.094276389784
0.093331984427
0.172897421309
0.134160352545
0.151160698610
0.156085708880
0.094318810093
0.181987324171
0.154119737106
0.160361863760
0.145817379516
0.121536075637
0.090426489788
0.182562673012
0.179128692588
0.169309708246
0.144620762034
0.154592360987
0.149141310863
0.167665326430
0.134955394732
0.101555333078
0.055229079499
0.159026723189
0.108411147711
0.163841075560
0.094824407396
0.133401144440
0.160087499854
0.198094691347
0.159275440461
0.076250263902
0.161647943501
0.157321806711
0.196293201363
0.129104478686
0.129299573235
0.182209982787
0.144938094639
0.112921747598
0.142445883608
0.136787110220
0.159165429581
0.181278707809
0.160172114919
0.079513535043
0.183271178034
0.066671572967
0.155517988229
0.160194378256
0.162660285524
0.104690516229
0.209705799969
0.115289365476
0.177505326726
0.125773347850
0.098919460926
0.158966343458
0.156266439287
0.127411883306
0.138920511378
0.191772562368
0.177185339326
0.182978130354
0.155225640626
0.145799592508
0.116261841020
0.170412779515
0.166904304247
0.122789576986
0.116589634837
0.133915196902
0.094778371119
0.179655116363
0.177770995887
0.169959002576
0.186246986189
0.075902681699
0.168096596680
0.168175831664
0.201084774501
0.147812672116
0.182337355595
0.128885289521
0.172892813656
0.188072433011
0.189631060673
0.157517247738
0.164333180693
0.184529083682
0.091919989944
0.181085324257
0.120963119763
0.133521891294
0.154735282772
0.161400175345
0.139837435669
0.097584457573
0.190106069330
0.144341062060
0.112559711305
0.131513212591
0.105576774169
0.155067772721
0.114451623765
0.093988226012
0.164421344748
0.159265053837
0.180362440911
0.150456541439
0.101610801621
0.166872467450
0.057018354128
0.149467522773
0.166707262218
0.203555344135
0.123742080222
0.171362491218
0.153040321222
0.094896130020
0.056753409210
0.153310138059
0.183154037131
0.129049427948
0.120482268060
0.181303256402
0.194453640469
0.148723558544
0.165186536132
0.110461372730
0.157531773758
0.154381643342
0.110777587708
0.085273950268
0.181479621682
0.143542140586
0.292870442975
0.147579278699
0.130146472566
0.081385864446
0.143056022356
0.193672151327
0.142670153940
0.155302578943
0.150660589071
0.150161724224
0.139997976171
0.195337071003
0.149810526476
0.151186741340
0.142765681128
0.102373325961
0.124563895616
0.136173720219
0.181515292909
0.115458218896
0.136580666076
0.175702735201
0.167257644080
0.149847897252
0.099077105379
0.151261373826
0.148302729563
0.172211846552
0.186674402807
0.065303138364
0.186761438623
0.157412224451
0.178508357767
0.122234526736
0.153622315080
0.123183628754
0.152263427389
0.093774353874
0.179085273511
0.155098479901
0.153261058744
0.079396571299
0.142348569738
0.143799145081
0.108505238195
0.175186316564
0.191732308416
0.135810512102
0.169785014747
0.087477228933
0.118169584076
0.180589636110
0.166849434621
0.129807834861
0.216231346940
0.110556953432
0.183866901085
0.082984182484
0.178693611020
0.135946303415
0.203488537456
0.126367002387
0.163307365689
0.212217093862
0.125989010370
0.173595488723
0.100609205137
0.111394282233
0.177814778530
0.193054316432
0.161895453271
0.133639228072
0.161662702819
0.167404757711
0.024022173240
0.134823208306
0.151225778924
0.079270036573
0.155687265119
0.183420004670
0.090120442004
0.166348292144
0.098731377993
0.172625257221
0.132478205565
0.144015285708
0.114669276335
0.202141949909
0.166852907371
0.168366974572
0.165275790853
0.165641266334
0.173146424638
0.187187037432
0.095212168534
0.169007305934
0.060765897884
0.130097731741
0.157871773835
0.112809048243
0.160460216208
0.087430732908
0.154493101381
0.152797969959
0.100369976281
0.105442277697
0.171059336891
0.128693891342
0.151841426948
0.208873877953
0.181305651139
0.198864891577
0.144717214997
0.186273071871
0.097357644643
0.178441144204
0.065901841359
0.137392627356
0.153031503903
0.158903699869
0.168341546137
0.191705134778
0.144533093995
0.140971583688
0.155932240455
0.149237857391
0.086822891561
0.058666876765
0.169483317510
0.148010354266
0.122590337676
0.126025188653
0.173153889826
0.147502116946
0.188830607752
0.123787113217
0.157403610391
0.169562331737
0.174258827168
0.157787088672
0.180191238696
0.145274215235
0.206248071922
0.167483332426
0.073495711605
0.147817403802
0.159278700722
0.093712375375
0.188956403779
0.170595906305
0.159924285688
0.116271643551
0.167921946858
0.176309271480
0.135410893190
0.181775798121
0.154266309996
0.157831067137
0.149206969337
0.177642324934
0.177307334969
0.144707218311
0.113267145666
0.133254006683
0.161776215297
0.170094337931
0.176621913800
0.184938293716
0.150617976464
0.098958172262
0.149755802530
0.177448088452
0.177204379222
0.136586534976
0.099827844029
0.152792776091
0.097713819664
0.108211301799
0.163435395940
0.183452603046
0.132276765206
0.153844025568
0.151705487146
0.094865065061
0.161169187014
0.172526832387
0.158715757290
0.166306614678
0.178843603416
0.165608127631
0.178158745947
0.129601237832
0.169055840010
0.175675257237
0.157594757265
0.172913981575
0.075103878300
0.185167623555
0.143007286676
0.137066711453
0.177920935995
0.170070272174
0.137555315797
0.128423646169
0.034603129052
0.202792990636
0.145608214185
0.130927349484
0.132253375673
0.145726156877
0.170285832526
0.163983180207
0.175652418747
0.190034346013
0.155821675136
0.163343386312
0.134392067763
0.145669338604
0.105714229482
0.101942599437
0.172033413531
0.133986922479
0.185246543803
0.163118508836
0.145999816801
0.163257704803
0.065907646371
0.139158491023
0.091004435716
0.159262153572
0.093645226465
0.176729851276
0.157350080149
0.135259870645
0.155393560823
0.146574803915
0.155186080951
0.187076210532
0.090256265261
0.155079029086
0.155891169473
0.136542238710
0.189344799868
0.176705637392
0.169190314293
0.173473458735
0.155355021555
0.187997701530
0.158824444103
0.159392297536
0.164174180397
0.155103970021
0.156868739031
0.161590502540
0.090314737016
0.176953129462
0.246554047824
0.198739681081
0.090186157726
0.099683062578
0.190505429596
0.081869515970
0.064168366800
0.118127459801
0.108340772484
0.144200830311
0.170418223409
0.108078730068
0.180417220535
0.162409386508
0.130030817788
0.181100114252
0.183748331819
0.117645754970
0.097870873090
0.153746304524
0.138389292065
0.149664075933
0.180058355604
0.113121346489
0.165066622866
0.131244327677
0.173839701881
0.197308510848
0.149460412619
0.152836325889
0.177968754411
0.143337485890
0.168498539739
0.164553210946
0.140731463851
0.189215371979
0.139920708725
0.166849639667
0.190400635310
0.140943951085
0.117476672879
0.146570615011
0.142724265382
0.174725590182
0.179469646237
0.141410431899
0.142885559983
0.178461620291
0.160275347656
0.173399732750
0.158430440825
0.157536616173
0.101438461157
0.143244347594
0.181284843416
0.110622531756
0.145734966616
0.154168140376
0.133865411530
0.173904815309
0.122735565183
0.174715461912
0.158667813119
0.149124750760
0.167762649785
0.142472542772
0.159332834908
0.145537401050
0.153894064532
0.143628652867
0.172547649304
0.148693485293
0.119508340199
0.148642827147
0.189711331246
0.149565779323
0.165008966282
0.177779808030
0.150552748901
0.176592672022
0.143589153965
0.116584937698
0.143742559540
0.137147266349
0.115281958712
0.087023442455
0.078462635467
0.170990158557
0.153950866630
0.145661147121
0.195163160685
0.157285377796
0.200592870010
0.159165615725
0.123061443637
0.177348625563
0.154177315089
0.177992287526
0.171965260778
0.202850954743
0.144939482851
0.154987256819
0.072199882276
0.148966362803
0.070826949559
0.158723956330
0.180397705325
0.138398615513
0.051320991115
0.175842111290
0.165724883881
0.122041547523
0.103736898531
0.160457080954
0.179299509573
0.159562037718
0.197863051791
0.174232808375
0.181652297645
0.166546107150
0.180988891570
0.163490313935
0.122866681552
0.131827288711
0.178059532326
0.160501838710
0.195262950523
0.126900686421
0.122251005376
0.153588488410
0.166508452427
0.128017255528
0.108173500592
0.044742337039
0.168988130196
0.137609231199
0.107642708272
0.146457690119
0.187047851254
0.109490900101
0.113614192469
0.136096600682
0.180881280607
0.107387786286
0.151482009789
0.070933683628
0.095906365992
0.210862760230
0.181228051613
0.138914802929
0.106869051367
0.146177465870
0.140672868464
0.173016791377
0.194728303493
0.192241651838
0.164011355022
0.173783125643
0.179598369596
0.174812009900
0.130551494887
0.120265336191
0.179082846474
0.185968792764
0.133233676186
0.186975953529
0.098464720929
0.131862169206
0.122197091254
0.164755620192
0.162204345349
0.172109090640
0.101611990796
0.128977046839
0.177725998589
0.157855104095
0.150720660838
0.158884357773
0.144054379047
0.164689646477
0.164622805169
0.066420621541
0.135538608406
0.079392863239
0.186897030301
0.103315395260
0.134348069601
0.142796498664
0.166808237457
0.138554298715
0.113937909247
0.164931069708
0.184453304054
0.137201898093
0.159849704813
0.120859170087
0.161105910765
0.138404532172
0.170049980563
0.127832814091
0.155393856214
0.197067240732
0.183418941125
0.147480420534
0.101587358575
0.093050077801
0.169570925194
0.133018235708
0.111915873222
0.116634448742
0.143569787231
0.242696988061
0.110915689944
0.165427359170
0.104247727309
0.117627982888
0.168492932885
0.141603568195
0.184025005873
0.162321912825
0.125742546873
0.174671283411
0.194648401564
0.096426204219
0.128986311753
0.207140140632
0.147182002683
0.145340326070
0.146682341031
0.150993087043
0.157884808495
0.041937428296
0.077007237716
0.196664341442
0.180911851372
0.087339365757
0.116017519076
0.177002347233
0.143902400363
0.069374831072
0.167077165709
0.116953095946
0.157890858034
0.121317663985
0.178223763014
0.173119763812
0.160300490336
0.145673784590
0.150463323347
0.151718557129
0.155308068536
0.111493174934
0.152527439686
0.069599900827
0.177298886889
0.127528589139
0.169927013237
0.128218883668
0.085557129449
0.169684974678
0.178082233691
0.114298701316
0.184999478209
0.163730317020
0.144319036446
0.085943535848
0.148807039591
0.136524738122
0.110000220533
0.159011814145
0.186111324147
0.179665192650
0.179572855210
0.120473113211
0.107115824200
0.127823879338
0.136631979851
0.153740516681
0.160283827854
0.156529533352
0.168350918446
0.172638096998
0.079012060981
0.158861828150
0.184194233051
0.178579222658
0.206663383182
0.087275957542
0.104022957300
0.184077318327
0.359721731264
0.190012363838
0.068563812714
0.134590626735
0.171538991142
0.125094876826
0.152297014736
0.157490305686
0.107101574423
0.145047696339
0.185448724179
0.168564765941
0.127688303855
0.182773884537
0.166017055192
0.076754619253
0.106129111881
0.155148178311
0.175031058533
0.147962946661
0.166821626934
0.198068004566
0.178290999555
0.098876784114
0.131428659337
0.155981751579
0.166942210837
0.127756072949
0.203581413464
0.167550066422
0.173849643282
0.172653367206
0.130470471772
0.137101657432
0.110501958749
0.151519030250
0.144781521685
0.143538485592
0.131456864292
0.165572910263
0.160903394990
0.153981928691
0.106715788108
0.192772549307
0.133691806784
0.192034527105
0.162662900268
0.162024115295
0.124270031309
0.190199392120
0.140783477522
0.140688903442
0.168585253212
0.179605244627
0.131291308552
0.101972866346
0.154040283429
0.114700018954
0.203864522194
0.136366228768
0.180573895862
0.028798780295
0.136517836332
0.142373287396
0.150859748229
0.163024153275
0.132220825743
0.112757301059
0.091708487342
0.210589704279
0.139532280704
0.196371480186
0.154975928370
0.193977484803
0.188842713637
0.063076933672
0.047348453703
0.185848285098
0.131729697493
0.165645906075
0.174812866033
0.058772820870
0.169653908485
0.224622423559
0.127662333654
0.194443110374
0.150532651286
0.118054289578
0.132892976406
0.135399129593
0.159283725836
0.127918541511
0.090107772981
0.130719689812
0.121571621704
0.145342623512
0.099103570111
0.167459057165
0.128320899988
0.109438461160
0.150132008670
0.155799639835
0.167063040101
0.139983312289
0.133025515448
0.130044929316
0.153397323706
0.175215629981
0.175587149534
0.095142323047
0.066670842410
0.186622579947
0.180345550982
0.140910774491
0.173528486529
0.157354738581
0.178622512865
0.160760422963
0.121425828605
0.175952022085
0.095563702773
0.039064181149
0.120160992365
0.164755289676
0.148099566678
0.159744238249
0.173485238671
0.199480345626
0.169599729816
0.191635685358
0.178370108655
0.166396276870
0.100913323436
0.167905323957
0.128268425193
0.180879660624
0.159596927940
0.141083650456
0.147042693611
0.151479960730
0.145507781163
0.176987418072
0.205302484673
0.174576025574
0.147946946791
0.189692531039
0.191608332707
0.144783745621
0.119952683685
0.052106530520
0.173766519672
0.085166915632
0.180569054173
0.195450594434
0.178825561592
0.152262533669
0.182302813378
0.171049378337
0.152004467948
0.139272404094
0.134982970179
0.193413167499
0.226678017632
0.154886408687
0.126081814711
0.181965078886
0.125967221674
0.136692773376
0.135375156608
0.101093997158
0.159460311441
0.178668765818
