# MSM incoming transition strength ladder
# one numeric value per line
1.000000000000
0.002202022049
0.006249543731
0.010048066260
0.015668827482
0.004763712036
0.006923925329
0.005063102802
0.001296096910
0.009320753825
0.003622734194
0.001220443783
0.002137129109
0.002346700300
0.007538684035
0.007420367930
0.002757265814
0.003848481628
0.004735994595
0.011605656078
0.003011782849
0.001724323129
0.005534972751
0.002040975073
0.001307800677
0.000429179539
0.003437927581
0.010472602400
0.003400417560
0.005433671595
0.002066195298
0.002424389475
0.004270587888
0.005715071508
0.001394221133
0.004418793807
0.000699067316
0.013452991753
0.006806504878
0.005765536911
0.004715983545
0.006412344472
0.015005473423
0.005664827286
0.003745874903
0.005934725295
0.003755772294
0.000617723402
0.003287513838
0.003171385575
0.002239693666
0.011659285750
0.001466116055
0.005975963988
0.001354861704
0.001653524351
0.003670756927
0.006593547800
0.004877136472
0.005702384460
0.000972579769
0.002430979589
0.001785828380
0.001531168395
0.005481623360
0.016239185891
0.015038686234
0.019202956655
0.007510134714
0.005579560463
0.008222756012
0.001818029445
0.001249144178
0.000943886074
0.002041000167
0.000508036733
0.001484840334
0.005463833283
0.009861333694
0.002283813876
0.001434687253
0.003861541121
0.006976893657
0.000598096522
0.001262425652
0.015232478461
0.006499076140
0.004412837793
0.008068423257
0.002511109973
0.005208552606
0.000616197691
0.007436449089
0.004672552713
0.003134885729
0.006378575420
0.016008815828
0.003247658836
0.003531386996
0.013231286566
0.006121850147
0.001010085867
0.008374786010
0.005554568094
0.000715401076
0.009032030443
0.016062187354
0.002763612063
0.017790803989
0.009089337471
0.002762610812
0.001309591559
0.002815535523
0.004637109727
0.003922603333
0.001222810261
0.002484169701
0.004125226188
0.006717957740
0.003885779471
0.001522688905
0.003391118096
0.002260907660
0.010434773210
0.004168864407
0.007165274372
0.000876232692
0.009342866172
0.004959212692
0.001266554223
0.004392611101
0.006827920203
0.004781610624
0.004429631298
0.003809333582
0.008507703338
0.006441938504
0.000514209549
0.003335117243
0.008520767475
0.002974249421
0.002327313126
0.003454869790
0.003429207973
0.009284726972
0.007381179652
0.005286185882
0.003933788223
0.003141039398
0.005845843131
0.002495153004
0.005065972249
0.008808892238
0.001279500706
0.005775687274
0.010653634991
0.009647850946
0.002842346587
0.009377723922
0.002065851718
0.001685947722
0.005938094807
0.009649487379
0.007587167735
0.003012109678
0.004890403282
0.005912880982
0.003806288891
0.004679528614
0.009795282977
0.015265363475
0.006815791050
0.004890843901
0.001223863871
0.025003652856
0.005167598484
0.005322821238
0.005061589151
0.002375867920
0.001859275691
0.010476968657
0.008343930554
0.001680680919
0.003928960155
0.001725940957
0.006173793590
0.005295030134
0.001048516489
0.003683784819
0.008893018400
0.007368566247
0.001746391717
0.004781608878
0.005317944306
0.007856294523
0.014580620826
0.006393237966
0.003699158749
0.009115382384
0.003538199140
0.004480189965
0.009613014103
0.006293822554
0.006569665439
0.005517120119
0.010683939463
0.008398565673
0.005528661171
0.003007236399
0.000560362937
0.003146060794
0.001182758736
0.002794316852
0.002092203902
0.004704674773
0.001810377787
0.018763495717
0.003761043250
0.001529228726
0.006460401674
0.004250656421
0.000905517404
0.003786588570
0.003379227467
0.006291113531
0.002799575995
0.004970400824
0.001179545045
0.001846090944
0.002336689877
0.001765731048
0.016074966617
0.005328004562
0.002176614378
0.006688834651
0.003516172774
0.001992579400
0.003394756600
0.002637041995
0.017241412984
0.003156238029
0.006276668421
0.014935697750
0.004276336200
0.003086573051
0.004944778928
0.002987001824
0.038892086401
0.001499845421
0.006555972870
0.001014737004
0.004549511551
0.005718517173
0.011121127290
0.002056963361
0.001278727843
0.004590259036
0.001640078902
0.010565666562
0.005690398472
0.003424585819
0.003564979037
0.008818617989
0.007951794169
0.004401225774
0.007533989331
0.001368690192
0.004649215875
0.008509572117
0.002613729986
0.002453132460
0.001518924409
0.008276557647
0.002441116066
0.004988435438
0.002511241455
0.006193284891
0.004528439362
0.009606401592
0.002938597493
0.001190694138
0.008835631593
0.007388514372
0.003308976141
0.021770974626
0.005361409393
0.011322384282
0.005873794444
0.001629020684
0.004063195803
0.000826349200
0.010951557334
0.002629146153
0.007143885584
0.004483778514
0.004760204341
0.014297399936
0.016631889510
0.002138565465
0.015980535841
0.002025514278
0.002992209381
0.002588428658
0.002976452319
0.001233789030
0.019235926637
0.004679189724
0.016288437453
0.004766762120
0.000801441770
0.005099900287
0.013728446585
0.003492391154
0.010884982982
0.000985944169
0.003525145659
0.007448025960
0.001188533724
0.015242600898
0.001366584129
0.004723120961
0.002335261278
0.002955192686
0.001589161602
0.004587649846
0.017466059266
0.004632387736
0.002304851654
0.004434046835
0.004309439758
0.002775960981
0.007287330216
0.004743911151
0.005762168434
0.002842139257
0.002007961151
0.001539197285
0.005498278945
0.009079772311
0.006929693499
0.009235238762
0.002394973624
0.003735786005
0.002278508432
0.008639076258
0.001672804681
0.003607178877
0.001408933154
0.008279763705
0.001588694527
0.007515541915
0.001558283566
0.002151697237
0.001326155710
0.008044404558
0.010558102692
0.009199690453
0.000632790514
0.003372476603
0.004950268175
0.003841955795
0.003088845898
0.011990820969
0.005980401811
0.003073871160
0.004650301587
0.001523645065
0.002079704785
0.007417625755
0.012540084370
0.010019500310
0.001905236586
0.000912889794
0.003689313767
0.006676196137
0.003628301024
0.008283047524
0.022580330808
0.001724612517
0.006608979935
0.003005761413
0.006659096566
0.003682945005
0.002076920472
0.013756780085
0.001481933503
0.001346614995
0.004943696375
0.000723906496
0.002321155281
0.001078838216
0.002636490574
0.003748382658
0.007205836500
0.004472805494
0.001487146219
0.002432658242
0.002445045148
0.001090467077
0.004338279254
0.010491254214
0.015179843246
0.005217113686
0.009805119773
0.010203494874
0.000532860653
0.005026178295
0.006296964358
0.009988201979
0.010345745605
0.007130942323
0.001446606652
0.004079895244
0.003170695874
0.014219683104
0.007098089093
0.003777053282
0.001523595909
0.007224898067
0.001114415545
0.005929175531
0.005394978338
0.010711790560
0.001061879294
0.007100919662
0.009416633023
0.001592560700
0.014433935518
0.000659592156
0.005460075132
0.013582159787
0.005609786418
0.020978999763
0.012261333135
0.001822327627
0.004091980136
0.001647128953
0.005193709446
0.004757237395
0.001626647048
0.001347094765
0.005661032616
0.005048666687
0.004426288074
0.004477559244
0.008321983563
0.003999867664
0.009444213967
0.004289284166
0.005938670263
0.002169406987
0.012311085861
0.003648827061
0.008487685281
0.003205287197
0.002034461432
0.000645926184
0.000993352226
0.000922203053
0.000727770279
0.001774506667
0.001416904722
0.003661983148
0.002406303211
0.003341691995
0.003000819467
0.001052409983
0.001184584177
0.004501468589
0.007160856522
0.008555694288
0.002321874963
0.003405086320
0.003268540393
0.000634395383
0.001072782742
0.001520487361
0.009577005245
0.015355664855
0.004832101686
0.002974575836
0.012523189872
0.005401156943
0.001214657962
0.005203905927
0.004226113380
0.003071565376
0.002788816114
0.031933297785
0.012036612665
0.005028383663
0.001127412900
0.003379389583
0.005141359968
0.003373991757
0.003200838287
0.009421614036
0.002581375543
0.000870473295
0.004085624882
0.002252398322
0.001571102760
0.001356640928
0.002966026488
0.000195960427
0.001895964120
0.005780845566
0.003443231783
0.001974111518
0.004460652806
0.005741031262
0.004665103924
0.001283745634
0.005513200328
0.005295644731
0.026071954106
0.004175669049
0.002732746526
0.005425598555
0.016858500109
0.000267046860
0.018555798506
0.004660783025
0.003096460253
0.015520251878
0.004691966010
0.001930387081
0.001269855459
0.004651795376
0.003018835923
0.004517038748
0.001664874889
0.001110270515
0.004267485484
0.006565745875
0.001834289353
0.001764721073
0.006368437562
0.026292663063
0.013209573041
0.012720014070
0.007780909743
0.002032388694
0.001501529745
0.002627314944
0.001012715682
0.002600954592
0.018711334592
0.003472480513
0.001338437387
0.003589758292
0.002054289462
0.002537329270
0.009253614326
0.003595420301
0.009786513831
0.003199306461
0.029365642936
0.000855192873
0.000845507777
0.001681718402
0.004645500157
0.063879913056
0.010748347436
0.004189221220
0.018513093073
0.011802656547
0.004476346029
0.008457423625
0.004127899500
0.004500342399
0.004420369171
0.003547029238
0.007408912321
0.003864964199
0.004055449646
0.006138391012
0.002461055071
0.012750010244
0.005368241520
0.001044005114
0.002981158246
0.008074255650
0.005204897503
0.005843200890
0.003656278093
0.001121530896
0.003369997355
0.007355454688
0.002547270152
0.003027654238
0.003846106043
0.004000620266
0.001697249777
0.000470567196
0.007123956145
0.005639189026
0.001379314776
0.002021933129
0.001036652929
0.005814634122
0.003887632440
0.028681286257
0.006679091348
0.008740315188
0.002655229597
0.006134689304
0.002008511480
0.005295031954
0.000732159104
0.005734166305
0.002524754772
0.003143594683
0.004927018710
0.010440845033
0.006992555444
0.005886715568
0.011205821544
0.007309012986
0.001748962627
0.000527016890
0.003472812694
0.000544119402
0.001813351395
0.004431684682
0.002473185296
0.008023598104
0.013186547907
0.011015799092
0.004344760840
0.007972261636
0.000578678046
0.006707478705
0.003133121889
0.001866123559
0.005788771513
0.001492056261
0.004949711654
0.012461119217
0.004629568512
0.002551260383
0.001634685060
0.002967672082
0.001559450392
0.002302367196
0.023930154694
0.008466955143
0.011210571056
0.001592547650
0.001960790077
0.023605602176
0.015393579997
0.003232843903
0.001395776541
0.001521819506
0.005580418641
0.004587388411
0.049888929141
0.006031149759
0.003437192416
0.003047059808
0.005148088204
0.002084470371
0.002517222569
0.001239311990
0.001893196827
0.012736253051
0.003800192715
0.009940695465
0.000783947142
0.009432181320
0.002739590442
0.003182031053
0.004499922436
0.006417156114
0.001134304764
0.003071229071
0.010181570205
0.004607729834
0.004337557773
0.003605468994
0.004721730137
0.007763443967
0.006429903928
0.003729838652
0.007663372652
0.001669752362
0.001385579126
0.000880070663
0.004147830632
0.007013334969
0.006109947408
0.002863549130
0.012694299873
0.005317234703
0.001515775850
0.006869281981
0.004450226086
0.007898145971
0.000891292688
0.003595891038
0.004369695380
0.021486293740
0.004679649037
0.001438483998
0.007777022076
0.017246444843
0.003465660919
0.002238972001
0.006918414862
0.001960314378
0.007134559956
0.003520435067
0.018225919238
0.009783759333
0.011777089548
0.004125458486
0.005328395994
0.000918833637
0.004657574397
0.004212873440
0.000757618266
0.009409980058
0.011493536018
0.001414121679
0.005601702812
0.007533918523
0.013050222560
0.009535138610
0.003527228032
0.002323259442
0.003876995255
0.008322090926
0.003792622151
0.010801263735
0.004952605999
0.007975135201
0.001085000689
0.006534645921
0.006486326121
0.002775461654
0.010716786241
0.003976781503
0.001680488796
0.002023101888
0.003881402137
0.005937081897
0.001428767167
0.009247322532
0.002281961079
0.005382228511
0.001905612413
0.010174688857
0.007398603934
0.006274996997
0.003735032288
0.006737997337
0.014522357609
0.002612658999
0.012849353584
0.004341404975
0.006190013588
0.001443601188
0.015493476772
0.007098079406
0.010445711341
0.002921138061
0.008494250357
0.007246663635
0.003851623610
0.005076283859
0.008821281926
0.001329836564
0.005534645984
0.003652321873
0.012540761935
0.002199067108
0.009260272430
0.003123812835
0.007998567511
0.000073640204
0.002743277783
0.008957451737
0.000365631336
0.004129762545
0.000000000000
0.002563604818
0.002285078142
0.006214415266
0.002334168050
0.001041454784
0.002854117871
0.002549864502
0.005583375538
0.001272799019
0.013682115592
0.002017475465
0.010123400255
0.002447798522
0.001932842654
0.004556297719
0.005220536892
0.001318275039
0.001930045472
0.004548869056
0.004794325786
0.003824560401
0.007254112974
0.010215928914
0.001145652143
0.006776976835
0.003702794838
0.011029782348
0.005799415507
0.005306994504
0.004879238538
0.008231810280
0.001925076746
0.004658444671
0.005762141826
0.009423713347
0.002719892686
0.044211134959
0.005196565094
0.003480391639
0.004872557537
0.001613773535
0.007383106341
0.003730106738
0.009346415173
0.004212121756
0.003881651860
0.004187272353
0.008619979199
0.007487810636
0.004488453429
0.017826243565
0.004738082640
0.002761927114
0.008499740373
0.006418814034
0.005470627457
0.003672264038
0.008719165736
0.033017991908
0.006337254009
0.007256753645
0.016808966325
0.014690675307
0.007145553705
0.005230754237
0.002017860617
0.007059389938
0.001192271112
0.001256537720
0.002798547949
0.001276853187
0.006544583698
0.000773090305
0.000869998976
0.015466152015
0.005120140285
0.002874159915
0.009937580600
0.002745472736
0.012051503428
0.004027126113
0.001304785180
0.002136946240
0.005941867597
0.002139295024
0.003052881878
0.010164200335
0.000206502430
0.004142209496
0.016320666155
0.001358963079
0.001898034616
0.003322450375
0.000664639378
0.002869237413
0.001533320276
0.002059976314
0.016297270234
0.003743915870
0.008671981094
0.006151002431
0.016104075277
0.007736838665
0.030192146564
0.069896237904
0.004300874810
0.000606009876
0.001526140182
0.005326277057
0.002593838401
0.004501999859
0.004448021466
0.004498392686
0.012490933160
0.004788690805
0.003373863506
0.008408144705
0.004769615547
0.001240797732
0.005780716598
0.007676433946
0.002139857733
0.021772311511
0.003924404520
0.015059973953
0.001715078100
0.015447065110
0.004725708387
0.007005215226
0.003356124074
0.007334980335
0.007270328167
0.003457543928
0.003298748837
0.011265451176
0.005273035820
0.008328523636
0.007299921558
0.007932967668
0.003190094554
0.016941623124
0.006348852293
0.007810376030
0.003613399483
0.005856529180
0.002839823170
0.002877858246
0.001877463417
0.002083531821
0.004824862746
0.004948917467
0.003296897670
0.004177226951
0.014155616620
0.010704820204
0.012764208159
0.003129232869
0.003154112635
0.000458184581
0.005697264958
0.005484778559
0.011413173250
0.001264402537
0.004680475877
0.003533153142
0.020830420716
0.006965825832
0.002641227164
0.001232956570
0.003194253850
0.008473439715
0.003605197879
0.002060096413
0.002576405109
0.005932714469
0.003477365216
0.004554580795
0.014316906846
0.001426068206
0.020203082468
0.003231876291
0.002295785359
0.002132824664
0.003728138559
0.005316058766
0.002388612266
0.004657116690
0.001921108915
0.004190348592
0.012472689759
0.008277178262
0.005140808912
0.001565919629
0.003309949503
0.000901029948
0.001592142718
0.004799841266
0.001985661846
0.002534753793
0.002846028560
0.002432566458
0.003833527815
0.004405668569
0.009132777442
0.006935851240
0.003841402293
0.005956889231
0.008023763346
0.004678366228
0.009422475091
0.005941506184
0.005194806614
0.001593597020
0.006445779138
0.003079837861
0.003051904621
0.003218017051
0.007879447039
0.032193196400
0.007400933473
0.031168840334
0.001381164386
0.000535858465
0.002478897338
0.021655767581
0.009595398116
0.003435440459
0.027875457010
0.004618222285
0.010442576243
0.005768585300
0.001590676910
0.007566606297
0.006164788212
0.009953291656
0.002929558019
0.002855083723
0.002587845279
0.004110428891
0.014851627005
0.017717789515
0.005468514451
0.003200924580
0.002482834848
0.008373030656
0.008435092940
0.001098812699
0.011305552254
0.006480205450
0.002895246183
0.003316398281
0.007800801758
0.004313878073
0.006081155233
0.001416097223
0.002195388401
0.015666526987
0.003622560282
0.003963381948
0.004755301775
0.007677631572
0.001351845642
0.002113833762
0.010491914731
0.000770483950
0.006477998394
0.007400263929
0.007443393597
0.004702702285
0.004643650011
0.006709038391
0.001706265443
0.008816593411
0.001440279484
0.014255359852
0.014212761690
0.002425309690
0.002243460522
0.000247034648
0.003784871155
0.003982893645
0.000862024214
0.000732777442
0.002054437864
0.010589988844
0.006738797722
0.004579606098
0.004114453957
0.002457265178
0.002472980989
0.013881272298
0.005114524979
0.003669934587
0.004576212657
0.008562631849
0.005275388289
0.008369374931
0.003282471207
0.006152400976
0.005743959179
0.003114765373
0.001789848695
0.013597554598
0.007132081214
0.004549257726
0.003016569173
0.011903861541
0.004428183350
0.003052013519
0.001932233295
0.005895921538
0.002782215201
0.006864879165
0.007218982389
0.013434049103
0.008904446290
0.005192486393
0.025188065985
0.005209133362
0.007946122533
0.003724689537
0.003805882769
0.006843064514
0.006495100162
0.012780325912
0.011633546786
0.014877431338
0.013170392898
0.001865741428
0.016280861635
0.003959350810
0.014947379631
0.003863937721
0.003465637500
0.003965056672
0.007738315419
0.004085788398
0.025247048850
0.012745123354
0.010991919513
0.003779601476
0.006620530281
0.002964707672
0.010841579389
0.011374859431
0.029351301077
0.005796794385
0.003943744001
0.002455758962
0.005645044796
0.007139598001
0.000801073218
0.002174611334
0.001912373014
0.003541664852
0.005595649275
0.021510027014
0.010190385717
0.003380915902
0.002729099235
0.011703221643
0.007044196046
0.008282997636
0.004064429303
0.002562189056
0.006889099024
0.009763233305
0.002775855997
0.006001024164
0.003551925477
0.007557056131
0.012627926719
0.001384234502
0.003975124551
0.003680026697
0.005258149220
0.002507351454
0.001807138417
0.001741644847
0.010239373012
0.007328171098
0.008488341497
0.017775590705
0.001569706660
0.006716402538
0.004856287461
0.006381594807
0.002968588486
0.022726886054
0.007442861706
0.004961921486
0.002175014027
0.007119399142
0.017765590513
0.013857541757
0.017977305026
0.003380498133
0.001765559987
0.008641833035
0.019939041222
0.005607193619
0.005709369926
0.012357030690
0.003064547687
0.001299985516
0.005597300875
0.003988944602
0.001774313525
0.001643888434
0.004138797373
0.015124160491
0.003509577631
0.016550698572
0.001931818056
0.006633474252
0.004158080485
0.009683116295
0.004086536471
0.006982315514
0.009177955935
0.003711084325
0.001537801142
0.009359870292
0.009322068874
0.002437369832
0.001340154053
0.005549036151
0.001366366733
0.003727178950
0.002175989922
0.008304039228
0.002921745924
0.004016553321
0.012071026643
0.001065638943
0.001907735167
0.014392558351
0.007642521674
0.004314619376
0.004153774777
0.001899429627
0.002990974420
0.011880181356
0.018523090738
0.023925548465
0.009463652212
0.004502322190
0.008375779261
0.006426223834
0.008557001413
0.010498849438
0.005180412392
0.001798300565
0.002267763345
0.001734899290
0.010982125642
0.002735192665
0.001025755282
0.006181797153
0.001833266855
0.001368820009
0.004958577966
0.006357922752
0.014289626030
0.011005075197
0.021434546181
0.008358596877
0.003544317882
0.001830905528
0.026320807723
0.010386550996
0.005074514663
0.005822518166
0.004603237742
0.015980923650
0.001333962399
0.001345585525
0.012151439584
0.001580957392
0.003569790775
0.002080454134
0.005835172382
0.006219936165
0.007928012446
0.013926273752
0.004280044726
0.001256764671
0.004137300745
0.015445510986
0.006150371810
0.019822059699
0.004439419938
0.016915171364
0.004191613084
0.032610253083
0.001780173594
0.016443436036
0.004829860022
0.002083765456
0.002987254855
0.009166998044
0.002000527929
0.010221503081
0.003580085000
0.019011392497
0.019542970932
0.011384723076
0.000988143624
0.010016562288
0.001696005381
0.008095122690
0.008119800643
0.002510161780
0.005455963333
0.003235616329
0.004937690013
0.006221956848
0.002356718025
0.001673857367
0.006475141873
0.001466442214
0.002978834858
0.004095388896
0.008741517287
0.010609936998
0.008328091646
0.002282093346
0.006408350461
0.002970724499
0.007519367845
0.004553417505
0.005288054081
0.008189106561
0.001117633578
0.016112851507
0.023957464934
0.003434599931
0.002959668460
0.008389426884
0.005526117227
0.004339551964
0.007918978240
0.006419402141
0.007520686440
0.010726867953
0.005799147102
0.001614423464
0.002755292602
0.009365554667
0.007405433995
0.006270012895
0.025439501531
0.008280603089
0.009930103096
0.022352284419
0.000705463137
0.002422415142
0.005773414928
0.023382060895
0.008428623158
0.002219016394
0.007556667749
0.002751028220
0.005575605980
0.004666620364
0.003302104194
0.010089271971
0.004152378249
0.009978639743
0.006054987425
0.001422583943
0.020131635130
0.007571154849
0.009370665151
0.020876719265
0.006493451179
0.003339315538
0.003599172524
0.002992308621
0.006696293654
0.006338859827
0.013714931668
0.006665855840
0.017110379315
0.003929523916
0.004234134370
0.002480144709
0.006435170468
0.010731339183
0.001689892403
0.004980060298
0.028709768714
0.005581758133
0.004901567271
0.004602501417
0.003164690565
0.003014589325
0.004483425815
0.003616899346
0.010355519192
0.014934028464
0.008819588977
0.002361963729
0.002023921522
0.007322805768
0.004702021618
0.001615540263
0.004536979444
0.004522970326
0.023571689128
0.006367938326
0.004468464755
0.007652433708
0.004159232191
0.003670659748
0.008184671011
0.003525568612
0.002232284809
0.003610025700
0.002782158856
0.021826062550
0.010246426166
0.005742331474
0.004490245348
0.003323180155
0.014023838545
0.005291561676
0.009242577818
0.004715462151
0.010950910576
0.006674625428
0.005325614505
0.005220759768
0.007672219522
0.005617451784
0.001312223576
0.004487191254
0.008943996820
0.011328740744
0.005793310898
0.001181882628
0.005083915621
0.004816978497
0.001367734381
0.014253752913
0.021523022524
0.012065862898
0.010395770718
0.007690703449
0.016156482347
0.002967925400
0.033692511258
0.006092128979
0.005391984219
0.007947626859
0.015235698871
0.007484512908
0.015165512961
0.010604481095
0.003443550315
0.019007615340
0.005915624698
0.002309904916
0.009295859458
0.001221637320
0.009944076436
0.003995109525
0.002368199935
0.013019558121
0.003783268194
0.023396562321
0.013846744707
0.008970560066
0.009005887136
0.002503347003
0.002165520192
0.001626416698
0.003945070321
0.004854105326
0.003899834401
0.001507570540
0.006347870960
0.003655676250
0.007819791009
0.018378336793
0.006503950325
0.002589879913
0.018640922810
0.001663281480
0.020946943038
0.001960414323
0.012445899827
0.013964852853
0.010216398384
0.025703888202
0.004826055412
0.009278879093
0.017365472709
0.003913696960
0.006779119262
0.012905849019
0.015976220913
0.003008343267
0.004414207791
0.010342928125
0.005509918136
0.006255077364
0.004296088326
0.035052541769
0.010867437086
0.005342854566
0.004750593039
0.001952223706
0.002783296979
0.003076539020
0.005166268569
0.004014667629
0.013087572177
0.002452850817
0.011721064451
0.005400092215
0.007134322446
0.007149494420
0.011591232381
0.010317617334
0.003562161248
0.007525300643
0.005746051309
0.005953999726
0.008373705570
0.013529794668
0.002338175426
0.002381682105
0.009122102540
0.006143454738
0.004294912315
0.006772165715
0.021085108494
0.005148470117
0.003675142965
0.004526115123
0.004547368447
0.004881537034
0.009470357583
0.009912325241
0.002268384521
0.002826746161
0.012698296611
0.005218274354
0.006824354712
0.008622767944
0.002918473978
0.001162470932
0.029264613542
0.002375923739
0.055741996305
0.036641098199
0.021599456047
0.005470009284
0.008915245276
0.003270262405
0.005406212868
0.009603363360
0.010982829182
0.002756406654
0.010878971499
0.006196238382
0.004256905144
0.001939154565
0.006823507029
0.005988195774
0.009088657247
0.001550756416
0.009006039025
0.005781884105
0.002554709844
0.007099793396
0.003324415470
0.010334120539
0.017878314562
0.002917529973
0.003025747951
0.011549810091
0.000781516748
0.006347432913
0.005698501356
0.001407058401
0.013728220912
0.008029097999
0.002685289839
0.003278316348
0.011764226989
0.003563808041
0.003968124602
0.002810740871
0.009302424821
0.013920757837
0.007198059205
0.010886716076
0.007079888929
0.002549780969
0.008688752761
0.009509129610
0.002368096468
0.006241918331
0.004764133724
0.003270955709
0.002949097265
0.004894703785
0.007782726467
0.015389064278
0.002400333885
0.001908330117
0.003287744948
0.020202635247
0.021265355742
0.012769649321
0.001835317987
0.015031889860
0.004258694591
0.026272757054
0.004433985251
0.003934579695
0.013352380586
0.006789991611
0.022555487464
0.009969794030
0.005878035972
0.006313143039
0.002193084074
0.002395226269
0.001844668300
0.008471393100
0.004374612693
0.004119163635
0.008146184309
0.004234202058
0.005045301890
0.021135449584
0.005961750923
0.003285212709
0.007671413187
0.009426445291
0.007921749194
0.002627122285
0.017342262899
0.016119269545
0.004090199175
0.003593242629
0.006496453541
0.002226706055
0.002286821246
0.007565180045
0.007111397862
0.041577628313
0.006760094577
0.003096657228
0.011055533212
0.008396475595
0.004713298505
0.005019398230
0.001389289286
0.028773635678
0.008447356979
0.004473345634
0.006578369639
0.016253720978
0.000730387167
0.009502194919
0.004119412668
0.009054954227
0.003057823425
0.017915785325
0.003037989879
0.006472347101
0.002389341391
0.060532249621
0.003836827409
0.009925470931
0.005641102401
0.005646571884
0.003989135992
0.005275991021
0.001238580964
0.002977004996
0.020026058636
0.002689684969
0.008984742267
0.005050743083
0.011298556836
0.009843438624
0.001256744484
0.008984040991
0.013167556968
0.002646676914
0.018918418563
0.001002925425
0.004857700772
0.009512367867
0.007947411878
0.019778512497
0.042130948905
0.008617705633
0.036653469761
0.007859559947
0.022804681962
0.003697152700
0.014031854362
0.025417357099
0.011660839838
0.003693529740
0.013458797604
0.032681213871
0.012528953592
0.006758103797
0.002342104095
0.015821540076
0.012759432361
0.004116010289
0.002017864082
0.017190717703
0.012052180688
0.008087501933
0.018455163753
0.005146571550
0.016319902771
0.007231242833
0.006311308590
0.008902989741
0.001378441911
0.008896876958
0.006632608312
0.011122463886
0.002948073213
0.021234852019
0.012001660621
0.004836525250
0.003752689129
0.016791087605
0.006743821910
0.003669617824
0.003781001647
0.033524137165
0.011997795887
0.004960091377
0.008843530371
0.007458334711
0.004542088666
0.003984035004
0.011031587457
0.003136717632
0.008544681344
0.024504478218
0.003396061035
0.014373185568
0.010538829563
0.021781174769
0.003552700244
0.009157126043
0.002567868523
0.014438932098
0.008752588669
0.013679489231
0.010206555571
0.002926115436
0.001760822401
0.008327044750
0.028385393681
0.012797915765
0.015557812566
0.013386474303
0.010695860467
0.001852604195
0.019872896961
0.009244867471
0.003149759151
0.009146622910
0.007471192330
0.006941437555
0.013094418149
0.008869996108
0.039125628485
0.002405607719
0.030028909480
0.003553808805
0.005337398424
0.015492844197
0.007601490288
0.004063604065
0.005129700391
0.009748085495
0.016292712021
0.015389343616
0.002878481914
0.007521269245
0.007091800933
0.006137758489
0.031645333686
0.002938655519
0.002004860143
0.010276922331
0.003097158576
0.006232684474
0.005449526919
0.016827547091
0.005351075003
0.002524363457
0.005547144577
0.004007344214
0.005983930603
0.037968901199
0.005987796979
0.011056930695
0.005970222667
0.016207225258
0.007409018225
0.008864270463
0.049644572464
0.005254655030
0.003381258692
0.002889259127
0.006168027474
0.009324980945
0.034182049181
0.011324518020
0.017812841621
0.014460628687
0.015529390205
0.004392130739
0.007360626254
0.011419385767
0.019869367838
0.006976921957
0.000996905914
0.005731754327
0.016504035534
0.002741003535
0.005214469353
0.010570593786
0.035219746909
0.007420395013
0.011190391535
0.015510454799
0.051822729654
0.003933806275
0.000670829530
0.003083876083
0.040754900471
0.003405467641
0.014687863579
0.011954688155
0.007215633859
0.004197537695
0.008619403562
0.004136042644
0.059658938963
0.003843245877
0.007997387468
0.012555844017
0.004709878934
0.012571359969
0.018863785744
0.007078819628
0.003073102522
0.010560315537
0.016727288187
0.013514918943
0.005810032548
0.018481792725
0.002538807912
0.046961030037
0.002588597182
0.004321782178
0.003611470286
0.002406942319
0.002722564214
0.009034211726
0.010258907770
0.019157567341
0.010705912161
0.003828232866
0.037558692275
0.006855310776
0.003509289724
0.007085388290
0.006975837841
0.005338480873
0.002247038344
0.021860322389
0.006804254841
0.003320545444
0.007439188989
0.007435689498
0.041743661486
0.017819163654
0.014468950309
0.011008612263
0.001339606752
0.003303201837
0.023871605801
0.011763063229
0.008320961634
0.002578618012
0.017396916051
0.021728662330
0.007717294927
0.009774667195
0.005488676920
0.005539451799
0.018743927281
0.005302673002
0.007625746404
0.001713385387
0.006256140602
0.008082577410
0.015337845619
0.006571194168
0.007021237248
0.005903040900
0.010837032092
0.013382604273
0.013270064250
0.010056265618
0.003732209351
0.009267393327
0.004136516251
0.011268526270
0.008043821103
0.013951531311
0.009690636410
0.004045510187
0.015133132105
0.006724312484
0.012469118614
0.005682509698
0.005110467784
0.003185514435
0.004874581212
0.008739657094
0.012923530390
0.032173994258
0.001931176689
0.003163968155
0.001333430791
0.004309706204
0.002997078903
0.004727402889
0.007009634405
0.005692641525
0.003618617218
0.009345032963
0.019466998152
0.004159790308
0.005180242716
0.010129429979
0.003789350757
0.002342881677
0.006345254415
0.021719943060
0.003828805271
0.018292997687
0.003411370576
0.009474197107
0.003492397833
0.010663248532
0.003867654402
0.013347052247
0.014001235293
0.011966186816
0.005811144033
0.003980764311
0.010175683286
0.006584064630
0.015381229208
0.002688542600
0.003978374639
0.018648483442
0.006063789280
0.031202089896
0.004991589506
0.007518740414
0.003569688015
0.008272962407
0.011201134988
0.029067834124
0.008422147158
0.009545181349
0.003470102599
0.006662010552
0.012683330467
0.019706756849
0.012865481475
0.013523666959
0.013577398163
0.002385712760
0.002261815066
0.001629211704
0.012009922079
0.008721627695
0.011912412025
0.005829299844
0.008954006440
0.003035577244
0.009820310980
0.005415647891
0.001812656974
0.010188877467
0.039077236207
0.006736940065
0.028965369919
0.008219732254
0.003832658864
0.027491918523
0.004164871435
0.011031757061
0.016619077034
0.004131862480
0.011239202101
0.020916495901
0.008782806232
0.006734602666
0.024949354336
0.005085319302
0.006967841548
0.003382973012
0.094200353651
0.009134206384
0.008616246676
0.008747874815
0.011994023613
0.012536107930
0.005131314413
0.003744527530
0.015975675609
0.007767851488
0.003932067262
0.010758329752
0.013949303426
0.007533795744
0.004889429252
0.023932786882
0.032764438271
0.006520464095
0.002347005372
0.029578590569
0.030106010234
0.013991012199
0.011386018758
0.004654226575
0.046727081058
0.019649080933
0.008346306787
0.024940643854
0.004099213162
0.010498346335
0.012362706886
0.003024355452
0.009292595645
0.005646936732
0.004139805195
0.007712897142
0.007090806926
0.011871774344
0.004407808773
0.022540321181
0.012923582125
0.008673856720
0.003301293980
0.010210784306
0.014354579415
0.010736505486
0.003991585856
0.005152670482
0.012455229344
0.012480669355
0.009929614692
0.014065126947
0.008112231376
0.010121573160
0.001963333682
0.005896106052
0.010724984781
0.040654942174
0.003472460207
0.004112213769
0.002301831320
0.015099009050
0.009494230022
0.005363838346
0.003082624752
0.007160708677
0.018553308478
0.007219824481
0.022809016951
0.033037257478
0.007668971699
0.005038626523
0.004482613455
0.003595286143
0.009494628359
0.003743694153
0.003842980718
0.003726071336
0.021008799963
0.035694616698
0.005288232049
0.006171040458
0.021299606749
0.001709807384
0.004905573012
0.007256191609
0.006715152938
0.005284777560
0.003975092975
0.004712615593
0.016398917314
0.010258187111
0.006436844368
0.020980437378
0.003775370132
0.024275142955
0.014961241740
0.004399489113
0.015467537139
0.007442848229
0.010816117718
0.021994571214
0.017017838173
0.016861289360
0.006476393519
0.008428005373
0.011725019309
0.007333516439
0.011249186957
0.005213783311
0.007073539674
0.003558670780
0.004707436081
0.003967485673
0.012568391710
0.016391767069
0.004817527785
0.006595671716
0.007677095880
0.005757620152
0.012422786140
0.012603758588
0.008647310414
0.005429087650
0.005242191630
0.025632522494
0.004839373408
0.004336135311
0.004411022325
0.029336771629
0.014766821095
0.004979263092
0.035458422765
0.033843345277
0.004333422378
0.003288536562
0.028590386846
0.004750972089
0.011802416167
0.013518323035
0.003141648988
0.016886305777
0.012687943310
0.008819199466
0.007707388791
0.005578791267
0.009489323153
0.002919770379
0.006475838178
0.005771030749
0.025028784009
0.002963357718
0.003311323216
0.007177040703
0.006902049050
0.008357686472
0.008639679873
0.026102425706
0.006329880823
0.011831777508
0.010363066092
0.006648650900
0.010861893196
0.012419137605
0.007956505631
0.021692793372
0.006156412695
0.001070927653
0.002616748407
0.000932919809
0.014546802373
0.020675745907
0.006519681964
0.006266932116
0.006886658799
0.003156485952
0.016952371335
0.008728816796
0.007106877074
0.020450277500
0.009116091921
0.006141558325
0.006388318692
0.006576072898
0.046110308777
0.005761460460
0.039282471534
0.004650650892
0.002071012689
0.001976286571
0.002769907708
0.010935125949
0.026868687247
0.043531538732
0.001100008444
0.012822318947
0.004236770807
0.003893230770
0.003883715809
0.002449304138
0.005838322819
0.002806546741
0.007425254988
0.004358609353
0.012305029079
0.009053625263
0.024401172376
0.007507886843
0.011828857137
0.002486683805
0.002988310749
0.005052644524
0.005032888827
0.004806402054
0.001957216802
0.016025944336
0.014028719078
0.002758102987
0.004110091348
0.009677241929
0.004047276929
0.009942080892
0.006075654382
0.009550320337
0.007950058442
0.004130778387
0.010039115549
0.003197679654
0.002584865674
0.061475433179
0.007769278990
0.006052295131
0.008469230831
0.005663208291
0.009272056674
0.012155044750
0.007801255278
0.008590264876
0.008345341738
0.005066471766
0.014382490634
0.020823482285
0.013597094242
0.002681443360
0.000994006532
0.007390721433
0.003549756068
0.002375267641
0.003744305563
0.013941845783
0.011800050501
0.007608616480
0.006236757888
0.009051593985
0.008826377849
0.003836674728
0.005647397783
0.003627470187
0.012908216880
0.039154806821
0.004334816420
0.013932253534
0.019330482116
0.003832666172
0.010907767367
0.052172862836
0.006192698758
0.043699061542
0.006730452653
0.005606619506
0.004921723661
0.007416803919
0.009707573261
0.013957362848
0.013508837528
0.000697463990
0.010950488418
0.022585720889
0.006007775619
0.002274315631
0.006189895350
0.014194079371
0.005522386247
0.002127632596
0.007943688820
0.004776196169
0.007240104120
0.008319341379
0.044199148901
0.008098746888
0.011171419570
0.001805551523
0.009531062363
0.004035271659
0.011004757493
0.011555975163
0.006558446344
0.001992035743
0.015034935765
0.010550335204
0.005156336241
0.021976485132
0.002198267055
0.006196146289
0.003473939267
0.002023803143
0.007515415965
0.001934224619
0.011252841657
0.010708768630
0.003219136277
0.020949413755
0.009597588337
0.002185062047
0.004549367355
0.005712799140
0.004769253011
0.003372054260
0.017585479402
0.004665052038
0.014050447001
0.006410246823
0.036751935916
0.027088596631
0.010070237653
0.013649780146
0.009799312126
0.003220574237
0.006909270535
0.007562624784
0.017046796107
0.005275918136
0.024361196396
0.006182641768
0.007824069113
0.016957194977
0.008027733943
0.007997295133
0.016891913211
0.009239076265
0.005813828041
0.003934933001
0.019715336484
0.009841998553
0.004633980906
0.015361064371
0.005027001561
0.020305488217
0.017373595537
0.007182632816
0.013804510793
0.006765896039
0.021131576890
0.003679150737
0.001442475599
0.003859115919
0.012011938207
0.006508946362
0.010230958600
0.002141817570
0.008560294644
0.003820508502
0.004072336837
0.006483304782
0.000394228504
0.002209409351
0.003604319820
0.006173052501
0.019724115732
0.018416821714
0.009419349100
0.001678923312
0.002605699281
0.006331283692
0.006891025996
0.023670230740
0.002450631409
0.003645200622
0.006487161313
0.003249931452
0.003628668553
0.004869190822
0.004704291380
0.014018867930
0.015926661272
0.001956173742
0.006861222562
0.009273476113
0.021488949269
0.016493615295
0.019134789968
0.020014236091
0.018073668797
0.003239953679
0.005474695916
0.003777936339
0.004541575444
0.005720448471
0.002199142871
0.010038153526
0.004507939651
0.017642243403
0.011272757889
0.009034920075
0.015549511457
0.004947320275
0.008006079596
0.025621001711
0.005871248437
0.005952702611
0.002504677786
0.005529268648
0.010281058102
0.014172262226
0.001817887225
0.011446267772
0.017037872689
0.002338670013
0.013749294123
0.012362223264
0.002895877249
0.007413353518
0.018696258235
0.012480711063
0.008749741451
0.011581104840
0.006014609009
0.013245372450
0.012091278523
0.007564828977
0.007822808039
0.014393695608
0.030867008076
0.084520058504
0.003550788514
0.009547111794
0.009791835394
0.006236755280
0.005640018739
0.005088840205
0.018445662013
0.007866478795
0.017479090647
0.019915319688
0.005957315402
0.012878790903
0.006698906753
0.012491924051
0.011217794208
0.012537444340
0.006541459239
0.012890356942
0.010631230530
0.034057169772
0.003464481332
0.011105384600
0.022275050433
0.002982090290
0.003127060667
0.013488549794
0.012813642615
0.038966869362
0.007670158945
0.004374021313
0.003664021806
0.002733844529
0.002484935474
0.001274105090
0.006885160177
0.010626508957
0.003838695125
0.016310919601
0.007607373543
0.016865377212
0.007482714628
0.035157834514
0.007841449330
0.006382686976
0.011977878367
0.005918754100
0.007314321679
0.003598145266
0.005212345977
0.002890588165
0.037333076711
0.008229372372
0.005590032141
0.009996145766
0.057525640599
0.021032507573
0.007800933560
0.009765510823
0.025171846450
0.025076560785
0.010343809413
0.030010094317
0.003523262653
0.006849546798
0.025275375493
0.014938346992
0.011510728012
0.012657137465
0.010485060139
0.009089503975
0.025327021459
0.002971369128
0.006058751611
0.008383387488
0.014881435488
0.009841077402
0.028094134235
0.001858754155
0.002980216168
0.006233693173
0.022764153147
0.011243961536
0.006214946934
0.004491618406
0.030599336460
0.002617289281
0.009648578967
0.011549243328
0.005557737583
0.007087643119
0.006662986696
0.001289864106
0.006272876434
0.006665011556
0.004480290937
0.008331579903
0.014024601763
0.007426387929
0.001204748202
0.014817968896
0.009239647144
0.004581720618
0.021423144876
0.023890624347
0.007335612737
0.013552830066
0.002665327043
0.004598181901
0.010641787367
0.007461532459
0.009403294696
0.003821202670
0.013505131314
0.008027765757
0.000758585137
0.010660796468
0.016338975149
0.003091887726
0.039666886728
0.002845081419
0.011080234084
0.018798411820
0.010974012193
0.092519360897
0.039252245068
0.027507202890
0.005580520639
0.008823075574
0.000935340538
0.004530891277
0.005653536469
0.009951742220
0.017189801940
0.052193737855
0.003016819492
0.005694044522
0.004664401559
0.019749050369
0.007998690947
0.033441777813
0.003282117126
0.012323657424
0.012726020509
0.064638728180
0.057548862667
0.017168142992
0.003871871010
0.003689363895
0.004028332943
0.012855377506
0.011323894039
0.010047852484
0.023007959070
0.019155769880
0.011354293980
0.036903860934
0.015868567118
0.007667327122
0.019558629536
0.008291300432
0.001902818339
0.021552479056
0.002806091132
0.001731505709
0.014577475392
0.076341444087
0.010641958334
0.004515074494
0.009034378197
0.026092032613
0.014505007393
0.007800438887
0.005380356129
0.007986300331
0.001929222486
0.007693257129
0.024454773964
0.016477052122
0.014950304166
0.045151559506
0.011733413400
0.004007069848
0.004808478112
0.031700040321
0.020007369060
0.015744394653
0.003036585651
0.011428042967
0.004601811555
0.010108492385
0.003342906706
0.014358490356
0.005581273895
0.014151918714
0.013092972866
0.004589412435
0.006979625893
0.015503221007
0.027228152093
0.028834115710
0.002917038573
0.006557054706
0.004434986443
0.007452607820
0.007009835172
0.006346997539
0.002057509188
0.009469245552
0.006708085720
0.007440763083
0.017541777358
0.019032288456
0.034808644879
0.042062245888
0.026366951847
0.003391501354
0.013421395587
0.004841589139
0.014743091424
0.017769890829
0.017020127599
0.003389989286
0.007806617668
0.014555172869
0.003165895072
0.043291808937
0.011403515351
0.009322451670
0.006803121512
0.013757256476
0.030578041799
0.003075269252
0.043664330663
0.009368354825
0.005858300625
0.005526932317
0.029478655099
0.005026216543
0.036483104492
0.026307834082
0.009303635985
0.007417597274
0.012304214395
0.018528322201
0.012997548475
0.032441644136
0.004960795653
0.007259879182
0.002827225979
0.010977514678
0.011900061342
0.010319448156
0.003863059397
0.000857604472
0.040705982316
0.026680509737
0.002741269641
0.008886592111
0.015709900212
0.014862688813
0.008060914152
0.004695134419
0.010228207417
0.012293216121
0.018389497423
0.003187637848
0.010192466076
0.004466774198
0.014981696363
0.003682299557
0.002206594161
0.016659581983
0.042801546929
0.014228413985
0.012421156486
0.020546843482
0.004434617697
0.012396213362
0.010148718006
0.014716783540
0.007111119565
0.007260535344
0.013060551263
0.032209172198
0.008619393781
0.003171685651
0.012405745349
0.009605499706
0.018007147633
0.010656735618
0.012152703952
0.009712126765
0.005534385984
0.024901472791
0.003450985669
0.010883584881
0.002672049431
0.007026875827
0.007682015710
0.002420427944
0.016919927144
0.023726997381
0.005856232540
0.009693875662
0.013487442867
0.006195830540
0.006656390392
0.008032358060
0.006447796967
0.025637662124
0.023202013803
0.008748668140
0.010658643406
0.006839684514
0.008806840353
0.027020417594
0.017874118408
0.007811763528
0.034087595058
0.004014842548
0.010725588854
0.003726386354
0.006620963663
0.029981639119
0.009871936839
0.012116237591
0.034407446260
0.017909203459
0.025834555186
0.036343928851
0.018458035567
0.016357792606
0.010622691314
0.022847770517
0.007883379570
0.005144101538
0.008892927050
0.007930225007
0.005283793880
0.016750718070
0.006143452164
0.015616995244
0.020702805867
0.001391108404
0.003006807289
0.008207408441
0.002523730601
0.018577371771
0.006665761754
0.025506630833
0.017021701482
0.024805331587
0.005999457616
0.011809702056
0.029266786444
0.018119832620
0.005029617128
0.010024563550
0.008349053417
0.009150664727
0.016957847730
0.007307787484
0.032181765814
0.012793684455
0.085266176276
0.002944199073
0.011154839579
0.003343884569
0.013634196954
0.022376625077
0.008460588535
0.004523386501
0.015395402342
0.007306330827
0.013926684314
0.001444759077
0.028258379847
0.014246963589
0.005423709379
0.004377151608
0.019303121220
0.012124389541
0.005792076596
0.038920140931
0.030798280189
0.016080597680
0.007100272818
0.021436961690
0.024366410111
0.026232895321
0.061483819754
0.002458516302
0.010397312054
0.011747779278
0.005827046307
0.014403505178
0.038066198968
0.002690388200
0.006714537727
0.005081339288
0.004271625455
0.004035633019
0.016324908935
0.041427947130
0.000784500598
0.022960986281
0.009406864939
0.011456425216
0.005543335596
0.002796332874
0.005928586943
0.011081369127
0.048729299233
0.015162939061
0.029308024254
0.004470258330
0.001994846805
0.004450128313
0.007308683539
0.011366017217
0.005196563177
0.011335006518
0.011216450793
0.008699982507
0.005593867961
0.012240002806
0.020024452820
0.007321342364
0.010995550218
0.003511092293
0.005968499191
0.006417003422
0.029634018630
0.024593006478
0.022006470707
0.006101043540
0.008386713249
0.028239077280
0.001680778338
0.007348186231
0.018210617988
0.037092309815
0.009113647388
0.009958984511
0.037581271945
0.004224957523
0.007288346270
0.005611414889
0.014769238494
0.061571805822
0.007461538243
0.045643272486
0.019904357138
0.015277821918
0.012349207989
0.004942113997
0.023347266613
0.000440912573
0.013176926071
0.020070048750
0.003893084227
0.014149964372
0.021763715875
0.016247499037
0.002668625660
0.019979941967
0.023335864751
0.002259474353
0.004180358987
0.009021352841
0.017033150793
0.033107255168
0.008675715849
0.002426536085
0.016265976433
0.008317021118
0.010410567954
0.015962786788
0.015067240774
0.008186483412
0.004436685188
0.008753036896
0.009442401067
0.009624664948
0.013345228623
0.024091117390
0.006515356395
0.002910552675
0.017789369968
0.015834846138
0.017896827842
0.005172492459
0.001716529813
0.009631493985
0.015438819991
0.002468583888
0.009665902359
0.009817402098
0.011054963568
0.004757192739
0.003538038669
0.006561007090
0.016099249801
0.010684083161
0.008775064608
0.005735864551
0.014611745050
0.003532278087
0.021696369782
0.033572858487
0.019347844424
0.013519874535
0.018047838286
0.005972033311
0.008783363068
0.011786819618
0.006176568904
0.006285483320
0.006655765123
0.005574929780
0.004914571618
0.014254558705
0.020762969945
0.004427988606
0.041721379589
0.039307814114
0.040752410251
0.006831826601
0.008737222259
0.004600672331
0.016533544257
0.004404275996
0.021132635560
0.003287957607
0.002740901483
0.017923983058
0.016500172963
0.009961325431
0.026793906388
0.021285618219
0.004641843383
0.002586634942
0.008736242768
0.073756258488
0.021569833106
0.014286420486
0.003756844368
0.014040239612
0.008968480333
0.063188629907
0.006042878191
0.018385225520
0.011479280474
0.008466245696
0.015577906867
0.002522348664
0.023502271406
0.032243370047
0.016207515952
0.020466083553
0.005724978375
0.011621246010
0.020404912981
0.003250831127
0.042907450474
0.004656453488
0.005387191760
0.016670741942
0.019193470923
0.005654220103
0.012928405841
0.015608332220
0.003618936620
0.008230575030
0.061243237166
0.005722902245
0.017174829518
0.032865410379
0.012077695861
0.011053754625
0.029289295914
0.004657650750
0.033187656573
0.030992635536
0.012239265815
0.016450939641
0.010484085666
0.009004341630
0.029784270637
0.011066354352
0.004949721162
0.002676174641
0.012336959387
0.004081580233
0.005817953015
0.006277818855
0.008424598719
0.002334118855
0.012623102801
0.007150249424
0.006554179249
0.014776676963
0.014819880579
0.002790727326
0.030250690180
0.027014464614
0.008788338595
0.014272440647
0.015061234621
0.011638322121
0.008825131118
0.015862182564
0.006518236748
0.018867371843
0.007914799448
0.012916718577
0.015787470530
0.014555373833
0.025371635529
0.012004695565
0.004827350127
0.006622642159
0.009661683440
0.004837898380
0.018047162565
0.016557107995
0.006193300260
0.020805942899
0.001001416431
0.005341683901
0.021662877803
0.011280912755
0.013563893951
0.011436377572
0.011516539010
0.013040956821
0.016866845101
0.007259795814
0.004898750265
0.006209656170
0.022201377241
0.006764291816
0.010969284652
0.020616966923
0.002657482802
0.009573823930
0.006630854695
0.057534366175
0.011462882308
0.032723553938
0.039036548832
0.010172705495
0.042540378050
0.005760633853
0.002050083876
0.016305453262
0.006410459071
0.023863596850
0.010527083214
0.012533397132
0.008594784925
0.017323770582
0.019318986743
0.009103964365
0.007916724813
0.014211879192
0.028365015956
0.012415453962
0.012930248201
0.020211527425
0.011723551595
0.004440949823
0.007717293654
0.022368878851
0.016732562922
0.024116237019
0.009328790878
0.016997802743
0.029383738764
0.020738482568
0.013762956930
0.011029933679
0.013898639405
0.004258174549
0.003673871279
0.011106856299
0.013069129841
0.022922871968
0.001850460635
0.018656862435
0.003361478046
0.003841623952
0.017570770340
0.024074022006
0.025821891026
0.003287110208
0.020762728259
0.013459997374
0.004071645502
0.007249430931
0.034718401286
0.007573291271
0.016680129994
0.002722631193
0.011759294699
0.081503470972
0.008876021226
0.008593850004
0.019766630595
0.010217543194
0.014033131518
0.007260829505
0.042103990828
0.004717796088
0.013526246647
0.014271865542
0.038426653339
0.036563733356
0.012576029529
0.025900730273
0.009934748334
0.006813209604
0.008482031422
0.006869507665
0.007608034890
0.006283116337
0.074352501038
0.042126114222
0.017932893295
0.008435494390
0.018721530199
0.004416219477
0.004749622624
0.006377230841
0.006769588697
0.001905191827
0.006323426186
0.016366276011
0.005416069226
0.021929792843
0.011199170812
0.006306984523
0.006775068210
0.009116219102
0.019506454943
0.009935001985
0.011591721158
0.011567243344
0.003416378856
0.006210884124
0.014159474247
0.013764286051
0.007021641919
0.011139632156
0.007384172826
0.013271576534
0.007117716491
0.015763245060
0.015163700395
0.012405791180
0.022502729768
0.013985202914
0.008891374700
0.008990236006
0.010166067812
0.004979089639
0.007057212185
0.005713611500
0.027989852494
0.008952543424
0.033973836532
0.001584123580
0.005812989130
0.018310141206
0.019065012943
0.013925813848
0.020039709473
0.001526842429
0.014430177952
0.044448246635
0.019835614725
0.024786349298
0.005151633797
0.015453766533
0.002332642425
0.047682740893
0.006835670056
0.007576959063
0.006608331552
0.001129194570
0.005745773911
0.009891933248
0.015210537198
0.009155642225
0.018961687473
0.003430740945
0.015759788138
0.006295963080
0.001488201947
0.005241534167
0.005361869939
0.004451883837
0.005848278007
0.026100746996
0.023931357952
0.010065176570
0.003566847938
0.007228775144
0.002584629870
0.006826896629
0.036460487651
0.026847279205
0.013778561261
0.019660715363
0.005690429807
0.009391076490
0.002052677795
0.003923490824
0.093893790612
0.008978621146
0.017781052072
0.023598925265
0.011256853523
0.010116837475
0.012151620532
0.017001638662
0.010035851503
0.006783598510
0.080637340101
0.010282731887
0.023999567789
0.034975420663
0.040710800729
0.006207658336
0.010556558859
0.014338408015
0.004409687697
0.032192880324
0.015887218703
0.004261534142
0.006107310325
0.006345648477
0.018159337903
0.002259171444
0.001625834925
0.041786175075
0.015383783029
0.007607795651
0.012998079578
0.005302576059
0.014036607439
0.025421473316
0.008318987943
0.008547750834
0.029907087114
0.014639937895
0.018879334297
0.037146041582
0.006444945869
0.014571280590
0.014539412370
0.005822412238
0.005140754474
0.012979811881
0.010480109629
0.072844955913
0.004880641731
0.014953719379
0.010842971634
0.018557551771
0.019774904671
0.008467761257
0.007357404175
0.011012091959
0.007535315328
0.008480647610
0.014896682217
0.009703269445
0.013295643319
0.003057471881
0.002968200439
0.005999967248
0.011183584949
0.003880092740
0.040810999446
0.006772323927
0.015834961682
0.006600972615
0.027247185682
0.040506004613
0.004171544526
0.029519929579
0.017796283177
0.004581499691
0.008089192492
0.025556738762
0.004898068930
0.013385307655
0.017759504092
0.009672399280
0.007722211671
0.003045438782
0.016124021864
0.024551794354
0.020071966396
0.004738404896
0.005842001755
0.013274666229
0.015109645158
0.011172894133
0.025560549752
0.007184110348
0.009641847936
0.019492290799
0.020983696398
0.032997439866
0.011441779237
0.003691314023
0.014497392385
0.028078994281
0.009922479746
0.010260481784
0.010586618076
0.021891845394
0.005667944045
0.032662414471
0.025869677721
0.036243476977
0.018714416038
0.015907009648
0.051613683589
0.017645156660
0.013688355296
0.014817038150
0.016403773054
0.078260996837
0.022181823535
0.012289021993
0.009411543027
0.004626473076
0.016740353891
0.003670157176
0.002387713873
0.004336375867
0.008926604628
0.010484403372
0.017045587954
0.014620871260
0.014043044984
0.013449215763
0.006662125958
0.016941500069
0.006399715403
0.019370142762
0.005750967000
0.026162227523
0.007586341985
0.016346025885
0.033773870416
0.007752842915
0.007372191937
0.008900686002
0.012914828600
0.042546990590
0.017945040158
0.022606560607
0.008520880237
0.008002750031
0.015212625579
0.003083857653
0.037949302828
0.011650650789
0.013034562615
0.004059421261
0.003818498350
0.021950374680
0.006765628286
0.004275844071
0.010104135090
0.016197178082
0.002164128955
0.036692072374
0.031197684680
0.012588927381
0.005510868785
0.007750467646
0.013007331392
0.006670746924
0.003953441555
0.010060410188
0.020061085507
0.002509392062
0.009956691265
0.010130905789
0.006067042729
0.010180865300
0.110854655478
0.006139304922
0.032556559023
0.013274454283
0.007652512113
0.036720659787
0.086547017804
0.012814615848
0.001970731325
0.019477518400
0.005313211075
0.015234570580
0.002057638273
0.020497942771
0.007412369677
0.040819521316
0.015860484613
0.028876415673
0.013623250852
0.021805939295
0.006377450058
0.005207083350
0.022213653392
0.013278170516
0.011710982831
0.051810935026
0.009984606271
0.020871723865
0.028011706692
0.042729162737
0.001638851403
0.012028729698
0.040770062852
0.012781839633
0.016049736393
0.018327866785
0.006148355562
0.030829817641
0.024625134916
0.007194767457
0.014637260089
0.014088407351
0.005477220757
0.006687530896
0.014231083863
0.054405782624
0.037346667219
0.013005715121
0.011684496363
0.006434257123
0.012270033593
0.002081939339
0.015737563335
0.016120327872
0.023918153692
0.013445618588
0.149825665645
0.017330531475
0.012392761621
0.030445731634
0.003233765354
0.004203168617
0.017560477216
0.004250685646
0.005456251614
0.017071032814
0.068436167270
0.008605417418
0.054597410930
0.028256257184
0.006660310888
0.019119891305
0.028189933002
0.001333239065
0.005833462216
0.025547984697
0.010016701281
0.011160307031
0.014199697501
0.049817882648
0.090826227624
0.012732399515
0.019193700875
0.021955822325
0.003555255069
0.023618358951
0.020721264264
0.067929474491
0.004675763324
0.022522236531
0.012320285072
0.073303485646
0.005193301970
0.018201371906
0.027662213943
0.002350048076
0.001529492194
0.030968894873
0.011271646727
0.006063945877
0.042619617530
0.014254516363
0.005681800772
0.016887064205
0.008016864370
0.041632794227
0.006189823889
0.007172100045
0.007147523300
0.020942887819
0.011676214776
0.004750549657
0.007636186414
0.018205434453
0.007657593087
0.014088041695
0.005017963859
0.033668025242
0.006860002942
0.018495442742
0.009109610056
0.046314407502
0.042112818700
0.060350229635
0.022210716496
0.004239395637
0.006323802413
0.005921841477
0.055689241723
0.014433325821
0.029930345079
0.013792601175
0.003988507970
0.005121849266
0.007829911673
0.018182519198
0.034572132653
0.004545560201
0.005828701460
0.019706076140
0.013507682113
0.002841974602
0.003776622873
0.005218382233
0.002562108552
0.019639243914
0.008742676717
0.056075031793
0.004006409582
0.031028083583
0.004466803041
0.012350481573
0.022195459164
0.014842959976
0.015607917783
0.011768565519
0.006489703895
0.007249635979
0.047178247375
0.018052904684
0.023218812576
0.009154485958
0.010194848326
0.014682153288
0.020282009440
0.010954213344
0.013576343653
0.010798525894
0.032074553481
0.018198886379
0.018342323909
0.012808796865
0.036003064558
0.003943601798
0.005029475288
0.009995360667
0.017762237967
0.005733409288
0.052966802582
0.007354736545
0.018758077923
0.008439290664
0.030171945645
0.001279443755
0.008332844010
0.015951608441
0.008427755215
0.006014355489
0.066499596567
0.037377897802
0.043178184023
0.013887978302
0.018085292590
0.004607333799
0.003375120086
0.000152674226
0.008844091968
0.048056419866
0.007363227986
0.010419811877
0.019245092826
0.012341046964
0.014992592874
0.016302040655
0.036262276396
0.013713763621
0.007335389581
0.029088545258
0.016807414862
0.012582261033
0.006623910590
0.019445470908
0.007237005560
0.026322921314
0.023159647929
0.002117962895
0.010798638148
0.004793775230
0.004045473626
0.009241386517
0.005231733440
0.019512203132
0.014355023634
0.014770604642
0.004586011521
0.012786781818
0.006607867185
0.041216907117
0.010587982116
0.002224585306
0.045332032507
0.015429681937
0.008997155053
0.022124357517
0.013440322598
0.007832611134
0.002857499829
0.030640101941
0.018029523373
0.008444045773
0.023897743271
0.010291870565
0.009565937288
0.014069399528
0.011712191196
0.020287200893
0.009767710894
0.001611892477
0.003510979856
0.010508249337
0.039906278039
0.004632039513
0.004033451001
0.005942219898
0.008160333498
0.015459162414
0.001900651975
0.029430501403
0.017712274279
0.027074104181
0.042304991035
0.031103670956
0.010924067553
0.003450049842
0.023085655146
0.011347007340
0.003619212877
0.035282380952
0.002352482634
0.015396020546
0.008869947146
0.022840796882
0.003176726026
0.037272558226
0.020916053432
0.025449005507
0.007986725613
0.020693035458
0.015259699495
0.018188475536
0.006293825045
0.004675806109
0.024667565489
0.024764338940
0.008412640177
0.014256757185
0.006478067526
0.021589483693
0.016834125778
0.014986175064
0.006884035789
0.034654732668
0.027175145581
0.035359647409
0.006741046778
0.016397110915
0.016085538913
0.052456411918
0.030001211476
0.008380523192
0.015064807468
0.004561013514
0.024598017065
0.002591696722
0.012483474386
0.012676060284
0.004086751722
0.011693294744
0.007269868104
0.015064947022
0.002960959103
0.010448509866
0.049167890051
0.010023464836
0.013459866477
0.004019912237
0.010027541166
0.024579552867
0.002936062512
0.030962896806
0.013232153658
0.023957336561
0.002904536336
0.006856137363
0.009678643987
0.003606236813
0.013691917626
0.014730499564
0.020601191603
0.009670923815
0.014759142243
0.007918534135
0.004330984253
0.009945302863
0.010796361056
0.018046376526
0.007089345165
0.006172631549
0.005771403391
0.004797662967
0.057439069712
0.017052637568
0.019886295806
0.014613209167
0.013773499057
0.005660161522
0.028514770080
0.027278251596
0.006793040912
0.021326671468
0.025021263617
0.009951989332
0.026235911147
0.023814797839
0.007875983514
0.029592526456
0.018266738332
0.006424829329
0.008233294996
0.011120297261
0.068368646092
0.002225444801
0.014209924029
0.013983079741
0.004356045466
0.028170762899
0.012656941412
0.005383340801
0.032502667834
0.016178056801
0.008131973147
0.015070793002
0.008240250923
0.040233644660
0.039954406497
0.024354156652
0.004059933969
0.025024296255
0.005723973266
0.038053120265
0.030755082194
0.023258787819
0.040316819616
0.002319667250
0.008076913762
0.007134576681
0.006991759132
0.020230897029
0.016584326567
0.007603590819
0.048916626414
0.004270479717
0.013450600565
0.072604879660
0.011238487176
0.008786825038
0.009543947630
0.002606998834
0.028769932583
0.065407120719
0.004079985164
0.039556720900
0.010629334029
0.024400583031
0.043164841121
0.009226911223
0.015373836797
0.029035093430
0.004839148761
0.038798661947
0.006457017719
0.028123228074
0.010537442466
0.024063803446
0.007955586397
0.009788267557
0.007251343309
0.014134335479
0.002869202625
0.007005209255
0.007116288764
0.007767485827
0.014381383173
0.038785725217
0.041549679879
0.006488161505
0.009670768490
0.005904343414
0.041936818639
0.012409049354
0.006126052154
0.010468507412
0.038562441612
0.005917589539
0.097872962720
0.026452774369
0.013536218217
0.078043983463
0.002033210054
0.012316965394
0.005944684262
0.008213582556
0.011103990594
0.014634023468
0.043782240346
0.017590610414
0.040623224702
0.006528320385
0.056160220870
0.020978876412
0.013608141945
0.008551965741
0.021461363594
0.007240853157
0.007083218689
0.009066779417
0.010609404600
0.013582856674
0.005614034044
0.049937712223
0.015011526352
0.009805955403
0.103531766417
0.068293320366
0.005215957163
0.046549435783
0.002549305187
0.023391716898
0.025330577317
0.004748466631
0.035597560652
0.051835059527
0.014456071526
0.004370720016
0.004786022317
0.009312564569
0.012066504944
0.003848539542
0.026624341053
0.006476303831
0.029226451787
0.010126474069
0.013928986771
0.004005661323
0.019863080526
0.028747342376
0.014333519433
0.006914758101
0.005139627636
0.016712163028
0.028095054817
0.032733499750
0.045869534217
0.036918164357
0.011050008639
0.018317916694
0.014405177375
0.021002579175
0.046072486030
0.013571157282
0.021946007969
0.013853162640
0.032056017714
0.017754785119
0.025906402664
0.098770917462
0.005091967443
0.012005569864
0.005317564971
0.002024835408
0.009307144744
0.025502977474
0.004170006900
0.025895256887
0.011544748795
0.023227503996
0.020625509877
0.038972371204
0.020297909311
0.008778278164
0.028139549943
0.006989072713
0.013972595301
0.012004372636
0.005719812618
0.022090389105
0.016949264190
0.035093836558
0.003966263245
0.038367128847
0.011469629850
0.012891169762
0.029072836423
0.053069257424
0.022154545895
0.006237599965
0.018589120495
0.014892656444
0.011225659701
0.041676276712
0.004960014319
0.004685963682
0.009876735156
0.036984904608
0.023112269133
0.001770710950
0.026723695578
0.023007130926
0.013827640478
0.006094987815
0.024039232059
0.005170238145
0.005821612572
0.028457665025
0.013652698870
0.008590414104
0.016152506424
0.013745683509
0.028917809084
0.014437433694
0.003634711115
0.011705526827
0.005769331446
0.018385345078
0.013250259119
0.003435298369
0.011427609613
0.019847270323
0.013623806858
0.010582403751
0.003062252571
0.045111318846
0.008523968233
0.012056190727
0.004337558128
0.011299639160
0.006427047076
0.021055765272
0.005735627312
0.011856122927
0.021510813095
0.028461629809
0.011050730300
0.032962486224
0.009753481705
0.011725864379
0.002552838428
0.013144908497
0.010154430015
0.014709813799
0.011475834029
0.004315169211
0.040371822068
0.010541391223
0.028284909478
0.001216808416
0.009221462306
0.005393547690
0.002502999319
0.007407965612
0.001318512321
0.027802814724
0.019169212678
0.014260351835
0.005413494065
0.015340211615
0.028050925934
0.005361679146
0.011693796256
0.026067654652
0.024233922594
0.029074658627
0.005379284178
0.041055386826
0.019249026403
0.063341699948
0.004808658679
0.015294592164
0.007503149112
0.024614641274
0.014029478644
0.013909047405
0.023655697286
0.023928281213
0.006767437293
0.023727448609
0.008829294118
0.008193144041
0.007651006843
0.073469872946
0.022806188618
0.014293814921
0.010399722982
0.026614294764
0.014238991254
0.010564219736
0.025631456640
0.015425225275
0.006115324640
0.028948775266
0.002953724750
0.044051931002
0.005250131615
0.007379067384
0.055271130404
0.012826177489
0.011570107478
0.014327015226
0.006141500422
0.005393450472
0.003974175360
0.014546358936
0.012604682006
0.009326268606
0.049109648660
0.035811376197
0.006897396464
0.023333425889
0.009221264165
0.014278048726
0.007110799977
0.009751236037
0.050906977578
0.007406173930
0.020282779048
0.025980935332
0.013916241671
0.009927665240
0.028667241569
0.016925038038
0.030560611365
0.008273675142
0.040181295470
0.004178470555
0.009478562526
0.126989387573
0.013344667339
0.008408802690
0.030519648578
0.036194955859
0.007701359946
0.025782542191
0.011947209144
0.013993017032
0.015999088279
0.090488403971
0.018406027377
0.004992747609
0.021367971645
0.016796818302
0.003319539231
0.003537656969
0.038540345067
0.022457059665
0.038753545804
0.010573387417
0.008778316386
0.015040166834
0.010737384756
0.021346823668
0.007041999078
0.006825052382
0.015206511434
0.009322480616
0.004193759496
0.005808025709
0.006973965909
0.011167484418
0.009565046102
0.012182167379
0.004335122424
0.007391581231
0.018721671616
0.004764291810
0.033398689266
0.021590422966
0.013848984742
0.004442451965
0.020816065471
0.010586249911
0.005642884469
0.012736414602
0.026238986591
0.004191432260
0.009614373363
0.011453970239
0.009130802308
0.003283558574
0.004634820970
0.006692289173
0.029409462432
0.002994475174
0.006345846569
0.026690931218
0.020560494755
0.022701628753
0.011567243124
0.052001953016
0.020721258005
0.018337244375
0.013977766280
0.009369671541
0.025437848967
0.023614339760
0.005316410981
0.019003102116
0.021198562199
0.023309094021
0.005959342861
0.015226412163
0.008100978560
0.017595032414
0.005426758838
0.015543643953
0.010706094155
0.030073004188
0.014802971121
0.019991954949
0.005257053310
0.020599526540
0.009263260480
0.010723389842
0.004630694544
0.006153002932
0.003829169906
0.013757244453
0.014071017224
0.014821856855
0.007817002573
0.010399554295
0.007031621715
0.028517965746
0.017060540532
0.022011832051
0.004020510320
0.010927354258
0.044379562906
0.002884073526
0.018808540934
0.019799268097
0.006931239345
0.035549482813
0.017024446256
0.030537148739
0.032111105062
0.005277794753
0.005997484543
0.047761341286
0.010286361609
0.042686216579
0.061660654186
0.014549530983
0.009937682584
0.076968158799
0.070200508165
0.010517607622
0.011085795792
0.005012058188
0.020483368960
0.005374455362
0.007815599067
0.026277182344
0.005392407909
0.020804679637
0.054859751553
0.004583717774
0.007800421848
0.016690407903
0.046397186752
0.005110395285
0.008982594580
0.019955631198
0.030050919862
0.014756357889
0.006180108680
0.015207816230
0.022373281962
0.006330172545
0.015897095965
0.003428938799
0.103974408203
0.007110237846
0.031023038429
0.005717367898
0.005742422835
0.005173199904
0.021179534071
0.059510940774
0.027001175348
0.029456099262
0.016078109865
0.007131700131
0.009563549114
0.007347594422
0.010760183904
0.054309690415
0.035120997729
0.019309346939
0.013846012536
0.049065443558
0.015047386383
0.023370444429
0.044498343462
0.030039522197
0.003055726364
0.039783121013
0.004346755007
0.005206247981
0.035325707049
0.063339627681
0.039112636443
0.011717757731
0.056619692682
0.007761689119
0.035592422418
0.015753295770
0.003916166208
0.003170428720
0.007404117781
0.038626461897
0.005546048922
0.007303621251
0.052324937275
0.005667288405
0.008999983394
0.013161836173
0.012411698683
0.004792304781
0.050394134427
0.007252280241
0.003569182933
0.015674501300
0.040926326943
0.031472593365
0.003860046620
0.013884017554
0.008655480882
0.023225726029
0.004492403302
0.071144719131
0.015045358585
0.014061581851
0.016352397650
0.010365270853
0.014143948876
0.003289083135
0.008357340600
0.047512434050
0.008297538696
0.009626835293
0.004578564144
0.009235097160
0.061355806515
0.018580994927
0.028034435541
0.004277647572
0.007690494587
0.035151294913
0.012502477973
0.028495496383
0.015450945694
0.032036116909
0.009803418417
0.014407619911
0.054048969755
0.016926583222
0.025487397541
0.015175963018
0.011196055790
0.016895122386
0.056194862706
0.049016558952
0.023503765777
0.006418579392
0.022372639911
0.005672670895
0.012707379960
0.006919721539
0.008911189315
0.026121495946
0.018701892137
0.010199289591
0.011557319270
0.019774727741
0.022617549013
0.025502290590
0.012823989528
0.002472346825
0.010735459925
0.019823754914
0.021581699125
0.011517933400
0.025542039510
0.023525638572
0.016325826884
0.003049354041
0.004228052464
0.007380298637
0.014493876101
0.030240568466
0.014961626206
0.009692705824
0.004698551795
0.027181543762
0.018091445545
0.005334573163
0.007842230940
0.005596792642
0.030206234021
0.008500555058
0.001928186532
0.026265355085
0.032194678853
0.006191041008
0.095484987498
0.014366846041
0.037535138155
0.003984424925
0.048576041982
0.011959565444
0.013787309904
0.011117754152
0.012064776574
0.036839558087
0.015501310217
0.023195448495
0.006565111674
0.002116628144
0.007257439301
0.022930484155
0.021244851248
0.021126633123
0.007338317009
0.035474915403
0.007714798472
0.032523316286
0.008613988685
0.017610679109
0.025467771173
0.012939609557
0.025460654188
0.038119350965
0.028441415906
0.084457554429
0.035100186520
0.008564008368
0.032401838040
0.012890447796
0.016040294501
0.047630934940
0.051908182049
0.002638282103
0.012688915242
0.045096322508
0.044436180310
0.006379537586
0.024932740044
0.009967631568
0.020672365852
0.001478062540
0.015491284757
0.057599437616
0.010577406006
0.003872783265
0.023766615273
0.023934598968
0.018288586045
0.101347414667
0.013457545445
0.013594587011
0.010258539321
0.028627430693
0.004630787906
0.025131189960
0.010521147480
0.003907884207
0.015463374399
0.022708748649
0.003509278056
0.019127828578
0.016040322042
0.041032899917
0.021009848395
0.015145318675
0.004533973833
0.028445760535
0.014331608807
0.009214855390
0.008949489532
0.034664190286
0.050283971323
0.019391312406
0.007514129333
0.007781090787
0.014867628103
0.032481750730
0.034072466661
0.008314070718
0.034521825028
0.012957731511
0.002122786405
0.044984999016
0.022253970259
0.013064567551
0.025090608636
0.004254265591
0.015379554200
0.051333773344
0.005737935433
0.031573189523
0.019997643314
0.024016012761
0.032984178473
0.023240658766
0.041771787433
0.012286125547
0.036648749899
0.002118745108
0.010394319546
0.012612141194
0.004984540383
0.022909043941
0.007028031392
0.002107453954
0.041885372187
0.024671159059
0.009613230427
0.003002493756
0.031666263172
0.004096791744
0.033098184640
0.003312994658
0.010637354595
0.012351643479
0.022692065571
0.014594964704
0.008982666350
0.012601206651
0.039730862496
0.009274694945
0.017211492101
0.003637121101
0.007855956663
0.006745394332
0.006307628394
0.018207604841
0.013618766317
0.078680965389
0.022924666392
0.009993917881
0.006235567945
0.056455329408
0.011858102610
0.024346560561
0.001700845631
0.024192297584
0.056398957623
0.003338780546
0.074450508844
0.003544096429
0.007422818798
0.047535304294
0.004135241050
0.013448395230
0.015072717280
0.019661975816
0.018794954414
0.019222707181
0.011313009486
0.032853441358
0.004004988440
0.005340182603
0.019456285213
0.018619923621
0.002606600506
0.008422243689
0.018394489390
0.004545168842
0.008092692956
0.020333893655
0.026466811565
0.045878997566
0.022638839866
0.039519056237
0.009870962110
0.026637000002
0.059642274812
0.006310567434
0.013959368674
0.065538914600
0.026404980549
0.031398095661
0.012943315888
0.006670836743
0.041446834103
0.022146454894
0.007348320944
0.008012236482
0.015705732540
0.019886970649
0.007347020994
0.038573074761
0.019429251941
0.004623197220
0.019129807209
0.006499027538
0.060441114108
0.020582472846
0.018274195168
0.010093792886
0.043418727583
0.048815298820
0.006806427195
0.006228332472
0.008120053625
0.012619185746
0.013386864306
0.020394523660
0.003173955800
0.013196663928
0.026588210772
0.020442876057
0.004856228910
0.055084932523
0.017996508509
0.023067086353
0.014208593687
0.013775563571
0.019176111611
0.007449948586
0.036186740704
0.051323471239
0.027067665557
0.004096124381
0.021523426118
0.035054719613
0.006288220890
0.011305240033
0.008470305201
0.004416916841
0.011807463257
0.026656259895
0.005218864059
0.009417939303
0.030917039697
0.016837925466
0.007542265293
0.027444298555
0.010859422400
0.003149907973
0.013459155098
0.020073659230
0.016095720574
0.029550874880
0.080026131782
0.021633295525
0.020399287952
0.011478548817
0.012455868046
0.008058502227
0.011216535477
0.010907606630
0.012957160963
0.098819581178
0.011335387910
0.004500176925
0.014012459952
0.018115469200
0.014259517129
0.011092634510
0.014006858787
0.049642725902
0.007973501758
0.051133859676
0.027159154717
0.047414350585
0.029218834459
0.025276678291
0.041697625871
0.007326328226
0.043475662645
0.014104583731
0.043534922069
0.007012961974
0.012905175358
0.021000247675
0.012909732977
0.011084560644
0.023059586532
0.006805372499
0.002444108358
0.008235436265
0.012773575415
0.014332087808
0.018740302626
0.018628683055
0.012980793748
0.013062802138
0.012967455912
0.019070803485
0.007997016373
0.025433216123
0.002072839575
0.014218264958
0.021615232075
0.023390970551
0.012205440243
0.007905081536
0.017026593362
0.013266449240
0.001727411719
0.031019344120
0.006553382671
0.025297344849
0.087392960258
0.117351723642
0.018882345841
0.008400164910
0.007953599331
0.022113135808
0.030565934945
0.020863354499
0.020652332419
0.011629171890
0.036364573086
0.003814880552
0.047233423977
0.005801060056
0.057942127742
0.034172182983
0.022470183315
0.051915884701
0.006300438584
0.006326385340
0.010665151028
0.023016148355
0.007306065146
0.026303902085
0.003028513998
0.005397763263
0.005263410056
0.008773904981
0.005592809050
0.016215359331
0.002899468835
0.040344296520
0.004128609640
0.005076102577
0.049789131244
0.033495926175
0.011717951217
0.054744421013
0.016861511142
0.046816569888
0.024860856050
0.038149473177
0.003451765635
0.005027189892
0.021767178941
0.029988175541
0.028485270957
0.005089693323
0.006123474422
0.025029409674
0.010594568847
0.007338271966
0.012739675801
0.018099466342
0.023623995806
0.006605179656
0.037233213777
0.011208318422
0.014363090214
0.013555002796
0.030907916710
0.011874353086
0.021319523896
0.003446092964
0.035145970313
0.028767331379
0.002553772782
0.018545820864
0.018783607869
0.013136618478
0.010611411415
0.010406170470
0.022152182262
0.011412504664
0.000862626783
0.010006624104
0.015373975872
0.015376806211
0.006717547532
0.004833371005
0.020059553086
0.028202518854
0.001349346011
0.013530993073
0.008919604811
0.006407954336
0.007312887696
0.009268390230
0.024828072981
0.004374700477
0.004786918647
0.010916350457
0.028149718885
0.012492788515
0.006981690968
0.016807807997
0.007607598313
0.020571463712
0.011787905593
0.033323089776
0.004002163309
0.014604920642
0.008994644822
0.069863732138
0.021543207264
0.011241550961
0.081307887514
0.008410940391
0.010490502010
0.017225375454
0.078856598413
0.003949296651
0.046185731954
0.028430740036
0.033955034781
0.051435281906
0.008510208922
0.008286605937
0.016693179829
0.015741955144
0.012601466946
0.026300576439
0.008098221987
0.044063431330
0.032733004062
0.003919042657
0.011666334742
0.022436650596
0.014806678348
0.029998250088
0.014379627936
0.007448641791
0.018596100572
0.017530124868
0.034705592897
0.003521887540
0.052159354303
0.019495945410
0.023904057334
0.022743463950
0.015584614256
0.008554301786
0.005096448088
0.024464150659
0.058336409287
0.003687846252
0.034403024849
0.026962573070
0.003547830519
0.004477809496
0.037984780756
0.031986962781
0.013820655223
0.016519908436
0.004038942363
0.054777541167
0.007051835638
0.017516190162
0.026738641183
0.010125753969
0.017641419947
0.024922431846
0.030245824931
0.032989963446
0.008649303572
0.010706440454
0.024503215093
0.007583217579
0.008669976192
0.007816734284
0.022238480589
0.009990958746
0.027019863755
0.049056551813
0.010140053951
0.005696553596
0.007556592297
0.020895566259
0.038722371980
0.018221001940
0.015531901855
0.009573410517
0.052505808672
0.022976381206
0.013910980402
0.036413218719
0.016467624693
0.008983260990
0.006652067196
0.010780907994
0.015345198383
0.014355517598
0.005838183042
0.032388169602
0.003513270324
0.001513159739
0.015611864872
0.014893211732
0.018259874656
0.009205600520
0.005650641346
0.003614412619
0.020134149809
0.005506328249
0.024841674772
0.024717720251
0.090940094709
0.042231181689
0.004963910313
0.004230109732
0.123758324405
0.002552149212
0.026945734645
0.035081469841
0.006219015991
0.030968849190
0.048272211429
0.006332980539
0.044314321955
0.006859567271
0.007606288557
0.004314076428
0.014472307773
0.055349349297
0.010627738039
0.015653156972
0.007048013404
0.011507307641
0.006450124085
0.004835872640
0.013519249042
0.010801674463
0.013752160800
0.007547151286
0.012647766020
0.021269949321
0.012532580067
0.045838898262
0.017040259948
0.003747907936
0.036557620736
0.047785601915
0.010325027562
0.003823201070
0.036144141483
0.042690253478
0.006042703331
0.033243761553
0.009364553462
0.104753824363
0.010680115552
0.009359090903
0.013321423843
0.009591557681
0.003449194102
0.033081948584
0.017015000363
0.033278965332
0.003455059773
0.033331414023
0.001821609547
0.009998967287
0.057598642138
0.019066209513
0.024412965436
0.012859733690
0.042330699216
0.008579480416
0.058843696473
0.006830390291
0.009956474974
0.010469737618
0.006514339336
0.019752093223
0.043274166232
0.022163678439
0.002132364576
0.006242588330
0.056800308682
0.058979470973
0.015197666737
0.004791069685
0.011886179528
0.010734611957
0.004935999289
0.082260836015
0.011051630875
0.019123491459
0.019930126555
0.005015883483
0.015163449733
0.019829893091
0.018278432176
0.011237564133
0.034838854978
0.020526708495
0.009786802092
0.006575253975
0.041753372284
0.015957689891
0.009761021926
0.006841881325
0.019013489812
0.019069116914
0.057595768270
