1.1903645917704185e-08
1.487989956986019e-08
1.7605160956738463e-08
2.0394825790897025e-08
3.066868818688153e-08
4.315560406802765e-08
3.6947069710775745e-08
4.7979884701749035e-08
5.6277344934339424e-08
5.081786322407414e-08
6.946953629590585e-08
5.7975112492791815e-08
5.8569133646521885e-08
6.691569607987485e-08
6.431993546588924e-08
5.6612977924086636e-08
5.6967819930092094e-08
5.2745522641993946e-08
5.412461248970109e-08
4.0834872131852424e-08
3.903595421960283e-08
3.878048176844738e-08
3.356139467166386e-08
2.9414400406365777e-08
4.138471797953176e-08
3.240595316520724e-08
2.1835583408530314e-08
2.067527048806748e-08
3.0057994455188506e-08
2.8909461360829523e-08
2.4275042559798573e-08
2.3275466815396146e-08
2.057906315614954e-08
9.183325964835791e-09
6.373823014383458e-09
1.8912981598128222e-08
1.4737438303984636e-08
