3477.46508789062  1.513370E-14
3480.30204772949  1.369528E-14
3483.13900756836  1.492319E-14
3485.97596740723  1.321525E-14
3488.81292724609  1.446141E-14
3491.64988708496  1.374179E-14
3494.48684692383  1.374623E-14
3497.32380676269  1.391281E-14
3500.16076660156  1.416516E-14
3502.99772644043  1.390732E-14
3505.8346862793  1.422154E-14
3508.67164611816  1.426080E-14
3511.50860595703  1.366897E-14
3514.3455657959  1.476053E-14
3517.18252563476  1.360451E-14
3520.01948547363  1.329232E-14
3522.8564453125  1.333806E-14
3525.69340515137  1.352084E-14
3528.53036499023  1.404080E-14
3531.3673248291  1.252137E-14
3534.20428466797  1.326293E-14
3537.04124450683  1.311207E-14
3539.8782043457  1.284585E-14
3542.71516418457  1.293999E-14
3545.55212402344  1.253082E-14
3548.3890838623  1.429841E-14
3551.22604370117  1.341038E-14
3554.06300354004  1.304410E-14
3556.8999633789  1.317912E-14
3559.73692321777  1.385079E-14
3562.57388305664  1.399913E-14
3565.41084289551  1.426781E-14
3568.24780273437  1.391897E-14
3571.08476257324  1.364732E-14
3573.92172241211  1.442509E-14
3576.75868225098  1.417351E-14
3579.59564208984  1.389624E-14
3582.43260192871  1.369081E-14
3585.26956176758  1.377616E-14
3588.10652160644  1.364813E-14
3590.94348144531  1.425631E-14
3593.78044128418  1.344743E-14
3596.61740112305  1.468944E-14
3599.45436096191  1.332593E-14
3602.29132080078  1.415678E-14
3605.12828063965  1.431818E-14
3607.96524047851  1.387033E-14
3610.80220031738  1.361454E-14
3613.63916015625  1.419540E-14
3616.47611999512  1.461932E-14
3619.31307983398  1.364448E-14
3622.15003967285  1.399615E-14
3624.98699951172  1.329062E-14
3627.82395935059  1.370817E-14
3630.66091918945  1.351952E-14
3633.49787902832  1.388311E-14
3636.33483886719  1.370712E-14
3639.17179870605  1.325352E-14
3642.00875854492  1.347500E-14
3644.84571838379  1.387771E-14
3647.68267822266  1.396266E-14
3650.51963806152  1.419893E-14
3653.35659790039  1.361208E-14
3656.19355773926  1.431016E-14
3659.03051757812  1.482654E-14
3661.86747741699  1.449608E-14
3664.70443725586  1.391369E-14
3667.54139709473  1.434564E-14
3670.37835693359  1.418258E-14
3673.21531677246  1.446165E-14
3676.05227661133  1.382149E-14
3678.88923645019  1.384001E-14
3681.72619628906  1.329719E-14
3684.56315612793  1.429525E-14
3687.4001159668  1.421973E-14
3690.23707580566  1.358603E-14
3693.07403564453  1.353513E-14
3695.9109954834  1.389479E-14
3698.74795532226  1.402208E-14
3701.58491516113  1.439209E-14
3704.421875  1.384834E-14
3707.25883483887  1.387410E-14
3710.09579467773  1.368404E-14
3712.9327545166  1.384941E-14
3715.76971435547  1.353781E-14
3718.60667419433  1.414545E-14
3721.4436340332  1.405303E-14
3724.28059387207  1.315877E-14
3727.11755371094  1.371734E-14
3729.9545135498  1.352562E-14
3732.79147338867  1.308203E-14
3735.62843322754  1.301679E-14
3738.4653930664  1.325734E-14
3741.30235290527  1.380378E-14
3744.13931274414  1.291568E-14
3746.97627258301  1.296060E-14
3749.81323242187  1.336258E-14
3752.65019226074  1.327097E-14
3755.48715209961  1.397036E-14
3758.32411193848  1.375325E-14
3761.16107177734  1.398404E-14
3763.99803161621  1.324927E-14
3766.83499145508  1.290705E-14
3769.67195129395  1.324313E-14
3772.50891113281  1.336486E-14
3775.34587097168  1.329090E-14
3778.18283081055  1.350289E-14
3781.01979064941  1.337288E-14
3783.85675048828  1.338322E-14
3786.69371032715  1.371627E-14
3789.53067016601  1.337702E-14
3792.36763000488  1.368463E-14
3795.20458984375  1.321562E-14
3798.04154968262  1.371803E-14
3800.87850952148  1.396741E-14
3803.71546936035  1.324077E-14
3806.55242919922  1.315962E-14
3809.38938903809  1.364453E-14
3812.22634887695  1.329200E-14
3815.06330871582  1.310094E-14
3817.90026855469  1.370340E-14
3820.73722839355  1.341933E-14
3823.57418823242  1.364348E-14
3826.41114807129  1.356988E-14
3829.24810791016  1.338470E-14
3832.08506774902  1.393737E-14
3834.92202758789  1.343253E-14
3837.75898742676  1.351516E-14
3840.59594726562  1.311268E-14
3843.43290710449  1.312297E-14
3846.26986694336  1.349021E-14
3849.10682678223  1.299186E-14
3851.94378662109  1.361222E-14
3854.78074645996  1.290965E-14
3857.61770629883  1.409077E-14
3860.45466613769  1.409359E-14
3863.29162597656  1.394726E-14
3866.12858581543  1.392675E-14
3868.9655456543  1.409824E-14
3871.80250549316  1.381772E-14
3874.63946533203  1.408557E-14
3877.4764251709  1.437622E-14
3880.31338500976  1.468430E-14
3883.15034484863  1.469071E-14
3885.9873046875  1.473266E-14
3888.82426452637  1.498530E-14
3891.66122436523  1.456085E-14
3894.4981842041  1.525764E-14
3897.33514404297  1.515172E-14
3900.17210388184  1.597343E-14
3903.0090637207  1.612682E-14
3905.84602355957  1.618319E-14
3908.68298339844  1.625768E-14
3911.5199432373  1.661469E-14
3914.35690307617  1.678150E-14
3917.19386291504  1.681167E-14
3920.03082275391  1.745781E-14
3922.86778259277  1.724646E-14
3925.70474243164  1.621420E-14
3928.54170227051  1.678396E-14
3931.37866210937  1.649024E-14
3934.21562194824  1.668982E-14
3937.05258178711  1.673245E-14
3939.88954162598  1.663306E-14
3942.72650146484  1.668488E-14
3945.56346130371  1.700909E-14
3948.40042114258  1.718157E-14
3951.23738098144  1.700544E-14
3954.07434082031  1.717661E-14
3956.91130065918  1.739585E-14
3959.74826049805  1.656847E-14
3962.58522033691  1.623257E-14
3965.42218017578  1.644684E-14
3968.25914001465  1.662165E-14
3971.09609985352  1.650728E-14
3973.93305969238  1.609851E-14
3976.77001953125  1.628507E-14
3979.60697937012  1.627929E-14
3982.44393920898  1.570558E-14
3985.28089904785  1.606988E-14
3988.11785888672  1.576002E-14
3990.95481872559  1.564019E-14
3993.79177856445  1.539571E-14
3996.62873840332  1.604857E-14
3999.46569824219  1.569508E-14
4002.30265808106  1.567451E-14
4005.13961791992  1.537740E-14
4007.97657775879  1.611379E-14
4010.81353759766  1.607160E-14
4013.65049743652  1.629116E-14
4016.48745727539  1.603427E-14
4019.32441711426  1.650382E-14
4022.16137695313  1.675721E-14
4024.99833679199  1.750165E-14
4027.83529663086  1.699451E-14
4030.67225646973  1.741295E-14
4033.50921630859  1.744962E-14
4036.34617614746  1.750022E-14
4039.18313598633  1.770195E-14
4042.0200958252  1.853517E-14
4044.85705566406  1.818440E-14
4047.69401550293  1.827551E-14
4050.5309753418  1.846352E-14
4053.36793518066  1.870554E-14
4056.20489501953  1.877089E-14
4059.0418548584  1.853268E-14
4061.87881469727  1.885570E-14
4064.71577453613  1.872701E-14
4067.552734375  1.913917E-14
4070.38969421387  1.895750E-14
4073.22665405273  1.835385E-14
4076.0636138916  1.850678E-14
4078.90057373047  1.862060E-14
4081.73753356934  1.850298E-14
4084.5744934082  1.828737E-14
4087.41145324707  1.805425E-14
4090.24841308594  1.839290E-14
4093.08537292481  1.805150E-14
4095.92233276367  1.805044E-14
4098.75929260254  1.823069E-14
4101.59625244141  1.806646E-14
4104.43321228027  1.784395E-14
4107.27017211914  1.815938E-14
4110.10713195801  1.767369E-14
4112.94409179687  1.781992E-14
4115.78105163574  1.786727E-14
4118.61801147461  1.759777E-14
4121.45497131348  1.748438E-14
4124.29193115234  1.737820E-14
4127.12889099121  1.722432E-14
4129.96585083008  1.691821E-14
4132.80281066895  1.717948E-14
4135.63977050781  1.658542E-14
4138.47673034668  1.719706E-14
4141.31369018555  1.691786E-14
4144.15065002441  1.683688E-14
4146.98760986328  1.699038E-14
4149.82456970215  1.668076E-14
4152.66152954102  1.683648E-14
4155.49848937988  1.672005E-14
4158.33544921875  1.654372E-14
4161.17240905762  1.621882E-14
4164.00936889649  1.577770E-14
4166.84632873535  1.588118E-14
4169.68328857422  1.590527E-14
4172.52024841309  1.611776E-14
4175.35720825195  1.580524E-14
4178.19416809082  1.572105E-14
4181.03112792969  1.583962E-14
4183.86808776855  1.559874E-14
4186.70504760742  1.521614E-14
4189.54200744629  1.537265E-14
4192.37896728516  1.501409E-14
4195.21592712402  1.479337E-14
4198.05288696289  1.473562E-14
4200.88984680176  1.471626E-14
4203.72680664063  1.435174E-14
4206.56376647949  1.463596E-14
4209.40072631836  1.414059E-14
4212.23768615723  1.432819E-14
4215.07464599609  1.430476E-14
4217.91160583496  1.406490E-14
4220.74856567383  1.411594E-14
4223.5855255127  1.394593E-14
4226.42248535156  1.407959E-14
4229.25944519043  1.446685E-14
4232.0964050293  1.432911E-14
4234.93336486816  1.460822E-14
4237.77032470703  1.460035E-14
4240.6072845459  1.481199E-14
4243.44424438477  1.467812E-14
4246.28120422363  1.507625E-14
4249.1181640625  1.524008E-14
4251.95512390137  1.567523E-14
4254.79208374024  1.625473E-14
4257.6290435791  1.587306E-14
4260.46600341797  1.631053E-14
4263.30296325684  1.672826E-14
4266.1399230957  1.675497E-14
4268.97688293457  1.725373E-14
4271.81384277344  1.733595E-14
4274.65080261231  1.793258E-14
4277.48776245117  1.802246E-14
4280.32472229004  1.816890E-14
4283.16168212891  1.864176E-14
4285.99864196777  1.853636E-14
4288.83560180664  1.855012E-14
4291.67256164551  1.916228E-14
4294.50952148438  1.881097E-14
4297.34648132324  1.927004E-14
4300.18344116211  1.937812E-14
4303.02040100098  1.914990E-14
4305.85736083984  1.922296E-14
4308.69432067871  1.925929E-14
4311.53128051758  1.983773E-14
4314.36824035645  1.963862E-14
4317.20520019531  1.955110E-14
4320.04216003418  1.935389E-14
4322.87911987305  1.967700E-14
4325.71607971192  1.949808E-14
4328.55303955078  1.986504E-14
4331.38999938965  1.978471E-14
4334.22695922852  1.965726E-14
4337.06391906738  1.957328E-14
4339.90087890625  1.929734E-14
4342.73783874512  1.912583E-14
4345.57479858399  1.919432E-14
4348.41175842285  1.926284E-14
4351.24871826172  1.885559E-14
4354.08567810059  2.110559E-14
4356.92263793945  1.903921E-14
4359.75959777832  1.876025E-14
4362.59655761719  1.850226E-14
4365.43351745606  1.849531E-14
4368.27047729492  1.798153E-14
4371.10743713379  1.797281E-14
4373.94439697266  1.801144E-14
4376.78135681152  1.777843E-14
4379.61831665039  1.757673E-14
4382.45527648926  1.760690E-14
4385.29223632813  1.749343E-14
4388.12919616699  1.746389E-14
4390.96615600586  1.759074E-14
4393.80311584473  1.734546E-14
4396.64007568359  1.772761E-14
4399.47703552246  1.721606E-14
4402.31399536133  1.731710E-14
4405.1509552002  1.729425E-14
4407.98791503906  1.720838E-14
4410.82487487793  1.714700E-14
4413.6618347168  1.728993E-14
4416.49879455567  1.710198E-14
4419.33575439453  1.685945E-14
4422.1727142334  1.746143E-14
4425.00967407227  1.686215E-14
4427.84663391113  1.701762E-14
4430.68359375  1.735772E-14
4433.52055358887  1.719076E-14
4436.35751342773  1.753472E-14
4439.1944732666  1.749494E-14
4442.03143310547  1.752519E-14
4444.86839294434  1.733794E-14
4447.7053527832  1.721421E-14
4450.54231262207  1.797209E-14
4453.37927246094  1.766738E-14
4456.21623229981  1.769138E-14
4459.05319213867  1.767438E-14
4461.89015197754  1.766652E-14
4464.72711181641  1.786536E-14
4467.56407165527  1.772610E-14
4470.40103149414  1.775851E-14
4473.23799133301  1.788139E-14
4476.07495117188  1.794721E-14
4478.91191101074  1.792791E-14
4481.74887084961  1.775401E-14
4484.58583068848  1.799998E-14
4487.42279052735  1.776507E-14
4490.25975036621  1.798646E-14
4493.09671020508  1.756998E-14
4495.93367004395  1.786157E-14
4498.77062988281  1.840140E-14
4501.60758972168  1.814408E-14
4504.44454956055  1.798714E-14
4507.28150939942  1.821009E-14
4510.11846923828  1.814806E-14
4512.95542907715  1.806637E-14
4515.79238891602  1.808215E-14
4518.62934875488  1.825880E-14
4521.46630859375  1.839803E-14
4524.30326843262  1.796192E-14
4527.14022827149  1.810343E-14
4529.97718811035  1.798823E-14
4532.81414794922  1.793380E-14
4535.65110778809  1.801352E-14
4538.48806762695  1.763803E-14
4541.32502746582  1.762917E-14
4544.16198730469  1.787047E-14
4546.99894714356  1.780667E-14
4549.83590698242  1.780121E-14
4552.67286682129  1.747849E-14
4555.50982666016  1.787191E-14
4558.34678649902  1.791997E-14
4561.18374633789  1.776973E-14
4564.02070617676  1.782404E-14
4566.85766601563  1.749086E-14
4569.69462585449  1.733277E-14
4572.53158569336  1.739268E-14
4575.36854553223  1.710731E-14
4578.20550537109  1.704247E-14
4581.04246520996  1.700717E-14
4583.87942504883  1.697246E-14
4586.7163848877  1.692865E-14
4589.55334472656  1.740425E-14
4592.39030456543  1.963293E-14
4595.2272644043  1.745792E-14
4598.06422424317  1.666457E-14
4600.90118408203  1.636007E-14
4603.7381439209  1.653736E-14
4606.57510375977  1.642938E-14
4609.41206359863  1.624592E-14
4612.2490234375  1.624107E-14
4615.08598327637  1.606221E-14
4617.92294311523  1.570717E-14
4620.7599029541  1.566891E-14
4623.59686279297  1.576123E-14
4626.43382263184  1.546335E-14
4629.2707824707  1.550667E-14
4632.10774230957  1.532396E-14
4634.94470214844  1.527372E-14
4637.78166198731  1.536864E-14
4640.61862182617  1.539146E-14
4643.45558166504  1.486950E-14
4646.29254150391  1.509757E-14
4649.12950134278  1.509414E-14
4651.96646118164  1.485927E-14
4654.80342102051  1.517981E-14
4657.64038085938  1.500085E-14
4660.47734069824  1.485629E-14
4663.31430053711  1.461343E-14
4666.15126037598  1.416139E-14
4668.98822021485  1.398193E-14
4671.82518005371  1.385857E-14
4674.66213989258  1.437256E-14
4677.49909973145  1.403311E-14
4680.33605957031  1.405180E-14
4683.17301940918  1.367652E-14
4686.00997924805  1.343902E-14
4688.84693908692  1.334273E-14
4691.68389892578  1.301951E-14
4694.52085876465  1.311243E-14
4697.35781860352  1.285405E-14
4700.19477844238  1.263345E-14
4703.03173828125  1.248855E-14
4705.86869812012  1.239065E-14
4708.70565795899  1.236935E-14
4711.54261779785  1.234619E-14
4714.37957763672  1.207365E-14
4717.21653747559  1.195014E-14
4720.05349731445  1.180211E-14
4722.89045715332  1.168887E-14
4725.72741699219  1.205960E-14
4728.56437683106  1.220579E-14
4731.40133666992  1.197716E-14
4734.23829650879  1.155058E-14
4737.07525634766  1.211955E-14
4739.91221618652  1.233735E-14
4742.74917602539  1.286162E-14
4745.58613586426  1.282579E-14
4748.42309570313  1.299770E-14
4751.26005554199  1.365543E-14
4754.09701538086  1.357251E-14
4756.93397521973  1.374589E-14
4759.7709350586  1.415668E-14
4762.60789489746  1.484210E-14
4765.44485473633  1.480393E-14
4768.2818145752  1.509607E-14
4771.11877441406  1.587498E-14
4773.95573425293  1.619308E-14
4776.7926940918  1.605760E-14
4779.62965393067  1.641228E-14
4782.46661376953  1.673973E-14
4785.3035736084  1.711163E-14
4788.14053344727  1.696662E-14
4790.97749328613  1.735076E-14
4793.814453125  1.812167E-14
4796.65141296387  1.803098E-14
4799.48837280274  1.800004E-14
4802.3253326416  1.847096E-14
4805.16229248047  1.875704E-14
4807.99925231934  1.893431E-14
4810.8362121582  1.883311E-14
4813.67317199707  1.887674E-14
4816.51013183594  1.934512E-14
4819.34709167481  1.935356E-14
4822.18405151367  1.925956E-14
4825.02101135254  1.945749E-14
4827.85797119141  1.934289E-14
4830.69493103028  1.946532E-14
4833.53189086914  1.946938E-14
4836.36885070801  1.948380E-14
4839.20581054688  1.945672E-14
4842.04277038574  2.008148E-14
4844.87973022461  1.949829E-14
4847.71669006348  1.943969E-14
4850.55364990235  1.966057E-14
4853.39060974121  1.988448E-14
4856.22756958008  1.976799E-14
4859.06452941895  1.948652E-14
4861.90148925781  1.952565E-14
4864.73844909668  1.964546E-14
4867.57540893555  1.933302E-14
4870.41236877442  1.918412E-14
4873.24932861328  1.936094E-14
4876.08628845215  1.915010E-14
4878.92324829102  1.902778E-14
4881.76020812988  1.933262E-14
4884.59716796875  1.878150E-14
4887.43412780762  1.911775E-14
4890.27108764649  1.882197E-14
4893.10804748535  1.897864E-14
4895.94500732422  1.884180E-14
4898.78196716309  1.875444E-14
4901.61892700196  1.858118E-14
4904.45588684082  1.855406E-14
4907.29284667969  1.833177E-14
4910.12980651856  1.866282E-14
4912.96676635742  1.871234E-14
4915.80372619629  1.839407E-14
4918.64068603516  1.824643E-14
4921.47764587403  1.822701E-14
4924.31460571289  1.830652E-14
4927.15156555176  1.810473E-14
4929.98852539063  1.808347E-14
4932.82548522949  1.809642E-14
4935.66244506836  1.821241E-14
4938.49940490723  1.793078E-14
4941.3363647461  1.781638E-14
4944.17332458496  1.781572E-14
4947.01028442383  1.762039E-14
4949.8472442627  1.753182E-14
4952.68420410156  1.753185E-14
4955.52116394043  1.769999E-14
4958.3581237793  1.731890E-14
4961.19508361817  1.745531E-14
4964.03204345703  1.729870E-14
4966.8690032959  1.725433E-14
4969.70596313477  1.723394E-14
4972.54292297364  1.701563E-14
4975.3798828125  1.716203E-14
4978.21684265137  1.713680E-14
4981.05380249024  1.698899E-14
4983.8907623291  1.673930E-14
4986.72772216797  1.682460E-14
4989.56468200684  1.667968E-14
4992.4016418457  1.655511E-14
4995.23860168457  1.660519E-14
4998.07556152344  1.639221E-14
5000.91252136231  1.640264E-14
5003.74948120117  1.626585E-14
5006.58644104004  1.660649E-14
5009.42340087891  1.622242E-14
5012.26036071778  1.605544E-14
5015.09732055664  1.610885E-14
5017.93428039551  1.599626E-14
5020.77124023438  1.603481E-14
5023.60820007324  1.595766E-14
5026.44515991211  1.583716E-14
5029.28211975098  1.553069E-14
5032.11907958985  1.571201E-14
5034.95603942871  1.556310E-14
5037.79299926758  1.567148E-14
5040.62995910645  1.593104E-14
5043.46691894532  1.547968E-14
5046.30387878418  1.564297E-14
5049.14083862305  1.577155E-14
5051.97779846192  1.563175E-14
5054.81475830078  1.575679E-14
5057.65171813965  1.586634E-14
5060.48867797852  1.592615E-14
5063.32563781739  1.583109E-14
5066.16259765625  1.590528E-14
5068.99955749512  1.578186E-14
5071.83651733399  1.599415E-14
5074.67347717285  1.587662E-14
5077.51043701172  1.618353E-14
5080.34739685059  1.605698E-14
5083.18435668946  1.617063E-14
5086.02131652832  1.613570E-14
5088.85827636719  1.622586E-14
5091.69523620606  1.611449E-14
5094.53219604493  1.603077E-14
5097.36915588379  1.600694E-14
5100.20611572266  1.614836E-14
5103.04307556153  1.618347E-14
5105.88003540039  1.626288E-14
5108.71699523926  1.632428E-14
5111.55395507813  1.606472E-14
5114.390914917  1.641484E-14
5117.22787475586  1.646418E-14
5120.06483459473  1.630510E-14
5122.9017944336  1.650559E-14
5125.73875427246  1.627033E-14
5128.57571411133  1.655959E-14
5131.4126739502  1.648700E-14
5134.24963378907  1.627615E-14
5137.08659362793  1.629750E-14
5139.9235534668  1.639674E-14
5142.76051330567  1.627427E-14
5145.59747314453  1.671982E-14
5148.4344329834  1.653148E-14
5151.27139282227  1.659457E-14
5154.10835266114  1.621641E-14
5156.9453125  1.634795E-14
5159.78227233887  1.643287E-14
5162.61923217774  1.608736E-14
5165.4561920166  1.634150E-14
5168.29315185547  1.636576E-14
5171.13011169434  1.651604E-14
5173.96707153321  1.639842E-14
5176.80403137207  1.627667E-14
5179.64099121094  1.625590E-14
5182.47795104981  1.627717E-14
5185.31491088867  1.631776E-14
5188.15187072754  1.640562E-14
5190.98883056641  1.626088E-14
5193.82579040528  1.638841E-14
5196.66275024414  1.639903E-14
5199.49971008301  1.625737E-14
5202.33666992188  1.609000E-14
5205.17362976075  1.637038E-14
5208.01058959961  1.615307E-14
5210.84754943848  1.633012E-14
5213.68450927735  1.629411E-14
5216.52146911621  1.622472E-14
5219.35842895508  1.642378E-14
5222.19538879395  1.621166E-14
5225.03234863281  1.634294E-14
5227.86930847168  1.640573E-14
5230.70626831055  1.613640E-14
5233.54322814942  1.630743E-14
5236.38018798828  1.593155E-14
5239.21714782715  1.597738E-14
5242.05410766602  1.613103E-14
5244.89106750489  1.607966E-14
5247.72802734375  1.637634E-14
5250.56498718262  1.592098E-14
5253.40194702149  1.595016E-14
5256.23890686035  1.579611E-14
5259.07586669922  1.595803E-14
5261.91282653809  1.564510E-14
5264.74978637696  1.553312E-14
5267.58674621582  1.548646E-14
5270.42370605469  1.566542E-14
5273.26066589356  1.598383E-14
5276.09762573243  1.565470E-14
5278.93458557129  1.532009E-14
5281.77154541016  1.580566E-14
5284.60850524903  1.559256E-14
5287.44546508789  1.553280E-14
5290.28242492676  1.558351E-14
5293.11938476563  1.558148E-14
5295.95634460449  1.566268E-14
5298.79330444336  1.527920E-14
5301.63026428223  1.546395E-14
5304.4672241211  1.512169E-14
5307.30418395996  1.528308E-14
5310.14114379883  1.533322E-14
5312.9781036377  1.509586E-14
5315.81506347657  1.475529E-14
5318.65202331543  1.470077E-14
5321.4889831543  1.506637E-14
5324.32594299317  1.513968E-14
5327.16290283203  1.491962E-14
5329.9998626709  1.520740E-14
5332.83682250977  1.494175E-14
5335.67378234864  1.510226E-14
5338.5107421875  1.478492E-14
5341.34770202637  1.502879E-14
5344.18466186524  1.486154E-14
5347.0216217041  1.478677E-14
5349.85858154297  1.486250E-14
5352.69554138184  1.465212E-14
5355.53250122071  1.469168E-14
5358.36946105957  1.452909E-14
5361.20642089844  1.464494E-14
5364.04338073731  1.455885E-14
5366.88034057618  1.426107E-14
5369.71730041504  1.435870E-14
5372.55426025391  1.441153E-14
5375.39122009278  1.440464E-14
5378.22817993164  1.454817E-14
5381.06513977051  1.438463E-14
5383.90209960938  1.426512E-14
5386.73905944825  1.427772E-14
5389.57601928711  1.438520E-14
5392.41297912598  1.428143E-14
5395.24993896485  1.401387E-14
5398.08689880371  1.420991E-14
5400.92385864258  1.412428E-14
5403.76081848145  1.401489E-14
5406.59777832032  1.406803E-14
5409.43473815918  1.389016E-14
5412.27169799805  1.390247E-14
5415.10865783692  1.399202E-14
5417.94561767579  1.414958E-14
5420.78257751465  1.400528E-14
5423.61953735352  1.403263E-14
5426.45649719239  1.367265E-14
5429.29345703126  1.409183E-14
5432.13041687012  1.414942E-14
5434.96737670899  1.389530E-14
5437.80433654786  1.415155E-14
5440.64129638672  1.384687E-14
5443.47825622559  1.390748E-14
5446.31521606446  1.377567E-14
5449.15217590332  1.367982E-14
5451.98913574219  1.357139E-14
5454.82609558106  1.353478E-14
5457.66305541993  1.358605E-14
5460.50001525879  1.356644E-14
5463.33697509766  1.359986E-14
5466.17393493653  1.364032E-14
5469.0108947754  1.365736E-14
5471.84785461426  1.359991E-14
5474.68481445313  1.355340E-14
5477.521774292  1.367541E-14
5480.35873413086  1.332684E-14
5483.19569396973  1.364061E-14
5486.0326538086  1.343460E-14
5488.86961364747  1.352568E-14
5491.70657348633  1.363908E-14
5494.5435333252  1.344025E-14
5497.38049316407  1.325864E-14
5500.21745300293  1.340516E-14
5503.0544128418  1.367436E-14
5505.89137268067  1.368484E-14
5508.72833251954  1.348996E-14
5511.5652923584  1.340136E-14
5514.40225219727  1.342430E-14
5517.23921203614  1.353103E-14
5520.076171875  1.369011E-14
5522.91313171387  1.344347E-14
5525.75009155274  1.327772E-14
5528.58705139161  1.299210E-14
5531.42401123047  1.307954E-14
5534.26097106934  1.330022E-14
5537.09793090821  1.307758E-14
5539.93489074708  1.334359E-14
5542.77185058594  1.342258E-14
5545.60881042481  1.292981E-14
5548.44577026368  1.308861E-14
5551.28273010254  1.332987E-14
5554.11968994141  1.312615E-14
5556.95664978028  1.288428E-14
5559.79360961914  1.315543E-14
5562.63056945801  1.301125E-14
5565.46752929688  1.287881E-14
5568.30448913575  1.304397E-14
5571.14144897461  1.297733E-14
5573.97840881348  1.305365E-14
5576.81536865235  1.289850E-14
5579.65232849121  1.299176E-14
5582.48928833008  1.295807E-14
5585.32624816895  1.300734E-14
5588.16320800782  1.304068E-14
5591.00016784668  1.268180E-14
5593.83712768555  1.284194E-14
5596.67408752442  1.273314E-14
5599.51104736329  1.273711E-14
5602.34800720215  1.275042E-14
5605.18496704102  1.276496E-14
5608.02192687989  1.251992E-14
5610.85888671875  1.280082E-14
5613.69584655762  1.261107E-14
5616.53280639649  1.269278E-14
5619.36976623536  1.247087E-14
5622.20672607422  1.263415E-14
5625.04368591309  1.278400E-14
5627.88064575196  1.242354E-14
5630.71760559082  1.284256E-14
5633.55456542969  1.270512E-14
5636.39152526856  1.256963E-14
5639.22848510743  1.259738E-14
5642.06544494629  1.249048E-14
5644.90240478516  1.248286E-14
5647.73936462403  1.259197E-14
5650.57632446289  1.269645E-14
5653.41328430176  1.240036E-14
5656.25024414063  1.258569E-14
5659.0872039795  1.253847E-14
5661.92416381836  1.249179E-14
5664.76112365723  1.246248E-14
5667.5980834961  1.227477E-14
5670.43504333497  1.273861E-14
5673.27200317383  1.248459E-14
5676.1089630127  1.231224E-14
5678.94592285157  1.231068E-14
5681.78288269043  1.249382E-14
5684.6198425293  1.210517E-14
5687.45680236817  1.226931E-14
5690.29376220704  1.251219E-14
5693.1307220459  1.252804E-14
5695.96768188477  1.208636E-14
5698.80464172364  1.228150E-14
5701.6416015625  1.234340E-14
5704.47856140137  1.238834E-14
5707.31552124024  1.238125E-14
5710.15248107911  1.239324E-14
5712.98944091797  1.224552E-14
5715.82640075684  1.222898E-14
5718.66336059571  1.226825E-14
5721.50032043457  1.220259E-14
5724.33728027344  1.216301E-14
5727.17424011231  1.216095E-14
5730.01119995118  1.191740E-14
5732.84815979004  1.202433E-14
5735.68511962891  1.225443E-14
5738.52207946778  1.219419E-14
5741.35903930664  1.201761E-14
5744.19599914551  1.179678E-14
5747.03295898438  1.216907E-14
5749.86991882325  1.223245E-14
5752.70687866211  1.201974E-14
5755.54383850098  1.232765E-14
5758.38079833985  1.221307E-14
5761.21775817872  1.225947E-14
5764.05471801758  1.232970E-14
5766.89167785645  1.230405E-14
5769.72863769532  1.227763E-14
5772.56559753418  1.229950E-14
5775.40255737305  1.230658E-14
5778.23951721192  1.246145E-14
5781.07647705079  1.239782E-14
5783.91343688965  1.233978E-14
5786.75039672852  1.267503E-14
5789.58735656739  1.291760E-14
5792.42431640625  1.268472E-14
5795.26127624512  1.263647E-14
5798.09823608399  1.273225E-14
5800.93519592286  1.283118E-14
5803.77215576172  1.302743E-14
5806.60911560059  1.283805E-14
5809.44607543946  1.286883E-14
5812.28303527833  1.297637E-14
5815.11999511719  1.305073E-14
5817.95695495606  1.296070E-14
5820.79391479493  1.308713E-14
5823.63087463379  1.300693E-14
5826.46783447266  1.289848E-14
5829.30479431153  1.313528E-14
5832.1417541504  1.338380E-14
5834.97871398926  1.332038E-14
5837.81567382813  1.310598E-14
5840.652633667  1.303650E-14
5843.48959350586  1.297955E-14
5846.32655334473  1.322945E-14
5849.1635131836  1.330383E-14
5852.00047302247  1.312365E-14
5854.83743286133  1.317590E-14
5857.6743927002  1.331115E-14
5860.51135253907  1.331327E-14
5863.34831237793  1.313447E-14
5866.1852722168  1.316943E-14
5869.02223205567  1.334628E-14
5871.85919189454  1.321839E-14
5874.6961517334  1.301003E-14
5877.53311157227  1.320179E-14
5880.37007141114  1.298854E-14
5883.20703125001  1.269936E-14
5886.04399108887  1.296557E-14
5888.88095092774  1.276573E-14
5891.71791076661  1.269395E-14
5894.55487060547  1.253753E-14
5897.39183044434  1.252510E-14
5900.22879028321  1.263087E-14
5903.06575012208  1.243340E-14
5905.90270996094  1.248351E-14
5908.73966979981  1.244069E-14
5911.57662963868  1.259599E-14
5914.41358947754  1.260492E-14
5917.25054931641  1.245343E-14
5920.08750915528  1.274425E-14
5922.92446899415  1.276023E-14
5925.76142883301  1.284589E-14
5928.59838867188  1.280537E-14
5931.43534851075  1.288121E-14
5934.27230834961  1.288637E-14
5937.10926818848  1.279293E-14
5939.94622802735  1.272316E-14
5942.78318786622  1.261405E-14
5945.62014770508  1.269235E-14
5948.45710754395  1.259383E-14
5951.29406738282  1.264951E-14
5954.13102722169  1.256908E-14
5956.96798706055  1.263085E-14
5959.80494689942  1.275410E-14
5962.64190673829  1.257716E-14
5965.47886657715  1.244795E-14
5968.31582641602  1.248322E-14
5971.15278625489  1.244986E-14
5973.98974609376  1.253942E-14
5976.82670593262  1.251809E-14
5979.66366577149  1.236306E-14
5982.50062561036  1.229305E-14
5985.33758544922  1.256894E-14
5988.17454528809  1.253169E-14
5991.01150512696  1.241839E-14
5993.84846496582  1.265491E-14
5996.68542480469  1.259283E-14
5999.52238464356  1.221456E-14
6002.35934448243  1.234513E-14
6005.19630432129  1.253425E-14
6008.03326416016  1.226697E-14
6010.87022399903  1.230146E-14
6013.7071838379  1.217868E-14
6016.54414367676  1.226808E-14
6019.38110351563  1.246605E-14
6022.2180633545  1.223215E-14
6025.05502319336  1.231546E-14
6027.89198303223  1.234748E-14
6030.7289428711  1.212488E-14
6033.56590270997  1.208906E-14
6036.40286254883  1.223328E-14
6039.2398223877  1.228564E-14
6042.07678222657  1.213779E-14
6044.91374206543  1.205933E-14
6047.7507019043  1.203187E-14
6050.58766174317  1.226627E-14
6053.42462158204  1.219668E-14
6056.2615814209  1.200888E-14
6059.09854125977  1.211290E-14
6061.93550109864  1.195425E-14
6064.7724609375  1.188265E-14
6067.60942077637  1.201415E-14
6070.44638061524  1.186783E-14
6073.28334045411  1.180131E-14
6076.12030029297  1.214067E-14
6078.95726013184  1.211461E-14
6081.79421997071  1.170805E-14
6084.63117980958  1.186115E-14
6087.46813964844  1.217232E-14
6090.30509948731  1.195043E-14
6093.14205932618  1.166497E-14
6095.97901916504  1.159577E-14
6098.81597900391  1.180229E-14
6101.65293884278  1.180759E-14
6104.48989868164  1.191729E-14
6107.32685852051  1.181726E-14
6110.16381835938  1.195581E-14
6113.00077819825  1.191962E-14
6115.83773803711  1.185710E-14
6118.67469787598  1.186271E-14
6121.51165771485  1.195778E-14
6124.34861755372  1.182687E-14
6127.18557739258  1.184666E-14
6130.02253723145  1.186774E-14
6132.85949707032  1.175840E-14
6135.69645690918  1.159008E-14
6138.53341674805  1.156145E-14
6141.37037658692  1.149988E-14
6144.20733642579  1.153439E-14
6147.04429626465  1.142503E-14
6149.88125610352  1.162070E-14
6152.71821594239  1.135031E-14
6155.55517578125  1.142243E-14
6158.39213562012  1.220500E-14
6161.22909545899  1.289861E-14
6164.06605529786  1.341188E-14
6166.90301513672  1.396813E-14
6169.73997497559  1.117225E-14
6172.57693481446  1.089755E-14
6175.41389465332  1.090766E-14
6178.25085449219  1.090398E-14
6181.08781433106  1.072931E-14
6183.92477416993  1.098795E-14
6186.76173400879  1.077023E-14
6189.59869384766  1.089277E-14
6192.43565368653  1.076576E-14
6195.2726135254  1.081725E-14
6198.10957336426  1.058284E-14
6200.94653320313  1.061224E-14
6203.783493042  1.050646E-14
6206.62045288086  1.027820E-14
6209.45741271973  1.045353E-14
6212.2943725586  1.016988E-14
6215.13133239747  1.045625E-14
6217.96829223633  1.031997E-14
6220.8052520752  1.040122E-14
6223.64221191407  1.042402E-14
6226.47917175293  1.015225E-14
6229.3161315918  1.012649E-14
6232.15309143067  1.021101E-14
6234.99005126954  9.988695E-15
6237.8270111084  9.921493E-15
6240.66397094727  1.003655E-14
6243.50093078614  9.916506E-15
6246.33789062501  9.805537E-15
6249.17485046387  9.784500E-15
6252.01181030274  9.771403E-15
6254.84877014161  9.974520E-15
6257.68572998047  9.845348E-15
6260.52268981934  9.846762E-15
6263.35964965821  9.899809E-15
6266.19660949708  9.781763E-15
6269.03356933594  9.589828E-15
6271.87052917481  9.560094E-15
6274.70748901368  9.392510E-15
6277.54444885255  9.330786E-15
6280.38140869141  9.555836E-15
6283.21836853028  9.365679E-15
6286.05532836915  9.455967E-15
6288.89228820801  9.187591E-15
6291.72924804688  9.295973E-15
6294.56620788575  9.523681E-15
6297.40316772462  9.329136E-15
6300.24012756348  9.190695E-15
6303.07708740235  8.951587E-15
6305.91404724122  9.000968E-15
6308.75100708009  8.844994E-15
6311.58796691895  8.833463E-15
6314.42492675782  9.032714E-15
6317.26188659669  8.808595E-15
6320.09884643555  9.026728E-15
6322.93580627442  9.198776E-15
6325.77276611329  8.940556E-15
6328.60972595215  8.806572E-15
6331.44668579102  8.853417E-15
6334.28364562989  8.823671E-15
6337.12060546876  8.845097E-15
6339.95756530762  8.828586E-15
6342.79452514649  8.675875E-15
6345.63148498536  8.560202E-15
6348.46844482423  8.597458E-15
6351.30540466309  8.649029E-15
6354.14236450196  8.739915E-15
6356.97932434083  8.902451E-15
6359.81628417969  8.809108E-15
6362.65324401856  8.790922E-15
6365.49020385743  8.773813E-15
6368.3271636963  8.955075E-15
6371.16412353516  9.266576E-15
6374.00108337403  9.332247E-15
6376.8380432129  9.145756E-15
6379.67500305176  9.542053E-15
6382.51196289063  9.674210E-15
6385.3489227295  9.803337E-15
6388.18588256837  1.012791E-14
6391.02284240723  9.879988E-15
6393.8598022461  1.068451E-14
6396.69676208497  1.083454E-14
6399.53372192383  1.090070E-14
6402.3706817627  1.130730E-14
6405.20764160157  1.144093E-14
6408.04460144044  1.163069E-14
6410.8815612793  1.216886E-14
6413.71852111817  1.250034E-14
6416.55548095704  1.277064E-14
6419.3924407959  1.320244E-14
6422.22940063477  1.349776E-14
6425.06636047364  1.375180E-14
6427.90332031251  1.429902E-14
6430.74028015137  1.463738E-14
6433.57723999024  1.478157E-14
6436.41419982911  1.508725E-14
6439.25115966797  1.541328E-14
6442.08811950684  1.565199E-14
6444.92507934571  1.609964E-14
6447.76203918458  1.634994E-14
6450.59899902344  1.654454E-14
6453.43595886231  1.695820E-14
6456.27291870118  1.698348E-14
6459.10987854005  1.716727E-14
6461.94683837891  1.719434E-14
6464.78379821778  1.729617E-14
6467.62075805665  1.782911E-14
6470.45771789551  1.774452E-14
6473.29467773438  1.794199E-14
6476.13163757325  1.808025E-14
6478.96859741212  1.829945E-14
6481.80555725098  1.853820E-14
6484.64251708985  1.872119E-14
6487.47947692872  1.871778E-14
6490.31643676758  1.867146E-14
6493.15339660645  1.867530E-14
6495.99035644532  1.921233E-14
6498.82731628419  1.894203E-14
6501.66427612305  1.936034E-14
6504.50123596192  1.892714E-14
6507.33819580079  1.922751E-14
6510.17515563965  1.906069E-14
6513.01211547852  1.885917E-14
6515.84907531739  1.938559E-14
6518.68603515626  1.921679E-14
6521.52299499512  1.917454E-14
6524.35995483399  1.909848E-14
6527.19691467286  1.921879E-14
6530.03387451173  1.943305E-14
6532.87083435059  1.912538E-14
6535.70779418946  1.905335E-14
6538.54475402833  1.900370E-14
6541.38171386719  1.909595E-14
6544.21867370606  1.902532E-14
6547.05563354493  1.911130E-14
6549.8925933838  1.878439E-14
6552.72955322266  1.866292E-14
6555.56651306153  1.879881E-14
6558.4034729004  1.880934E-14
6561.24043273926  1.852301E-14
6564.07739257813  1.846201E-14
6566.914352417  1.884076E-14
6569.75131225587  1.876618E-14
6572.58827209473  1.853967E-14
6575.4252319336  1.836726E-14
6578.26219177247  1.827246E-14
6581.09915161134  1.825385E-14
6583.9361114502  1.815840E-14
6586.77307128907  1.805968E-14
6589.61003112794  1.779684E-14
6592.4469909668  1.765899E-14
6595.28395080567  1.772937E-14
6598.12091064454  1.757317E-14
6600.95787048341  1.759131E-14
6603.79483032227  1.752478E-14
6606.63179016114  1.758095E-14
6609.46875000001  1.718277E-14
6612.30570983887  1.720774E-14
6615.14266967774  1.703075E-14
6617.97962951661  1.681684E-14
6620.81658935548  1.697825E-14
6623.65354919434  1.646907E-14
6626.49050903321  1.636093E-14
6629.32746887208  1.619726E-14
6632.16442871094  1.623420E-14
6635.00138854981  1.618344E-14
6637.83834838868  1.588804E-14
6640.67530822755  1.586990E-14
6643.51226806641  1.572784E-14
6646.34922790528  1.544521E-14
6649.18618774415  1.524438E-14
6652.02314758301  1.515998E-14
6654.86010742188  1.496682E-14
6657.69706726075  1.495558E-14
6660.53402709962  1.474031E-14
6663.37098693848  1.479725E-14
6666.20794677735  1.474155E-14
6669.04490661622  1.451213E-14
6671.88186645509  1.450915E-14
6674.71882629395  1.430579E-14
6677.55578613282  1.425875E-14
6680.39274597169  1.433267E-14
6683.22970581055  1.412889E-14
6686.06666564942  1.382335E-14
6688.90362548829  1.362406E-14
6691.74058532716  1.380045E-14
6694.57754516602  1.368704E-14
6697.41450500489  1.375280E-14
6700.25146484376  1.364630E-14
6703.08842468262  1.344452E-14
6705.92538452149  1.335470E-14
6708.76234436036  1.336431E-14
6711.59930419923  1.313363E-14
6714.43626403809  1.329395E-14
6717.27322387696  1.313394E-14
6720.11018371583  1.257402E-14
6722.94714355469  1.284293E-14
6725.78410339356  1.269551E-14
6728.62106323243  1.248170E-14
6731.4580230713  1.262867E-14
6734.29498291016  1.253916E-14
6737.13194274903  1.213515E-14
6739.9689025879  1.234355E-14
6742.80586242677  1.228717E-14
6745.64282226563  1.207071E-14
6748.4797821045  1.198732E-14
6751.31674194337  1.206843E-14
6754.15370178223  1.221532E-14
6756.9906616211  1.194750E-14
6759.82762145997  1.173058E-14
6762.66458129883  1.168135E-14
6765.5015411377  1.171486E-14
6768.33850097657  1.161579E-14
6771.17546081544  1.124907E-14
6774.0124206543  1.147149E-14
6776.84938049317  1.135162E-14
6779.68634033204  1.156419E-14
6782.52330017091  1.123245E-14
6785.36026000977  1.134440E-14
6788.19721984864  1.110348E-14
6791.03417968751  1.101928E-14
6793.87113952637  1.144526E-14
6796.70809936524  1.145288E-14
6799.54505920411  1.093886E-14
6802.38201904298  1.127998E-14
6805.21897888184  1.112598E-14
6808.05593872071  1.095765E-14
6810.89289855958  1.087483E-14
6813.72985839844  1.096190E-14
6816.56681823731  1.105120E-14
6819.40377807618  1.089623E-14
6822.24073791505  1.098157E-14
6825.07769775391  1.086430E-14
6827.91465759278  1.090619E-14
6830.75161743165  1.052737E-14
6833.58857727051  1.062236E-14
6836.42553710938  1.071952E-14
6839.26249694825  1.044389E-14
6842.09945678712  1.051626E-14
6844.93641662598  1.059865E-14
6847.77337646485  1.062687E-14
6850.61033630372  1.041957E-14
6853.44729614259  1.027934E-14
6856.28425598145  1.044464E-14
6859.12121582032  1.106405E-14
6861.95817565919  1.036836E-14
6864.79513549805  1.013542E-14
6867.63209533692  1.037731E-14
6870.46905517579  1.045558E-14
6873.30601501465  1.067482E-14
6876.14297485352  1.056474E-14
6878.97993469239  1.053623E-14
6881.81689453126  1.022291E-14
6884.65385437012  9.934022E-15
6887.49081420899  1.023591E-14
6890.32777404786  1.004373E-14
6893.16473388673  1.011583E-14
6896.00169372559  1.025023E-14
6898.83865356446  1.013720E-14
6901.67561340333  1.021305E-14
6904.51257324219  9.974820E-15
6907.34953308106  1.005660E-14
6910.18649291993  9.958667E-15
6913.0234527588  9.676925E-15
6915.86041259766  9.757205E-15
6918.69737243653  9.715697E-15
6921.5343322754  9.690756E-15
6924.37129211426  9.867881E-15
6927.20825195313  9.809088E-15
6930.045211792  9.611246E-15
6932.88217163087  9.779215E-15
6935.71913146973  9.589074E-15
6938.5560913086  9.492974E-15
6941.39305114747  9.414836E-15
6944.23001098633  9.733386E-15
6947.0669708252  9.941063E-15
6949.90393066407  9.766949E-15
6952.74089050294  9.680045E-15
6955.5778503418  9.461394E-15
6958.41481018067  9.251802E-15
6961.25177001954  9.494582E-15
6964.08872985841  9.917671E-15
6966.92568969727  9.805442E-15
6969.76264953614  9.750620E-15
6972.59960937501  9.915258E-15
6975.43656921387  9.708345E-15
6978.27352905274  9.640116E-15
6981.11048889161  9.665184E-15
6983.94744873048  9.633776E-15
6986.78440856934  9.711079E-15
6989.62136840821  9.786041E-15
6992.45832824708  9.701992E-15
6995.29528808594  9.300837E-15
6998.13224792481  9.531473E-15
7000.96920776368  9.222454E-15
7003.80616760255  9.457728E-15
7006.64312744141  9.478981E-15
7009.48008728028  9.464281E-15
7012.31704711915  9.601351E-15
7015.15400695802  9.248855E-15
7017.99096679688  9.437410E-15
7020.82792663575  9.253893E-15
7023.66488647462  9.466803E-15
7026.50184631348  9.294160E-15
7029.33880615235  9.274890E-15
7032.17576599122  9.487746E-15
7035.01272583009  9.290265E-15
7037.84968566895  9.363957E-15
7040.68664550782  9.665950E-15
7043.52360534669  9.498837E-15
7046.36056518555  9.319713E-15
7049.19752502442  9.458704E-15
7052.03448486329  9.572715E-15
7054.87144470216  9.573626E-15
7057.70840454102  9.497404E-15
7060.54536437989  9.450163E-15
7063.38232421876  9.556034E-15
7066.21928405762  9.510654E-15
7069.05624389649  9.320191E-15
7071.89320373536  9.264831E-15
7074.73016357423  9.374983E-15
7077.56712341309  9.242094E-15
7080.40408325196  9.191673E-15
7083.24104309083  9.097125E-15
7086.07800292969  9.238248E-15
7088.91496276856  9.253103E-15
7091.75192260743  9.432039E-15
7094.5888824463  9.350491E-15
7097.42584228516  9.294852E-15
7100.26280212403  9.324605E-15
7103.0997619629  9.318093E-15
7105.93672180177  9.260216E-15
7108.77368164063  9.247397E-15
7111.6106414795  9.263332E-15
7114.44760131837  9.278846E-15
7117.28456115723  9.195557E-15
7120.1215209961  9.121603E-15
7122.95848083497  9.296110E-15
7125.79544067384  9.358658E-15
7128.6324005127  8.988140E-15
7131.46936035157  8.965612E-15
7134.30632019044  9.152131E-15
7137.1432800293  9.106276E-15
7139.98023986817  9.091413E-15
7142.81719970704  8.904366E-15
7145.65415954591  8.971313E-15
7148.49111938477  9.317819E-15
7151.32807922364  9.291388E-15
7154.16503906251  9.123910E-15
7157.00199890138  9.059449E-15
7159.83895874024  9.086890E-15
7162.67591857911  9.188764E-15
7165.51287841798  9.274004E-15
7168.34983825684  9.156319E-15
7171.18679809571  9.073000E-15
7174.02375793458  9.459492E-15
7176.86071777345  9.316055E-15
7179.69767761231  9.033512E-15
7182.53463745118  9.284615E-15
7185.37159729005  9.008066E-15
7188.20855712892  9.293585E-15
7191.04551696778  9.123170E-15
7193.88247680665  9.337906E-15
7196.71943664552  9.142982E-15
7199.55639648438  8.945947E-15
7202.39335632325  9.205967E-15
7205.23031616212  9.299613E-15
7208.06727600098  9.157985E-15
7210.90423583985  9.004236E-15
7213.74119567872  9.023343E-15
7216.57815551759  9.096445E-15
7219.41511535645  9.098055E-15
7222.25207519532  9.035514E-15
7225.08903503419  9.135509E-15
7227.92599487306  9.161404E-15
7230.76295471192  8.982612E-15
7233.59991455079  8.788103E-15
7236.43687438966  8.855054E-15
7239.27383422852  9.186636E-15
7242.11079406739  9.011827E-15
7244.94775390626  9.001999E-15
7247.78471374513  8.796369E-15
7250.62167358399  8.784288E-15
7253.45863342286  9.045960E-15
7256.29559326173  8.971515E-15
7259.13255310059  8.585518E-15
7261.96951293946  8.837211E-15
7264.80647277833  9.126816E-15
7267.6434326172  8.831998E-15
7270.48039245606  8.716891E-15
7273.31735229493  8.817859E-15
7276.1543121338  8.750600E-15
7278.99127197266  8.960437E-15
7281.82823181153  8.968638E-15
7284.6651916504  8.630256E-15
7287.50215148927  8.767533E-15
7290.33911132813  8.877464E-15
7293.176071167  8.908807E-15
7296.01303100587  8.916263E-15
7298.84999084473  8.733530E-15
7301.6869506836  8.556428E-15
7304.52391052247  8.605194E-15
7307.36087036134  8.975427E-15
7310.1978302002  8.745968E-15
7313.03479003907  8.703728E-15
7315.87174987794  8.709570E-15
7318.70870971681  8.750442E-15
7321.54566955567  8.721476E-15
7324.38262939454  8.771382E-15
7327.21958923341  8.863958E-15
7330.05654907227  8.629036E-15
7332.89350891114  8.660757E-15
7335.73046875001  8.903856E-15
7338.56742858887  8.896954E-15
7341.40438842774  8.720127E-15
7344.24134826661  8.501750E-15
7347.07830810548  8.827232E-15
7349.91526794435  8.781664E-15
7352.75222778321  8.729389E-15
7355.58918762208  8.785002E-15
7358.42614746095  8.770016E-15
7361.26310729981  8.772924E-15
7364.10006713868  8.685959E-15
7366.93702697755  8.501920E-15
7369.77398681642  8.522757E-15
7372.61094665528  8.757162E-15
7375.44790649415  8.531447E-15
7378.28486633302  8.383433E-15
7381.12182617188  8.563285E-15
7383.95878601075  8.632726E-15
7386.79574584962  8.608353E-15
7389.63270568849  8.390333E-15
7392.46966552735  8.265231E-15
7395.30662536622  8.620449E-15
7398.14358520509  8.483946E-15
7400.98054504395  8.357930E-15
7403.81750488282  8.347616E-15
7406.65446472169  8.479701E-15
7409.49142456056  8.568545E-15
7412.32838439942  8.504094E-15
7415.16534423829  8.493680E-15
7418.00230407716  8.517184E-15
7420.83926391602  8.486168E-15
7423.67622375489  8.347629E-15
7426.51318359376  8.347711E-15
7429.35014343263  8.551592E-15
7432.18710327149  8.430505E-15
7435.02406311036  8.306086E-15
7437.86102294923  8.266923E-15
7440.6979827881  8.210982E-15
7443.53494262696  8.415926E-15
7446.37190246583  8.363292E-15
7449.2088623047  8.401895E-15
7452.04582214356  8.243869E-15
7454.88278198243  8.149048E-15
7457.7197418213  8.156024E-15
7460.55670166016  8.232228E-15
7463.39366149903  8.119558E-15
7466.2306213379  8.492202E-15
7469.06758117677  8.426990E-15
7471.90454101563  8.412432E-15
7474.7415008545  8.544624E-15
7477.57846069337  8.429501E-15
7480.41542053224  8.383232E-15
7483.2523803711  8.291898E-15
7486.08934020997  8.300443E-15
7488.92630004884  8.334550E-15
7491.7632598877  8.260801E-15
7494.60021972657  8.409654E-15
7497.43717956544  8.436778E-15
7500.27413940431  8.469734E-15
7503.11109924317  8.222976E-15
7505.94805908204  8.152569E-15
7508.78501892091  7.975983E-15
7511.62197875978  8.310509E-15
7514.45893859864  8.466429E-15
7517.29589843751  8.228573E-15
7520.13285827638  8.072248E-15
7522.96981811524  8.049553E-15
7525.80677795411  8.297968E-15
7528.64373779298  8.229110E-15
7531.48069763184  7.895559E-15
7534.31765747071  8.127005E-15
7537.15461730958  8.136775E-15
7539.99157714845  7.907293E-15
7542.82853698731  7.679569E-15
7545.66549682618  8.042764E-15
7548.50245666505  7.638560E-15
7551.33941650392  7.791566E-15
7554.17637634278  7.850522E-15
7557.01333618165  7.848822E-15
7559.85029602052  7.728428E-15
7562.68725585938  7.638596E-15
7565.52421569825  7.633391E-15
7568.36117553712  7.772952E-15
7571.19813537599  7.935981E-15
7574.03509521485  7.988183E-15
7576.87205505372  8.119086E-15
7579.70901489259  7.726040E-15
7582.54597473145  7.809185E-15
7585.38293457032  8.136795E-15
7588.21989440919  8.001082E-15
7591.05685424806  8.001322E-15
7593.89381408692  8.351881E-15
7596.73077392579  8.582911E-15
7599.56773376466  8.494625E-15
7602.40469360352  8.367622E-15
7605.24165344239  7.566628E-15
7608.07861328126  7.831866E-15
7610.91557312013  8.327324E-15
7613.75253295899  8.358953E-15
7616.58949279786  8.349184E-15
7619.42645263673  8.073160E-15
7622.26341247559  8.001869E-15
7625.10037231446  8.149046E-15
7627.93733215333  8.102560E-15
7630.7742919922  8.399060E-15
7633.61125183106  8.739245E-15
7636.44821166993  8.296350E-15
7639.2851715088  8.809589E-15
7642.12213134767  8.513216E-15
7644.95909118653  8.097473E-15
7647.7960510254  8.448135E-15
7650.63301086427  8.481498E-15
7653.46997070313  8.277336E-15
7656.306930542  8.303304E-15
7659.14389038087  8.224082E-15
7661.98085021973  8.141864E-15
7664.8178100586  8.311545E-15
7667.65476989747  8.450052E-15
7670.49172973634  8.238683E-15
7673.3286895752  8.129944E-15
7676.16564941407  8.299638E-15
7679.00260925294  8.023217E-15
7681.83956909181  8.134040E-15
7684.67652893067  8.228367E-15
7687.51348876954  8.189702E-15
7690.35044860841  8.211037E-15
7693.18740844727  8.315023E-15
7696.02436828614  8.362476E-15
7698.86132812501  8.377295E-15
7701.69828796387  8.360535E-15
7704.53524780274  8.469237E-15
7707.37220764161  8.228329E-15
7710.20916748048  8.111275E-15
7713.04612731935  8.278705E-15
7715.88308715821  8.246813E-15
7718.72004699708  8.220772E-15
7721.55700683595  8.355392E-15
7724.39396667481  8.539357E-15
7727.23092651368  8.633724E-15
7730.06788635255  8.585134E-15
7732.90484619141  8.291078E-15
7735.74180603028  8.253381E-15
7738.57876586915  8.456342E-15
7741.41572570802  8.381901E-15
7744.25268554688  8.276704E-15
7747.08964538575  8.358786E-15
7749.92660522462  8.500458E-15
7752.76356506349  8.502839E-15
7755.60052490235  8.406078E-15
7758.43748474122  8.712246E-15
7761.27444458009  8.691021E-15
7764.11140441896  8.508850E-15
7766.94836425782  8.156568E-15
7769.78532409669  8.456213E-15
7772.62228393556  8.684423E-15
7775.45924377442  8.577833E-15
7778.29620361329  8.630690E-15
7781.13316345216  8.526459E-15
7783.97012329102  8.716377E-15
7786.80708312989  8.638281E-15
7789.64404296876  8.638907E-15
7792.48100280763  8.743482E-15
7795.31796264649  8.647555E-15
7798.15492248536  8.307561E-15
7800.99188232423  8.342577E-15
7803.8288421631  8.485333E-15
7806.66580200196  8.608040E-15
7809.50276184083  8.517712E-15
7812.3397216797  8.408289E-15
7815.17668151856  8.427150E-15
7818.01364135743  8.661075E-15
7820.8506011963  8.726991E-15
7823.68756103516  8.630402E-15
7826.52452087403  8.708956E-15
7829.3614807129  8.335702E-15
7832.19844055177  8.230591E-15
7835.03540039064  8.415892E-15
7837.8723602295  8.403143E-15
7840.70932006837  8.390619E-15
7843.54627990724  8.199968E-15
7846.3832397461  8.327138E-15
7849.22019958497  8.414412E-15
7852.05715942384  8.263854E-15
7854.8941192627  8.574736E-15
7857.73107910157  8.617205E-15
7860.56803894044  8.218988E-15
7863.40499877931  8.570367E-15
7866.24195861817  8.350810E-15
7869.07891845704  8.434967E-15
7871.91587829591  8.661924E-15
7874.75283813478  8.159265E-15
7877.58979797364  7.913928E-15
7880.42675781251  8.327388E-15
7883.26371765138  8.324748E-15
7886.10067749024  8.108327E-15
7888.93763732911  8.303234E-15
7891.77459716798  8.256025E-15
7894.61155700684  8.229292E-15
7897.44851684571  8.136846E-15
7900.28547668458  8.107605E-15
7903.12243652345  8.489362E-15
7905.95939636231  8.230826E-15
7908.79635620118  8.263409E-15
7911.63331604005  8.233113E-15
7914.47027587892  8.452660E-15
7917.30723571778  8.219055E-15
7920.14419555665  8.068948E-15
7922.98115539552  8.137692E-15
7925.81811523438  7.851034E-15
7928.65507507325  7.925570E-15
7931.49203491212  8.093750E-15
7934.32899475099  8.009335E-15
7937.16595458985  8.116179E-15
7940.00291442872  8.138495E-15
7942.83987426759  8.101312E-15
7945.67683410645  7.937042E-15
7948.51379394532  8.222005E-15
7951.35075378419  8.295643E-15
7954.18771362306  7.908223E-15
7957.02467346192  7.946500E-15
7959.86163330079  8.112640E-15
7962.69859313966  7.950892E-15
7965.53555297852  7.892117E-15
7968.37251281739  8.072422E-15
7971.20947265626  7.724651E-15
7974.04643249513  7.761163E-15
7976.88339233399  7.850264E-15
7979.72035217286  7.766433E-15
7982.55731201173  7.836684E-15
7985.39427185059  7.957581E-15
7988.23123168946  7.992263E-15
7991.06819152833  8.031893E-15
7993.9051513672  7.901583E-15
7996.74211120606  8.022612E-15
7999.57907104493  8.112404E-15
8002.4160308838  7.555916E-15
8005.25299072267  7.934535E-15
8008.08995056153  8.019436E-15
8010.9269104004  7.832119E-15
8013.76387023927  7.826578E-15
8016.60083007813  7.670077E-15
8019.437789917  7.877566E-15
8022.27474975587  7.931636E-15
8025.11170959474  7.799869E-15
8027.9486694336  7.951503E-15
8030.78562927247  7.768700E-15
8033.62258911134  7.602443E-15
8036.4595489502  7.901682E-15
8039.29650878907  7.898017E-15
8042.13346862794  7.864958E-15
8044.97042846681  7.955266E-15
8047.80738830567  7.782767E-15
8050.64434814454  7.857083E-15
8053.48130798341  7.970795E-15
8056.31826782227  7.887279E-15
8059.15522766114  7.810110E-15
8061.99218750001  7.819786E-15
8064.82914733888  7.805970E-15
8067.66610717774  7.672629E-15
8070.50306701661  7.767828E-15
8073.34002685548  7.765409E-15
8076.17698669435  7.865465E-15
8079.01394653321  7.867997E-15
8081.85090637208  7.650096E-15
8084.68786621095  7.649932E-15
8087.52482604981  7.698043E-15
8090.36178588868  7.775888E-15
8093.19874572755  7.638860E-15
8096.03570556642  7.390980E-15
8098.87266540528  7.860247E-15
8101.70962524415  7.945738E-15
8104.54658508302  8.146986E-15
8107.38354492189  7.717864E-15
8110.22050476075  7.722211E-15
8113.05746459962  7.832468E-15
8115.89442443849  7.686853E-15
8118.73138427735  7.447512E-15
8121.56834411622  7.705564E-15
8124.40530395509  7.908498E-15
8127.24226379396  7.849218E-15
8130.07922363282  7.861830E-15
8132.91618347169  7.739304E-15
8135.75314331056  7.978745E-15
8138.59010314942  8.012803E-15
8141.42706298829  7.498423E-15
8144.26402282716  7.855219E-15
8147.10098266603  8.041991E-15
8149.93794250489  7.820553E-15
8152.77490234376  7.693871E-15
8155.61186218263  7.836041E-15
8158.4488220215  7.687825E-15
8161.28578186036  7.625335E-15
8164.12274169923  8.173888E-15
8166.9597015381  7.917183E-15
8169.79666137696  7.668498E-15
8172.63362121583  7.710504E-15
8175.4705810547  7.720259E-15
8178.30754089357  7.739389E-15
8181.14450073243  7.873291E-15
8183.9814605713  8.022097E-15
8186.81842041017  7.821616E-15
8189.65538024903  7.703408E-15
8192.4923400879  7.744343E-15
8195.32929992677  7.573910E-15
8198.16625976563  7.384197E-15
8201.0032196045  7.497183E-15
8203.84017944337  7.511828E-15
8206.67713928224  7.708602E-15
8209.5140991211  7.581564E-15
8212.35105895997  7.511998E-15
8215.18801879884  7.651356E-15
8218.0249786377  7.714706E-15
8220.86193847657  7.609341E-15
8223.69889831544  7.538016E-15
8226.53585815431  7.614182E-15
8229.37281799317  7.366653E-15
8232.20977783204  7.947183E-15
8235.04673767091  7.716957E-15
8237.88369750978  7.216400E-15
8240.72065734864  7.513764E-15
8243.55761718751  7.792445E-15
8246.39457702638  7.548523E-15
8249.23153686524  7.499553E-15
8252.06849670411  7.615925E-15
8254.90545654298  7.396817E-15
8257.74241638185  7.337365E-15
8260.57937622071  7.551964E-15
8263.41633605958  7.446130E-15
8266.25329589845  7.343023E-15
8269.09025573732  7.249804E-15
8271.92721557618  7.597030E-15
8274.76417541505  7.777864E-15
8277.60113525391  7.496158E-15
8280.43809509278  7.567419E-15
8283.27505493165  7.400881E-15
8286.11201477052  7.345782E-15
8288.94897460939  7.686369E-15
8291.78593444825  7.596479E-15
8294.62289428712  7.335168E-15
8297.45985412599  7.779382E-15
8300.29681396485  7.607640E-15
8303.13377380372  7.629296E-15
8305.97073364259  7.804637E-15
8308.80769348146  7.460922E-15
8311.64465332032  7.334754E-15
8314.48161315919  7.100058E-15
8317.31857299806  7.188841E-15
8320.15553283693  7.505185E-15
8322.99249267579  7.521360E-15
8325.82945251466  7.482704E-15
8328.66641235353  7.271848E-15
8331.50337219239  7.052370E-15
8334.34033203126  7.137935E-15
8337.17729187013  7.389471E-15
8340.014251709  7.228843E-15
8342.85121154786  7.144684E-15
8345.68817138673  7.126087E-15
8348.5251312256  7.017131E-15
8351.36209106446  7.130523E-15
8354.19905090333  6.780067E-15
8357.0360107422  7.046147E-15
8359.87297058107  7.234995E-15
8362.70993041993  7.049975E-15
8365.5468902588  7.024775E-15
8368.38385009767  7.057779E-15
8371.22080993654  6.850055E-15
8374.0577697754  6.839317E-15
8376.89472961427  7.267925E-15
8379.73168945313  7.175064E-15
8382.568649292  6.885192E-15
8385.40560913087  7.089678E-15
8388.24256896974  7.074079E-15
8391.07952880861  6.990974E-15
8393.91648864747  7.244461E-15
8396.75344848634  7.168995E-15
8399.59040832521  6.995155E-15
8402.42736816407  7.099781E-15
8405.26432800294  7.039186E-15
8408.10128784181  7.067035E-15
8410.93824768068  6.997727E-15
8413.77520751954  6.950713E-15
8416.61216735841  7.064767E-15
8419.44912719728  7.085481E-15
8422.28608703614  7.015556E-15
8425.12304687501  7.164263E-15
8427.96000671388  7.170980E-15
8430.79696655275  7.108370E-15
8433.63392639161  7.115056E-15
8436.47088623048  7.005146E-15
8439.30784606935  7.117430E-15
8442.14480590821  7.020835E-15
8444.98176574708  6.952010E-15
8447.81872558595  7.108909E-15
8450.65568542482  7.010114E-15
8453.49264526368  6.894134E-15
8456.32960510255  7.153358E-15
8459.16656494142  6.905284E-15
8462.00352478028  7.139113E-15
8464.84048461915  6.876370E-15
8467.67744445802  6.738784E-15
8470.51440429689  6.786053E-15
8473.35136413575  6.964220E-15
8476.18832397462  7.097980E-15
8479.02528381349  7.016303E-15
8481.86224365236  6.913104E-15
8484.69920349122  6.797928E-15
8487.53616333009  6.886354E-15
8490.37312316896  6.889758E-15
8493.21008300782  6.816863E-15
8496.04704284669  7.002292E-15
8498.88400268556  6.903069E-15
8501.72096252443  6.782581E-15
8504.55792236329  6.873239E-15
8507.39488220216  6.719532E-15
8510.23184204103  6.775189E-15
8513.06880187989  6.978441E-15
8515.90576171876  6.967926E-15
8518.74272155763  6.783931E-15
8521.57968139649  6.902913E-15
8524.41664123536  6.901569E-15
8527.25360107423  6.850690E-15
8530.0905609131  6.847052E-15
8532.92752075197  6.756375E-15
8535.76448059083  6.918665E-15
8538.6014404297  6.829819E-15
8541.43840026856  6.850967E-15
8544.27536010743  6.963921E-15
8547.1123199463  6.929026E-15
8549.94927978517  6.924851E-15
8552.78623962404  6.867868E-15
8555.6231994629  6.764917E-15
8558.46015930177  6.916606E-15
8561.29711914064  6.963679E-15
8564.1340789795  6.687536E-15
8566.97103881837  6.780762E-15
8569.80799865724  6.786046E-15
8572.6449584961  6.707540E-15
8575.48191833497  6.853858E-15
8578.31887817384  6.935241E-15
8581.15583801271  6.787220E-15
8583.99279785157  6.812322E-15
8586.82975769044  7.005443E-15
8589.66671752931  6.680260E-15
8592.50367736818  6.555312E-15
8595.34063720704  6.741697E-15
8598.17759704591  6.828725E-15
8601.01455688478  6.588692E-15
8603.85151672364  6.516337E-15
8606.68847656251  6.787445E-15
8609.52543640138  6.859598E-15
8612.36239624025  6.745161E-15
8615.19935607911  6.501786E-15
8618.03631591798  6.702854E-15
8620.87327575685  6.663895E-15
8623.71023559571  6.602528E-15
8626.54719543458  6.681979E-15
8629.38415527345  6.625160E-15
8632.22111511232  6.492712E-15
8635.05807495118  6.550660E-15
8637.89503479005  6.653284E-15
8640.73199462892  6.735559E-15
8643.56895446779  6.699048E-15
8646.40591430665  6.655558E-15
8649.24287414552  6.411044E-15
8652.07983398439  6.430349E-15
8654.91679382325  6.635177E-15
8657.75375366212  6.666626E-15
8660.59071350099  6.795454E-15
8663.42767333985  6.788527E-15
8666.26463317872  6.831808E-15
8669.10159301759  6.714107E-15
8671.93855285646  6.481513E-15
8674.77551269532  6.366267E-15
8677.61247253419  6.253195E-15
8680.44943237306  6.481831E-15
8683.28639221192  6.918900E-15
8686.12335205079  6.778747E-15
8688.96031188966  6.513222E-15
8691.79727172853  6.559673E-15
8694.6342315674  6.785957E-15
8697.47119140626  6.573709E-15
8700.30815124513  6.322828E-15
8703.14511108399  6.364402E-15
8705.98207092286  6.573752E-15
8708.81903076173  6.850769E-15
8711.6559906006  6.820605E-15
8714.49295043946  6.615118E-15
8717.32991027833  6.688608E-15
8720.1668701172  6.443602E-15
8723.00382995607  6.550345E-15
8725.84078979493  6.677764E-15
8728.6777496338  6.431797E-15
8731.51470947267  6.496255E-15
8734.35166931153  6.771250E-15
8737.1886291504  6.413937E-15
8740.02558898927  6.223032E-15
8742.86254882814  6.431835E-15
8745.699508667  6.510240E-15
8748.53646850587  6.494211E-15
8751.37342834474  6.395994E-15
8754.21038818361  6.377602E-15
8757.04734802247  6.619895E-15
8759.88430786134  6.248238E-15
8762.72126770021  6.367244E-15
8765.55822753907  6.383319E-15
8768.39518737794  6.251056E-15
8771.23214721681  6.169519E-15
8774.06910705568  6.259955E-15
8776.90606689454  6.263893E-15
8779.74302673341  6.111881E-15
8782.57998657228  6.243318E-15
8785.41694641114  6.041995E-15
8788.25390625001  6.149089E-15
8791.09086608888  6.209484E-15
8793.92782592775  6.200754E-15
8796.76478576661  6.176437E-15
8799.60174560548  6.050598E-15
8802.43870544435  6.176709E-15
8805.27566528321  6.269452E-15
8808.11262512208  6.286833E-15
8810.94958496095  6.306093E-15
8813.78654479982  6.326482E-15
8816.62350463868  6.347170E-15
8819.46046447755  6.368160E-15
8822.29742431642  6.389421E-15
8825.13438415528  6.410978E-15
8827.97134399415  6.432823E-15
8830.80830383302  6.454954E-15
8833.64526367189  6.477252E-15
8836.48222351075  6.499764E-15
8839.31918334962  6.522559E-15
