4156.505859375	2.3869483e-13
4159.849146604538	1.7933878e-13
4163.192433834076	1.5309604e-13
4166.535721063614	1.28059e-13
4169.879008293152	1.05659046e-13
4173.22229552269	8.287498e-14
4176.565582752228	7.4611256e-14
4179.908869981766	6.9357965e-14
4183.252157211304	6.50568e-14
4186.595444440842	6.079154e-14
4189.93873167038	5.917249e-14
4193.282018899918	5.718372e-14
4196.625306129456	5.7962905e-14
4199.9685933589935	6.1605784e-14
4203.3118805885315	6.5614906e-14
4206.6551678180695	6.732625e-14
4209.998455047607	7.4318935e-14
4213.341742277145	7.97942e-14
4216.685029506683	8.441696e-14
4220.028316736221	8.799723e-14
4223.371603965759	8.871145e-14
4226.714891195297	8.8705796e-14
4230.058178424835	8.317247e-14
4233.401465654373	7.902595e-14
4236.744752883911	7.3699544e-14
4240.088040113449	6.782443e-14
4243.431327342987	6.3111544e-14
4246.774614572525	5.892906e-14
4250.117901802063	5.6338757e-14
4253.461189031601	5.3445905e-14
4256.804476261139	5.2189678e-14
4260.147763490677	5.0585085e-14
4263.491050720215	4.976e-14
4266.834337949753	4.887579e-14
4270.177625179291	4.9269233e-14
4273.520912408829	4.9728976e-14
4276.864199638367	5.0942523e-14
4280.207486867905	5.2268133e-14
4283.550774097443	5.494849e-14
4286.894061326981	5.6673155e-14
4290.237348556519	5.970407e-14
4293.5806357860565	6.234494e-14
4296.9239230155945	6.5273795e-14
4300.267210245132	6.853101e-14
4303.61049747467	7.133953e-14
4306.953784704208	7.448151e-14
4310.297071933746	7.6478076e-14
4313.640359163284	7.780863e-14
4316.983646392822	7.809311e-14
4320.32693362236	7.775155e-14
4323.670220851898	7.617625e-14
4327.013508081436	7.511941e-14
4330.356795310974	7.18715e-14
4333.700082540512	6.999373e-14
4337.04336977005	6.7447736e-14
4340.386656999588	6.706028e-14
4343.729944229126	6.6078334e-14
4347.073231458664	6.616576e-14
4350.416518688202	6.712311e-14
4353.75980591774	6.86128e-14
4357.103093147278	7.082832e-14
4360.446380376816	7.309205e-14
4363.789667606354	7.4828625e-14
4367.132954835892	7.737838e-14
4370.47624206543	7.8423955e-14
4373.819529294968	8.162239e-14
4377.162816524506	8.412454e-14
4380.506103754044	8.680944e-14
4383.8493909835815	8.942789e-14
4387.1926782131195	9.079871e-14
4390.5359654426575	9.1942174e-14
4393.879252672195	9.197679e-14
4397.222539901733	9.1744564e-14
4400.565827131271	9.015972e-14
4403.909114360809	8.98742e-14
4407.252401590347	8.967818e-14
4410.595688819885	8.9621913e-14
4413.938976049423	9.018591e-14
4417.282263278961	9.06286e-14
4420.625550508499	9.206147e-14
4423.968837738037	9.446552e-14
4427.312124967575	9.73381e-14
4430.655412197113	1.01042215e-13
4433.998699426651	1.0570657e-13
4437.341986656189	1.0985506e-13
4440.685273885727	1.1098665e-13
4444.028561115265	1.0995705e-13
4447.371848344803	1.0771535e-13
4450.715135574341	1.0451559e-13
4454.058422803879	1.0048074e-13
4457.401710033417	9.754105e-14
4460.744997262955	9.573589e-14
4464.088284492493	9.31994e-14
4467.431571722031	9.052615e-14
4470.774858951569	8.772288e-14
4474.118146181107	8.396887e-14
4477.4614334106445	8.0713044e-14
4480.8047206401825	7.772043e-14
4484.1480078697205	7.59297e-14
4487.491295099258	7.369358e-14
4490.834582328796	7.195537e-14
4494.177869558334	7.082672e-14
4497.521156787872	6.954931e-14
4500.86444401741	6.928031e-14
4504.207731246948	6.8619786e-14
4507.551018476486	6.904171e-14
4510.894305706024	6.981177e-14
4514.237592935562	7.1262434e-14
4517.5808801651	7.284608e-14
4520.924167394638	7.5683004e-14
4524.267454624176	7.868968e-14
4527.610741853714	8.3313334e-14
4530.954029083252	8.786948e-14
4534.29731631279	9.342793e-14
4537.640603542328	9.9314986e-14
4540.983890771866	1.06591934e-13
4544.327178001404	1.1425455e-13
4547.670465230942	1.2511177e-13
4551.01375246048	1.3735868e-13
4554.357039690018	1.5341709e-13
4557.700326919556	1.7381636e-13
4561.043614149093	1.9382383e-13
4564.386901378631	2.1335387e-13
4567.730188608169	2.3056283e-13
4571.073475837707	2.3842484e-13
4574.416763067245	2.4103638e-13
4577.7600502967825	2.379276e-13
4581.1033375263205	2.282425e-13
4584.4466247558585	2.1965238e-13
4587.789911985396	2.1231962e-13
4591.133199214934	2.1036809e-13
4594.476486444472	2.1019091e-13
4597.81977367401	2.157137e-13
4601.163060903548	2.2536092e-13
4604.506348133086	2.364648e-13
4607.849635362624	2.4823391e-13
4611.192922592162	2.5459696e-13
4614.5362098217	2.5710543e-13
4617.879497051238	2.5354163e-13
4621.222784280776	2.4804442e-13
4624.566071510314	2.4131112e-13
4627.909358739852	2.374583e-13
4631.25264596939	2.3681347e-13
4634.595933198928	2.402824e-13
4637.939220428466	2.4914202e-13
4641.282507658004	2.6208232e-13
4644.625794887542	2.7808216e-13
4647.96908211708	2.9085588e-13
4651.312369346618	3.00096e-13
4654.655656576156	3.0367172e-13
4657.998943805694	3.0474733e-13
4661.342231035232	3.0322882e-13
4664.68551826477	3.0291245e-13
4668.028805494308	3.004229e-13
4671.3720927238455	2.9661308e-13
4674.7153799533835	2.960223e-13
4678.058667182921	2.9483306e-13
4681.401954412459	2.9531564e-13
4684.745241641997	2.9289873e-13
4688.088528871535	2.8936822e-13
4691.431816101073	2.8427851e-13
4694.775103330611	2.7952047e-13
4698.118390560149	2.7640265e-13
4701.461677789687	2.7851625e-13
4704.804965019225	2.8050487e-13
4708.148252248763	2.8593875e-13
4711.491539478301	2.8751998e-13
4714.834826707839	2.8465666e-13
4718.178113937377	2.8117675e-13
4721.521401166915	2.7166642e-13
4724.864688396453	2.6215144e-13
4728.207975625991	2.5360925e-13
4731.551262855529	2.4531852e-13
4734.894550085067	2.383809e-13
4738.237837314605	2.313574e-13
4741.581124544143	2.2451996e-13
4744.924411773681	2.1585991e-13
4748.267699003219	2.0795297e-13
4751.610986232757	2.020404e-13
4754.954273462295	1.9398255e-13
4758.297560691833	1.8518688e-13
4761.640847921371	1.7479243e-13
4764.9841351509085	1.6636248e-13
4768.3274223804465	1.5836926e-13
4771.670709609984	1.5223237e-13
4775.013996839522	1.5045722e-13
4778.35728406906	1.467365e-13
4781.700571298598	1.4453303e-13
4785.043858528136	1.4266614e-13
4788.387145757674	1.4155197e-13
4791.730432987212	1.4139823e-13
4795.07372021675	1.4309311e-13
4798.417007446288	1.4594848e-13
4801.760294675826	1.4756517e-13
4805.103581905364	1.4695428e-13
4808.446869134902	1.464223e-13
4811.79015636444	1.4426367e-13
4815.133443593978	1.4335813e-13
4818.476730823516	1.4724474e-13
4821.820018053054	1.5470402e-13
4825.163305282592	1.6616691e-13
4828.50659251213	1.785968e-13
4831.849879741668	1.8885837e-13
4835.193166971206	1.9783185e-13
4838.536454200744	2.0471369e-13
4841.879741430282	2.1278462e-13
4845.22302865982	2.1948333e-13
4848.566315889358	2.268763e-13
4851.909603118896	2.3189786e-13
4855.2528903484335	2.3280905e-13
4858.5961775779715	2.290443e-13
4861.9394648075095	2.2278957e-13
4865.282752037047	2.1348902e-13
4868.626039266585	2.0308615e-13
4871.969326496123	1.941002e-13
4875.312613725661	1.847879e-13
4878.655900955199	1.8054522e-13
4881.999188184737	1.8204336e-13
4885.342475414275	1.8974393e-13
4888.685762643813	2.0213441e-13
4892.029049873351	2.2178135e-13
4895.372337102889	2.4699633e-13
4898.715624332427	2.7246377e-13
4902.058911561965	2.988506e-13
4905.402198791503	3.2169574e-13
4908.745486021041	3.4265337e-13
4912.088773250579	3.585353e-13
4915.432060480117	3.703669e-13
4918.775347709655	3.8090597e-13
4922.118634939193	3.8520315e-13
4925.461922168731	3.880457e-13
4928.805209398269	3.8891581e-13
4932.148496627807	3.8508053e-13
4935.491783857345	3.7722023e-13
4938.835071086883	3.6482923e-13
4942.178358316421	3.4871956e-13
4945.521645545959	3.251452e-13
4948.8649327754965	3.0142726e-13
4952.2082200050345	2.7564886e-13
4955.5515072345725	2.4783528e-13
4958.89479446411	2.2384568e-13
4962.238081693648	2.0062658e-13
4965.581368923186	1.8370998e-13
4968.924656152724	1.7122348e-13
4972.267943382262	1.6412491e-13
4975.6112306118	1.6391597e-13
4978.954517841338	1.6947805e-13
4982.297805070876	1.8001123e-13
4985.641092300414	1.9584841e-13
4988.984379529952	2.1460439e-13
4992.32766675949	2.3704267e-13
4995.670953989028	2.6036887e-13
4999.014241218566	2.8408065e-13
5002.357528448104	3.0684664e-13
5005.700815677642	3.3020456e-13
5009.04410290718	3.525699e-13
5012.387390136718	3.6646632e-13
5015.730677366256	3.776032e-13
5019.073964595794	3.8700984e-13
5022.417251825332	3.9160523e-13
5025.76053905487	3.8773563e-13
5029.103826284408	3.843848e-13
5032.447113513946	3.7528119e-13
5035.790400743484	3.6820796e-13
5039.133687973022	3.586078e-13
5042.4769752025595	3.5477394e-13
5045.8202624320975	3.470286e-13
5049.163549661635	3.4517926e-13
5052.506836891173	3.403482e-13
5055.850124120711	3.358285e-13
5059.193411350249	3.3118774e-13
5062.536698579787	3.2502787e-13
5065.879985809325	3.1718367e-13
5069.223273038863	3.0636263e-13
5072.566560268401	2.949378e-13
5075.909847497939	2.8094183e-13
5079.253134727477	2.6561503e-13
5082.596421957015	2.4794216e-13
5085.939709186553	2.3044075e-13
5089.282996416091	2.1391125e-13
5092.626283645629	1.9814119e-13
5095.969570875167	1.8376715e-13
5099.312858104705	1.6951382e-13
5102.656145334243	1.5769391e-13
5105.999432563781	1.4562074e-13
5109.342719793319	1.3443729e-13
5112.686007022857	1.2619724e-13
5116.029294252395	1.2081261e-13
5119.372581481933	1.1844486e-13
5122.715868711471	1.1858723e-13
5126.059155941009	1.2141759e-13
5129.402443170547	1.2607774e-13
5132.7457304000845	1.3108182e-13
5136.0890176296225	1.3734996e-13
5139.4323048591605	1.4384555e-13
5142.775592088698	1.5069769e-13
5146.118879318236	1.5777452e-13
5149.462166547774	1.6747348e-13
5152.805453777312	1.7597192e-13
5156.14874100685	1.864427e-13
5159.492028236388	1.9775998e-13
5162.835315465926	2.0881888e-13
5166.178602695464	2.1859026e-13
5169.521889925002	2.2484702e-13
5172.86517715454	2.2784986e-13
5176.208464384078	2.2770203e-13
5179.551751613616	2.2635472e-13
5182.895038843154	2.2208792e-13
5186.238326072692	2.2186766e-13
5189.58161330223	2.2172471e-13
5192.924900531768	2.2261293e-13
5196.268187761306	2.2769113e-13
5199.611474990844	2.3276934e-13
5202.954762220381	2.4083605e-13
5206.298049449919	2.462197e-13
5209.641336679457	2.4838852e-13
5212.984623908995	2.4672793e-13
5216.327911138533	2.425936e-13
5219.671198368071	2.3750367e-13
5223.014485597609	2.3187021e-13
5226.357772827147	2.2595347e-13
5229.701060056685	2.225139e-13
5233.044347286223	2.2257294e-13
5236.3876345157605	2.2456687e-13
5239.7309217452985	2.2734183e-13
5243.074208974836	2.3468827e-13
5246.417496204374	2.3939143e-13
5249.760783433912	2.4665963e-13
5253.10407066345	2.4901253e-13
5256.447357892988	2.4845726e-13
5259.790645122526	2.440895e-13
5263.133932352064	2.3387192e-13
5266.477219581602	2.2722214e-13
5269.82050681114	2.2022817e-13
5273.163794040678	2.1544026e-13
5276.507081270216	2.1611094e-13
5279.850368499754	2.1926487e-13
5283.193655729292	2.2453855e-13
5286.53694295883	2.2973209e-13
5289.880230188368	2.356762e-13
5293.223517417906	2.4214967e-13
5296.566804647444	2.4997335e-13
5299.910091876982	2.5968363e-13
5303.25337910652	2.6991265e-13
5306.596666336058	2.8040894e-13
5309.939953565596	2.8665945e-13
5313.283240795134	2.8933347e-13
5316.626528024672	2.8980166e-13
5319.96981525421	2.8829828e-13
5323.313102483748	2.8592187e-13
5326.6563897132855	2.9370806e-13
5329.9996769428235	2.986257e-13
5333.3429641723615	3.0312314e-13
5336.686251401899	3.0777223e-13
5340.029538631437	3.1238236e-13
5343.372825860975	3.16815e-13
5346.716113090513	3.22567e-13
5350.059400320051	3.2688262e-13
5353.402687549589	3.3115017e-13
5356.745974779127	3.3268814e-13
5360.089262008665	3.3120826e-13
5363.432549238203	3.2998056e-13
5366.775836467741	3.2422884e-13
5370.119123697279	3.205971e-13
5373.462410926817	3.1504652e-13
5376.805698156355	3.101678e-13
5380.148985385893	3.0587926e-13
5383.492272615431	3.052969e-13
5386.835559844969	3.081638e-13
5390.178847074507	3.1288364e-13
5393.522134304045	3.2277287e-13
5396.865421533583	3.2961318e-13
5400.208708763121	3.3996525e-13
5403.551995992659	3.4914248e-13
5406.895283222197	3.5762192e-13
5410.238570451735	3.649266e-13
5413.581857681273	3.685043e-13
5416.925144910811	3.7449135e-13
5420.2684321403485	3.7618563e-13
5423.6117193698865	3.773551e-13
5426.955006599424	3.740053e-13
5430.298293828962	3.7210531e-13
5433.6415810585	3.6577496e-13
5436.984868288038	3.5980642e-13
5440.328155517576	3.5575655e-13
5443.671442747114	3.503503e-13
5447.014729976652	3.4439915e-13
5450.35801720619	3.3866177e-13
5453.701304435728	3.3245742e-13
5457.044591665266	3.2690994e-13
5460.387878894804	3.195467e-13
5463.731166124342	3.116619e-13
5467.07445335388	3.0305803e-13
5470.417740583418	2.9352437e-13
5473.761027812956	2.8386958e-13
5477.104315042494	2.7321632e-13
5480.447602272032	2.6429892e-13
5483.79088950157	2.5491116e-13
5487.134176731108	2.5296846e-13
5490.477463960646	2.5401109e-13
5493.820751190184	2.605454e-13
5497.164038419722	2.7426894e-13
5500.50732564926	2.9147263e-13
5503.850612878798	3.0838683e-13
5507.193900108336	3.258189e-13
5510.537187337874	3.4198702e-13
5513.8804745674115	3.555623e-13
5517.2237617969495	3.6689372e-13
5520.567049026487	3.75474e-13
5523.910336256025	3.8141156e-13
5527.253623485563	3.8727065e-13
5530.596910715101	3.892573e-13
5533.940197944639	3.886616e-13
5537.283485174177	3.9102386e-13
5540.626772403715	3.8887692e-13
5543.970059633253	3.8624187e-13
5547.313346862791	3.8189466e-13
5550.656634092329	3.8109793e-13
5553.999921321867	3.7870485e-13
5557.343208551405	3.735548e-13
5560.686495780943	3.689385e-13
5564.029783010481	3.6390262e-13
5567.373070240019	3.5875976e-13
5570.716357469557	3.5498668e-13
5574.059644699095	3.467936e-13
5577.402931928633	3.382706e-13
5580.746219158171	3.3153626e-13
5584.089506387709	3.2034783e-13
5587.432793617247	3.1092698e-13
5590.776080846785	2.983753e-13
5594.119368076323	2.8524776e-13
5597.462655305861	2.723299e-13
5600.805942535399	2.5758993e-13
5604.1492297649365	2.4427495e-13
5607.4925169944745	2.3210264e-13
5610.8358042240125	2.2238727e-13
5614.17909145355	2.1391797e-13
5617.522378683088	2.1137517e-13
5620.865665912626	2.1151197e-13
5624.208953142164	2.1544494e-13
5627.552240371702	2.2245134e-13
5630.89552760124	2.3254594e-13
5634.238814830778	2.4273907e-13
5637.582102060316	2.523185e-13
5640.925389289854	2.603127e-13
5644.268676519392	2.6914986e-13
5647.61196374893	2.8062204e-13
5650.955250978468	2.928866e-13
5654.298538208006	3.0410356e-13
5657.641825437544	3.157742e-13
5660.985112667082	3.2555146e-13
5664.32839989662	3.3300568e-13
5667.671687126158	3.4195362e-13
5671.014974355696	3.4340093e-13
5674.358261585234	3.4554298e-13
5677.701548814772	3.4621717e-13
5681.04483604431	3.467738e-13
5684.388123273848	3.447734e-13
5687.731410503386	3.4391752e-13
5691.074697732924	3.4000442e-13
5694.417984962462	3.404157e-13
5697.7612721919995	3.373443e-13
5701.1045594215375	3.3507864e-13
5704.447846651075	3.3208627e-13
5707.791133880613	3.2881884e-13
5711.134421110151	3.250677e-13
5714.477708339689	3.2104877e-13
5717.820995569227	3.1573276e-13
5721.164282798765	3.1175607e-13
5724.507570028303	3.072911e-13
5727.850857257841	3.0090207e-13
5731.194144487379	2.9537215e-13
5734.537431716917	2.8831007e-13
5737.880718946455	2.8463164e-13
5741.224006175993	2.757881e-13
5744.567293405531	2.69209e-13
5747.910580635069	2.6235253e-13
5751.253867864607	2.5342554e-13
5754.597155094145	2.4636765e-13
5757.940442323683	2.38237e-13
5761.283729553221	2.3109647e-13
5764.627016782759	2.2212451e-13
5767.970304012297	2.141565e-13
5771.313591241835	2.0670199e-13
5774.656878471373	1.9848214e-13
5778.000165700911	1.8974171e-13
5781.343452930449	1.845232e-13
5784.686740159987	1.7608641e-13
5788.030027389525	1.6887192e-13
5791.3733146190625	1.6283754e-13
5794.7166018486005	1.5666288e-13
5798.059889078138	1.5164322e-13
5801.403176307676	1.474008e-13
5804.746463537214	1.4389923e-13
5808.089750766752	1.403773e-13
5811.43303799629	1.3746556e-13
5814.776325225828	1.3562865e-13
5818.119612455366	1.3363212e-13
5821.462899684904	1.3238991e-13
5824.806186914442	1.312843e-13
5828.14947414398	1.3151654e-13
5831.492761373518	1.319002e-13
5834.836048603056	1.3358927e-13
5838.179335832594	1.3670412e-13
5841.522623062132	1.4279468e-13
5844.86591029167	1.5157309e-13
5848.209197521208	1.630084e-13
5851.552484750746	1.7917264e-13
5854.895771980284	2.0167295e-13
5858.239059209822	2.2785246e-13
5861.58234643936	2.5608676e-13
5864.925633668898	2.830039e-13
5868.268920898436	3.0734012e-13
5871.612208127974	3.2968712e-13
5874.955495357512	3.4534186e-13
5878.29878258705	3.583032e-13
5881.6420698165875	3.713114e-13
5884.9853570461255	3.7748098e-13
5888.3286442756635	3.821884e-13
5891.671931505201	3.8793773e-13
5895.015218734739	3.9940178e-13
5898.358505964277	4.0387455e-13
5901.701793193815	4.0597172e-13
5905.045080423353	4.0519386e-13
5908.388367652891	3.999667e-13
5911.731654882429	4.000271e-13
5915.074942111967	4.062807e-13
5918.418229341505	4.0521528e-13
5921.761516571043	4.0760014e-13
5925.104803800581	4.0861322e-13
5928.448091030119	4.0481713e-13
5931.791378259657	4.0172528e-13
5935.134665489195	3.9548304e-13
5938.477952718733	3.8627193e-13
5941.821239948271	3.7812546e-13
5945.164527177809	3.732056e-13
5948.507814407347	3.724794e-13
5951.851101636885	3.6982375e-13
5955.194388866423	3.6898802e-13
5958.537676095961	3.6915515e-13
5961.880963325499	3.6702832e-13
5965.224250555037	3.6433196e-13
5968.567537784575	3.6442962e-13
5971.910825014113	3.6279172e-13
5975.2541122436505	3.5816795e-13
5978.5973994731885	3.5727337e-13
5981.940686702726	3.5499468e-13
5985.283973932264	3.4992728e-13
5988.627261161802	3.4905783e-13
5991.97054839134	3.455255e-13
5995.313835620878	3.4244916e-13
5998.657122850416	3.4123632e-13
6002.000410079954	3.3667445e-13
6005.343697309492	3.3566195e-13
6008.68698453903	3.362844e-13
6012.030271768568	3.3081505e-13
6015.373558998106	3.281895e-13
6018.716846227644	3.2588325e-13
6022.060133457182	3.2381308e-13
6025.40342068672	3.204341e-13
6028.746707916258	3.1758352e-13
6032.089995145796	3.1512653e-13
6035.433282375334	3.1215528e-13
6038.776569604872	3.0941075e-13
6042.11985683441	3.0869453e-13
6045.463144063948	3.079979e-13
6048.806431293486	3.0693425e-13
6052.149718523024	3.0694915e-13
6055.493005752562	3.07521e-13
6058.8362929821	3.047312e-13
6062.179580211638	3.0330228e-13
6065.522867441176	3.0138457e-13
6068.8661546707135	2.9853507e-13
6072.2094419002515	2.9464357e-13
6075.552729129789	2.9135133e-13
6078.896016359327	2.864515e-13
6082.239303588865	2.8069813e-13
6085.582590818403	2.760161e-13
6088.925878047941	2.685115e-13
6092.269165277479	2.6410788e-13
6095.612452507017	2.5978156e-13
6098.955739736555	2.5422394e-13
6102.299026966093	2.531702e-13
6105.642314195631	2.5514367e-13
6108.985601425169	2.604429e-13
6112.328888654707	2.694947e-13
6115.672175884245	2.7595252e-13
6119.015463113783	2.8647579e-13
6122.358750343321	2.971009e-13
6125.702037572859	3.020985e-13
6129.045324802397	3.1005374e-13
6132.388612031935	3.1551557e-13
6135.731899261473	3.2044034e-13
6139.075186491011	3.2311146e-13
6142.418473720549	3.258759e-13
6145.761760950087	3.3010836e-13
6149.105048179625	3.2926342e-13
6152.448335409163	3.303955e-13
6155.7916226387	3.3048518e-13
6159.134909868238	3.281364e-13
6162.478197097776	3.2506853e-13
6165.821484327314	3.2069825e-13
6169.1647715568515	3.1674348e-13
6172.5080587863895	3.0941748e-13
6175.851346015927	3.017457e-13
6179.194633245465	2.9064942e-13
6182.537920475003	2.810357e-13
6185.881207704541	2.6828165e-13
6189.224494934079	2.5692287e-13
6192.567782163617	2.472559e-13
6195.911069393155	2.4116584e-13
6199.254356622693	2.3740295e-13
6202.597643852231	2.39901e-13
6205.94093108177	2.468349e-13
6209.284218311308	2.5666977e-13
6212.627505540846	2.6794815e-13
6215.970792770384	2.78713e-13
6219.314079999922	2.8697346e-13
6222.65736722946	2.9470193e-13
6226.000654458998	2.9926384e-13
6229.343941688536	3.0440746e-13
6232.687228918074	3.076924e-13
6236.030516147612	3.1171753e-13
6239.37380337715	3.1620244e-13
6242.717090606688	3.186161e-13
6246.060377836226	3.195389e-13
6249.403665065763	3.2260124e-13
6252.746952295301	3.2131036e-13
6256.090239524839	3.2132565e-13
6259.4335267543765	3.1961087e-13
6262.7768139839145	3.1658625e-13
6266.1201012134525	3.1519438e-13
6269.46338844299	3.126332e-13
6272.806675672528	3.0367058e-13
6276.149962902066	2.9463723e-13
6279.493250131604	2.913145e-13
6282.836537361142	2.8830085e-13
6286.17982459068	2.8391176e-13
6289.523111820218	2.786778e-13
6292.866399049756	2.7330785e-13
6296.209686279294	2.658008e-13
6299.552973508832	2.6216196e-13
6302.89626073837	2.5996734e-13
6306.239547967908	2.5871777e-13
6309.582835197446	2.624568e-13
6312.926122426984	2.65636e-13
6316.269409656522	2.6795517e-13
6319.61269688606	2.6995867e-13
6322.955984115598	2.6742248e-13
6326.299271345136	2.6737404e-13
6329.642558574674	2.6672208e-13
6332.985845804212	2.6948086e-13
6336.32913303375	2.7090166e-13
6339.672420263288	2.7280782e-13
6343.015707492826	2.747837e-13
6346.358994722364	2.7280362e-13
6349.702281951902	2.737324e-13
6353.0455691814395	2.724528e-13
6356.3888564109775	2.660914e-13
6359.7321436405155	2.613208e-13
6363.075430870053	2.5444523e-13
6366.418718099591	2.4537975e-13
6369.762005329129	2.395095e-13
6373.105292558667	2.2936145e-13
6376.448579788205	2.2251001e-13
6379.791867017743	2.1449232e-13
6383.135154247281	2.0589506e-13
6386.478441476819	1.9795903e-13
6389.821728706357	1.882033e-13
6393.165015935895	1.7918523e-13
6396.508303165433	1.695486e-13
6399.851590394971	1.594355e-13
6403.194877624509	1.4896987e-13
6406.538164854047	1.3999282e-13
6409.881452083585	1.3339297e-13
6413.224739313123	1.2676379e-13
6416.568026542661	1.227641e-13
6419.911313772199	1.1901442e-13
6423.254601001737	1.1557798e-13
6426.597888231275	1.12254444e-13
6429.941175460813	1.08992066e-13
6433.284462690351	1.0690907e-13
6436.627749919889	1.038579e-13
6439.971037149427	1.0230796e-13
6443.314324378965	1.0070225e-13
6446.6576116085025	1.0018399e-13
6450.0008988380405	1.00271686e-13
6453.344186067578	1.00813014e-13
6456.687473297116	1.02490865e-13
6460.030760526654	1.05063365e-13
6463.374047756192	1.066372e-13
6466.71733498573	1.1220624e-13
6470.060622215268	1.1669118e-13
6473.403909444806	1.2172616e-13
6476.747196674344	1.2842593e-13
6480.090483903882	1.3672437e-13
6483.43377113342	1.4522282e-13
6486.777058362958	1.5522025e-13
6490.120345592496	1.6602549e-13
6493.463632822034	1.7898595e-13
6496.806920051572	1.950068e-13
6500.15020728111	2.1517254e-13
6503.493494510648	2.3889546e-13
6506.836781740186	2.6753342e-13
6510.180068969724	3.0042112e-13
6513.523356199262	3.3770442e-13
6516.8666434288	3.7922996e-13
6520.209930658338	4.1995633e-13
6523.553217887876	4.606096e-13
6526.896505117414	4.924513e-13
6530.239792346952	5.2267565e-13
6533.58307957649	5.488203e-13
6536.9263668060275	5.695719e-13
6540.2696540355655	5.844491e-13
6543.6129412651035	5.991061e-13
6546.956228494641	6.0638983e-13
6550.299515724179	6.1554933e-13
6553.642802953717	6.203508e-13
6556.986090183255	6.2594407e-13
6560.329377412793	6.2967063e-13
6563.672664642331	6.3311205e-13
6567.015951871869	6.343685e-13
6570.359239101407	6.3398386e-13
6573.702526330945	6.3354535e-13
6577.045813560483	6.3000424e-13
6580.389100790021	6.2751047e-13
6583.732388019559	6.2134174e-13
6587.075675249097	6.123091e-13
6590.418962478635	6.052922e-13
6593.762249708173	5.977061e-13
6597.105536937711	5.8798046e-13
6600.448824167249	5.7952173e-13
6603.792111396787	5.695931e-13
6607.135398626325	5.5714846e-13
6610.478685855863	5.4544043e-13
6613.821973085401	5.3256233e-13
6617.165260314939	5.2035167e-13
6620.508547544477	5.0876133e-13
6623.851834774015	4.973673e-13
6627.195122003553	4.859308e-13
6630.53840923309	4.7557075e-13
6633.881696462628	4.630182e-13
6637.224983692166	4.5549534e-13
6640.5682709217035	4.4551542e-13
6643.9115581512415	4.3857339e-13
6647.254845380779	4.2898194e-13
6650.598132610317	4.212645e-13
6653.941419839855	4.1477412e-13
6657.284707069393	4.0613368e-13
6660.627994298931	3.9792995e-13
6663.971281528469	3.89298e-13
6667.314568758007	3.8232232e-13
6670.657855987545	3.7680753e-13
6674.001143217083	3.7067775e-13
6677.344430446621	3.635787e-13
6680.687717676159	3.596156e-13
6684.031004905697	3.5343449e-13
6687.374292135235	3.497538e-13
6690.717579364773	3.4365032e-13
6694.060866594311	3.4073251e-13
6697.404153823849	3.3922523e-13
6700.747441053387	3.336176e-13
6704.090728282925	3.2946391e-13
6707.434015512463	3.2609579e-13
6710.777302742001	3.2241018e-13
6714.120589971539	3.1762803e-13
6717.463877201077	3.1441028e-13
6720.807164430615	3.1114605e-13
6724.150451660153	3.0786547e-13
6727.493738889691	3.0519754e-13
6730.8370261192285	3.012019e-13
6734.1803133487665	2.9926636e-13
6737.5236005783045	2.965299e-13
6740.866887807842	2.9397312e-13
6744.21017503738	2.9147648e-13
6747.553462266918	2.8962463e-13
6750.896749496456	2.885042e-13
6754.240036725994	2.8699054e-13
6757.583323955532	2.8372825e-13
6760.92661118507	2.8206018e-13
6764.269898414608	2.8078912e-13
6767.613185644146	2.8015508e-13
6770.956472873684	2.796956e-13
6774.299760103222	2.7688523e-13
6777.64304733276	2.7623506e-13
6780.986334562298	2.7551534e-13
6784.329621791836	2.752425e-13
6787.672909021374	2.7502507e-13
6791.016196250912	2.7531612e-13
6794.35948348045	2.738477e-13
6797.702770709988	2.7476296e-13
6801.046057939526	2.7298416e-13
6804.389345169064	2.7444185e-13
6807.732632398602	2.7167288e-13
6811.07591962814	2.732294e-13
6814.419206857678	2.7295638e-13
6817.762494087216	2.716442e-13
6821.105781316754	2.7096836e-13
6824.4490685462915	2.7047437e-13
6827.7923557758295	2.7046654e-13
6831.1356430053675	2.6930636e-13
6834.478930234905	2.6958264e-13
6837.822217464443	2.6844835e-13
6841.165504693981	2.6710735e-13
6844.508791923519	2.6772234e-13
6847.852079153057	2.667895e-13
6851.195366382595	2.6647282e-13
6854.538653612133	2.6538285e-13
6857.881940841671	2.6382263e-13
6861.225228071209	2.4960074e-13
6864.568515300747	2.2234904e-13
6867.911802530285	2.0222607e-13
6871.255089759823	1.9842099e-13
6874.598376989361	2.1212893e-13
6877.941664218899	2.2779407e-13
6881.284951448437	2.3335156e-13
6884.628238677975	2.3175177e-13
6887.971525907513	2.2731925e-13
6891.314813137051	2.2687314e-13
6894.658100366589	2.2852092e-13
6898.001387596127	2.315212e-13
6901.344674825665	2.3480637e-13
6904.687962055203	2.3709813e-13
6908.031249284741	2.4068302e-13
6911.374536514279	2.4213403e-13
6914.717823743817	2.4476916e-13
6918.0611109733545	2.4502527e-13
6921.4043982028925	2.4450697e-13
6924.74768543243	2.4212994e-13
6928.090972661968	2.4399363e-13
6931.434259891506	2.4124764e-13
6934.777547121044	2.3810557e-13
6938.120834350582	2.3531762e-13
6941.46412158012	2.3459446e-13
6944.807408809658	2.337131e-13
6948.150696039196	2.333548e-13
6951.493983268734	2.3293392e-13
6954.837270498272	2.338517e-13
6958.18055772781	2.361593e-13
6961.523844957348	2.4193419e-13
6964.867132186886	2.4603103e-13
6968.210419416424	2.5030802e-13
6971.553706645962	2.5473612e-13
6974.8969938755	2.5501256e-13
6978.240281105038	2.5783499e-13
6981.583568334576	2.5677458e-13
6984.926855564114	2.5565132e-13
6988.270142793652	2.5610327e-13
6991.61343002319	2.5680925e-13
6994.956717252728	2.579136e-13
6998.300004482266	2.586225e-13
7001.643291711804	2.569321e-13
7004.986578941342	2.5888138e-13
7008.3298661708795	2.5815846e-13
7011.6731534004175	2.570146e-13
7015.0164406299555	2.5730183e-13
7018.359727859493	2.569243e-13
7021.703015089031	2.5653866e-13
7025.046302318569	2.567733e-13
7028.389589548107	2.5806218e-13
7031.732876777645	2.5943988e-13
7035.076164007183	2.5902845e-13
7038.419451236721	2.5563075e-13
7041.762738466259	2.5991804e-13
7045.106025695797	2.5961966e-13
7048.449312925335	2.575612e-13
7051.792600154873	2.5697895e-13
7055.135887384411	2.5632654e-13
7058.479174613949	2.5636996e-13
7061.822461843487	2.5557575e-13
7065.165749073025	2.556327e-13
7068.509036302563	2.5468085e-13
7071.852323532101	2.5415732e-13
7075.195610761639	2.529864e-13
7078.538897991177	2.5276352e-13
7081.882185220715	2.5292485e-13
7085.225472450253	2.5249253e-13
7088.568759679791	2.518878e-13
7091.912046909329	2.5138393e-13
7095.255334138867	2.5134403e-13
7098.598621368405	2.5151756e-13
7101.9419085979425	2.497256e-13
7105.2851958274805	2.5149446e-13
7108.6284830570185	2.509341e-13
7111.971770286556	2.500148e-13
7115.315057516094	2.5031867e-13
7118.658344745632	2.4889934e-13
7122.00163197517	2.4882158e-13
7125.344919204708	2.4721753e-13
7128.688206434246	2.4644853e-13
7132.031493663784	2.464003e-13
7135.374780893322	2.4531085e-13
7138.71806812286	2.4399647e-13
7142.061355352398	2.4159591e-13
7145.404642581936	2.4000693e-13
7148.747929811474	2.3840082e-13
7152.091217041012	2.364082e-13
7155.43450427055	2.3281472e-13
7158.777791500088	2.2950421e-13
7162.121078729626	2.2431254e-13
7165.464365959164	2.147104e-13
7168.807653188702	2.0802317e-13
7172.15094041824	2.0454204e-13
7175.494227647778	2.0698734e-13
7178.837514877316	2.064582e-13
7182.180802106854	2.063927e-13
7185.524089336392	2.0859227e-13
7188.86737656593	2.1165159e-13
7192.210663795468	2.1693613e-13
7195.5539510250055	2.1773253e-13
7198.8972382545435	2.1966561e-13
7202.240525484081	2.2506823e-13
7205.583812713619	2.3526734e-13
7208.927099943157	2.4428953e-13
7212.270387172695	2.4911665e-13
7215.613674402233	2.5015209e-13
7218.956961631771	2.5005041e-13
7222.300248861309	2.4790115e-13
7225.643536090847	2.422027e-13
7228.986823320385	2.3152048e-13
7232.330110549923	2.2579852e-13
7235.673397779461	2.2267935e-13
7239.016685008999	2.2007737e-13
7242.359972238537	2.220748e-13
7245.703259468075	2.2019513e-13
7249.046546697613	2.1707587e-13
7252.389833927151	2.1785808e-13
7255.733121156689	2.1881356e-13
7259.076408386227	2.1910838e-13
7262.419695615765	2.2137111e-13
7265.762982845303	2.2446509e-13
7269.106270074841	2.2397614e-13
7272.449557304379	2.2235244e-13
7275.792844533917	2.283889e-13
7279.136131763455	2.3973415e-13
7282.479418992993	2.4266776e-13
7285.8227062225305	2.4133817e-13
7289.1659934520685	2.40814e-13
7292.5092806816065	2.453481e-13
7295.852567911144	2.4831772e-13
7299.195855140682	2.4663775e-13
7302.53914237022	2.479509e-13
7305.882429599758	2.4898887e-13
7309.225716829296	2.515782e-13
7312.569004058834	2.532264e-13
7315.912291288372	2.571633e-13
7319.25557851791	2.623102e-13
7322.598865747448	2.6600914e-13
7325.942152976986	2.6721943e-13
7329.285440206524	2.6690285e-13
7332.628727436062	2.670202e-13
7335.9720146656	2.6794308e-13
7339.315301895138	2.68579e-13
7342.658589124676	2.661767e-13
7346.001876354214	2.6450887e-13
7349.345163583752	2.6327315e-13
7352.68845081329	2.6108377e-13
7356.031738042828	2.5863074e-13
7359.375025272366	2.558046e-13
7362.718312501904	2.531217e-13
7366.061599731442	2.5179227e-13
7369.40488696098	2.5192473e-13
7372.748174190518	2.5177581e-13
7376.091461420056	2.4994966e-13
7379.4347486495935	2.4841056e-13
7382.7780358791315	2.464124e-13
7386.1213231086695	2.4476523e-13
7389.464610338207	2.417994e-13
7392.807897567745	2.4143814e-13
7396.151184797283	2.3976307e-13
7399.494472026821	2.3826717e-13
7402.837759256359	2.3718863e-13
7406.181046485897	2.3810703e-13
7409.524333715435	2.384079e-13
7412.867620944973	2.396724e-13
7416.210908174511	2.4269782e-13
7419.554195404049	2.4529098e-13
7422.897482633587	2.4901782e-13
7426.240769863125	2.522559e-13
7429.584057092663	2.5604605e-13
7432.927344322201	2.5903845e-13
7436.270631551739	2.6160346e-13
7439.613918781277	2.633158e-13
7442.957206010815	2.652574e-13
7446.300493240353	2.6598052e-13
7449.643780469891	2.65901e-13
7452.987067699429	2.6563812e-13
7456.330354928967	2.6516216e-13
7459.673642158505	2.643498e-13
7463.016929388043	2.6372112e-13
7466.360216617581	2.6328283e-13
7469.703503847119	2.616388e-13
7473.0467910766565	2.6182312e-13
7476.3900783061945	2.6261442e-13
7479.733365535732	2.6172922e-13
7483.07665276527	2.614245e-13
7486.419939994808	2.620267e-13
7489.763227224346	2.6262513e-13
7493.106514453884	2.6075325e-13
7496.449801683422	2.610832e-13
7499.79308891296	2.6121968e-13
7503.136376142498	2.593487e-13
7506.479663372036	2.5755963e-13
7509.822950601574	2.5909857e-13
7513.166237831112	2.5631353e-13
7516.50952506065	2.5467015e-13
7519.852812290188	2.5408668e-13
7523.196099519726	2.5213122e-13
7526.539386749264	2.5124689e-13
7529.882673978802	2.5033876e-13
7533.22596120834	2.487803e-13
7536.569248437878	2.494209e-13
7539.912535667416	2.4678824e-13
7543.255822896954	2.466733e-13
7546.599110126492	2.4465843e-13
7549.94239735603	2.4345865e-13
7553.285684585568	2.4335278e-13
7556.628971815106	2.4044132e-13
7559.972259044644	2.4015382e-13
7563.3155462741815	2.383667e-13
7566.6588335037195	2.3769127e-13
7570.0021207332575	2.35871e-13
7573.345407962795	2.3330011e-13
7576.688695192333	2.325233e-13
7580.031982421871	2.29516e-13
7583.375269651409	2.2806968e-13
7586.718556880947	2.1466397e-13
7590.061844110485	1.7703815e-13
7593.405131340023	1.3035374e-13
7596.748418569561	8.933153e-14
7600.091705799099	6.3568827e-14
7603.434993028637	5.7110695e-14
7606.778280258175	6.656284e-14
7610.121567487713	9.4603355e-14
7613.464854717251	1.2953114e-13
7616.808141946789	1.4328693e-13
7620.151429176327	1.3478103e-13
7623.494716405865	1.2088553e-13
7626.838003635403	1.1247538e-13
7630.181290864941	1.1210455e-13
7633.524578094479	1.1661783e-13
7636.867865324017	1.2325067e-13
7640.211152553555	1.3037939e-13
7643.554439783093	1.3850568e-13
7646.897727012631	1.4697081e-13
7650.241014242169	1.5519483e-13
7653.584301471707	1.6351856e-13
7656.9275887012445	1.7282306e-13
7660.2708759307825	1.8105984e-13
7663.6141631603205	1.9013813e-13
7666.957450389858	1.9922864e-13
7670.300737619396	2.0604398e-13
7673.644024848934	2.1277911e-13
7676.987312078472	2.158558e-13
7680.33059930801	2.1949636e-13
7683.673886537548	2.1961004e-13
7687.017173767086	2.2012451e-13
7690.360460996624	2.1846428e-13
7693.703748226162	2.1737313e-13
7697.0470354557	2.1368779e-13
7700.390322685238	2.0911028e-13
7703.733609914776	2.0335253e-13
7707.076897144314	1.9688386e-13
7710.420184373852	1.9083125e-13
7713.76347160339	1.851222e-13
7717.106758832928	1.8293494e-13
7720.450046062466	1.8305065e-13
7723.793333292004	1.8726515e-13
7727.136620521542	1.93419e-13
7730.47990775108	2.0033966e-13
7733.823194980618	2.0740034e-13
7737.166482210156	2.1237153e-13
7740.509769439694	2.1970609e-13
7743.853056669232	2.2458546e-13
7747.19634389877	2.2787515e-13
7750.5396311283075	2.3129914e-13
7753.8829183578455	2.3515489e-13
7757.226205587383	2.3713548e-13
7760.569492816921	2.394501e-13
7763.912780046459	2.4175177e-13
7767.256067275997	2.4364153e-13
7770.599354505534	2.4433876e-13
7773.942641735072	2.4614853e-13
7777.28592896461	2.4719796e-13
7780.629216194148	2.4680182e-13
7783.972503423686	2.4783975e-13
7787.315790653224	2.4898245e-13
7790.659077882762	2.4845276e-13
7794.0023651123	2.4817073e-13
7797.345652341838	2.4809956e-13
7800.688939571376	2.4674788e-13
7804.032226800914	2.4637334e-13
7807.375514030452	2.449157e-13
7810.71880125999	2.443109e-13
7814.062088489528	2.4281014e-13
7817.405375719066	2.4063764e-13
7820.748662948604	2.3943702e-13
7824.091950178142	2.3726482e-13
7827.43523740768	2.3506644e-13
7830.778524637218	2.3341206e-13
7834.121811866756	2.3326678e-13
7837.465099096294	2.315694e-13
7840.808386325832	2.3187864e-13
7844.15167355537	2.2904145e-13
7847.494960784908	2.289339e-13
7850.8382480144455	2.2835095e-13
7854.1815352439835	2.2656909e-13
7857.524822473521	2.284318e-13
7860.868109703059	2.274248e-13
7864.211396932597	2.2580993e-13
7867.554684162135	2.2605344e-13
7870.897971391673	2.2493013e-13
7874.241258621211	2.2395626e-13
7877.584545850749	2.2476392e-13
7880.927833080287	2.2252794e-13
7884.271120309825	2.212334e-13
7887.614407539363	2.1969533e-13
7890.957694768901	2.1741422e-13
7894.300981998439	2.1672677e-13
7897.644269227977	2.1656905e-13
7900.987556457515	2.1640468e-13
7904.330843687053	2.1649432e-13
7907.674130916591	2.1575862e-13
7911.017418146129	2.1617948e-13
7914.360705375667	2.1624388e-13
7917.703992605205	2.155753e-13
7921.047279834743	2.1464273e-13
7924.390567064281	2.148268e-13
7927.733854293819	2.1565048e-13
7931.077141523357	2.162975e-13
7934.420428752895	2.1680257e-13
7937.763715982433	2.1678377e-13
7941.107003211971	2.163501e-13
7944.4502904415085	2.1542199e-13
7947.7935776710465	2.1460844e-13
7951.136864900584	2.1325196e-13
7954.480152130122	2.1113139e-13
7957.82343935966	2.0942987e-13
7961.166726589198	2.0881967e-13
7964.510013818736	2.0992957e-13
7967.853301048274	2.1027335e-13
7971.196588277812	2.1063015e-13
7974.53987550735	2.1201775e-13
7977.883162736888	2.1161875e-13
7981.226449966426	2.1035712e-13
7984.569737195964	2.1063794e-13
7987.913024425502	2.1049781e-13
7991.25631165504	2.0946652e-13
7994.599598884578	2.0821302e-13
7997.942886114116	2.0799553e-13
8001.286173343654	2.0691425e-13
8004.629460573192	2.0685286e-13
8007.97274780273	2.0659551e-13
8011.316035032268	2.0662176e-13
8014.659322261806	2.0721425e-13
8018.002609491344	2.0629195e-13
8021.345896720882	2.0545757e-13
8024.68918395042	2.0545032e-13
8028.032471179958	2.0566765e-13
8031.375758409496	2.0516256e-13
8034.7190456390335	2.0510252e-13
8038.0623328685715	2.048099e-13
8041.4056200981095	2.0463473e-13
8044.748907327647	2.0543345e-13
8048.092194557185	2.0540545e-13
8051.435481786723	2.0625053e-13
8054.778769016261	2.0497433e-13
8058.122056245799	2.0501473e-13
8061.465343475337	2.0435456e-13
8064.808630704875	2.0401711e-13
8068.151917934413	2.0383726e-13
8071.495205163951	2.0289883e-13
8074.838492393489	2.0306154e-13
8078.181779623027	2.0149572e-13
8081.525066852565	2.0071634e-13
8084.868354082103	2.0009863e-13
8088.211641311641	1.9836006e-13
8091.554928541179	1.9764027e-13
8094.898215770717	1.9729932e-13
8098.241503000255	1.9620561e-13
8101.584790229793	1.943801e-13
8104.928077459331	1.928325e-13
8108.271364688869	1.9020435e-13
8111.614651918407	1.8871313e-13
8114.957939147945	1.8640986e-13
8118.301226377483	1.8360832e-13
8121.644513607021	1.8137365e-13
8124.987800836559	1.7678022e-13
8128.3310880660965	1.7043748e-13
8131.6743752956345	1.6686243e-13
8135.017662525172	1.6421928e-13
8138.36094975471	1.6372094e-13
8141.704236984248	1.6148537e-13
8145.047524213786	1.5897815e-13
8148.390811443324	1.5868224e-13
8151.734098672861	1.5949961e-13
8155.077385902399	1.5771434e-13
8158.420673131937	1.5300738e-13
8161.763960361475	1.5292752e-13
8165.107247591013	1.563767e-13
8168.450534820551	1.621813e-13
8171.793822050089	1.6022483e-13
8175.137109279627	1.6040863e-13
8178.480396509165	1.6454585e-13
8181.823683738703	1.6631583e-13
8185.166970968241	1.6872693e-13
8188.510258197779	1.6884553e-13
8191.853545427317	1.6693454e-13
8195.196832656855	1.6807627e-13
8198.540119886393	1.7507114e-13
8201.88340711593	1.817178e-13
8205.226694345469	1.8410422e-13
8208.569981575007	1.8759012e-13
8211.913268804545	1.8700982e-13
8215.256556034083	1.849422e-13
8218.59984326362	1.7839621e-13
8221.943130493159	1.6274651e-13
8225.286417722697	1.5245283e-13
8228.629704952235	1.5603764e-13
8231.972992181772	1.6793514e-13
8235.31627941131	1.7782116e-13
8238.659566640848	1.8262648e-13
8242.002853870386	1.8546942e-13
8245.346141099924	1.8787338e-13
8248.689428329462	1.8631285e-13
8252.032715559	1.809531e-13
8255.37600278854	1.7905889e-13
8258.719290018078	1.7932387e-13
8262.062577247616	1.814803e-13
8265.405864477154	1.7930893e-13
8268.749151706692	1.7238968e-13
8272.09243893623	1.6612348e-13
8275.435726165768	1.6260555e-13
8278.779013395306	1.6326959e-13
8282.122300624844	1.6305291e-13
8285.465587854382	1.6117119e-13
8288.80887508392	1.60897e-13
8292.152162313458	1.616672e-13
8295.495449542996	1.6078995e-13
8298.838736772534	1.5791528e-13
8302.182024002072	1.5670088e-13
8305.52531123161	1.5478784e-13
8308.868598461147	1.5173676e-13
8312.211885690685	1.4594753e-13
8315.555172920223	1.3933208e-13
8318.898460149761	1.3454876e-13
8322.2417473793	1.3048755e-13
8325.585034608837	1.2570296e-13
8328.928321838375	1.1827262e-13
8332.271609067913	1.095305e-13
8335.614896297451	1.01739445e-13
8338.95818352699	9.475763e-14
8342.301470756525	8.6596346e-14
8345.644757986063	7.841232e-14
8348.988045215601	7.01676e-14
8352.33133244514	6.302373e-14
8355.674619674677	5.6870524e-14
8359.017906904215	5.1386528e-14
8362.361194133753	4.7073287e-14
8365.704481363291	4.326267e-14
8369.047768592829	3.9983004e-14
8372.391055822367	3.7468892e-14
8375.734343051905	3.5694616e-14
8379.077630281443	3.4171423e-14
8382.42091751098	3.3195773e-14
8385.764204740519	3.2437953e-14
8389.107491970057	3.2325274e-14
8392.450779199595	3.2639036e-14
8395.794066429133	3.2828375e-14
8399.13735365867	3.3375253e-14
8402.480640888209	3.433442e-14
8405.823928117747	3.5591593e-14
8409.167215347285	3.729765e-14
8412.510502576823	3.8979508e-14
8415.85378980636	4.0975063e-14
8419.197077035898	4.3565225e-14
8422.540364265436	4.600488e-14
8425.883651494974	4.852282e-14
8429.226938724512	5.1256647e-14
8432.57022595405	5.420915e-14
8435.913513183588	5.7675646e-14
8439.256800413126	6.1737826e-14
8442.600087642664	6.685217e-14
8445.943374872202	7.109654e-14
8449.28666210174	7.567904e-14
8452.629949331278	8.06511e-14
8455.973236560816	8.662727e-14
8459.316523790354	9.2056245e-14
8462.659811019892	9.8700785e-14
8466.00309824943	1.0517643e-13
8469.346385478968	1.1211496e-13
8472.689672708506	1.1941041e-13
8476.032959938044	1.257251e-13
8479.376247167582	1.3263604e-13
8482.71953439712	1.3863933e-13
8486.062821626658	1.4352775e-13
8489.406108856196	1.4753212e-13
8492.749396085734	1.5031955e-13
8496.092683315272	1.5263165e-13
8499.43597054481	1.5288296e-13
8502.779257774348	1.5162878e-13
8506.122545003886	1.499073e-13
8509.465832233423	1.4716711e-13
8512.809119462961	1.4434634e-13
8516.1524066925	1.4137996e-13
8519.495693922037	1.3826613e-13
8522.838981151575	1.3557394e-13
8526.182268381113	1.324481e-13
8529.525555610651	1.2946407e-13
8532.86884284019	1.2708378e-13
8536.212130069727	1.2483568e-13
8539.555417299265	1.23053e-13
8542.898704528803	1.2143627e-13
8546.241991758341	1.2064075e-13
8549.585278987879	1.2060654e-13
8552.928566217417	1.2045342e-13
8556.271853446955	1.2205879e-13
8559.615140676493	1.2427228e-13
8562.958427906031	1.2580147e-13
8566.301715135569	1.2900213e-13
8569.645002365107	1.3216316e-13
8572.988289594645	1.3617442e-13
8576.331576824183	1.4176906e-13
8579.67486405372	1.4770833e-13
8583.018151283259	1.5514956e-13
8586.361438512797	1.6421204e-13
8589.704725742335	1.7401219e-13
8593.048012971873	1.8488126e-13
8596.39130020141	1.964834e-13
8599.734587430949	2.0881162e-13
8603.077874660486	2.2139412e-13
8606.421161890024	2.3453114e-13
8609.764449119562	2.467012e-13
8613.1077363491	2.583586e-13
8616.451023578638	2.6875637e-13
8619.794310808176	2.7812022e-13
8623.137598037714	2.873385e-13
8626.480885267252	2.9642562e-13
8629.82417249679	3.053401e-13
8633.167459726328	3.1435667e-13
8636.510746955866	3.2182013e-13
8639.854034185404	3.2933777e-13
8643.197321414942	3.3485698e-13
8646.54060864448	3.3959562e-13
8649.883895874018	3.4392695e-13
8653.227183103556	3.482008e-13
8656.570470333094	3.510432e-13
8659.913757562632	3.5364366e-13
8663.25704479217	3.5520732e-13
8666.600332021708	3.5777563e-13
8669.943619251246	3.5828003e-13
8673.286906480784	3.5987004e-13
8676.630193710322	3.6167678e-13
8679.97348093986	3.6006658e-13
8683.316768169398	3.5817115e-13
8686.660055398936	3.5614963e-13
8690.003342628474	3.5324635e-13
8693.346629858012	3.5157435e-13
8696.68991708755	3.5004687e-13
8700.033204317087	3.486723e-13
8703.376491546625	3.4730763e-13
8706.719778776163	3.4511733e-13
8710.063066005701	3.4282576e-13
8713.40635323524	3.3914047e-13
8716.749640464777	3.3717828e-13
8720.092927694315	3.3413314e-13
8723.436214923853	3.3080236e-13
8726.779502153391	3.2652922e-13
8730.12278938293	3.222091e-13
8733.466076612467	3.173995e-13
8736.809363842005	3.1392155e-13
8740.152651071543	3.0926067e-13
8743.495938301081	3.061933e-13
8746.839225530619	3.0101106e-13
8750.182512760157	2.97662e-13
8753.525799989695	2.9322264e-13
8756.869087219233	2.894158e-13
8760.21237444877	2.8535762e-13
8763.555661678309	2.8306434e-13
8766.898948907847	2.789822e-13
8770.242236137385	2.7561593e-13
8773.585523366923	2.7095115e-13
8776.92881059646	2.6735707e-13
8780.272097825999	2.6381303e-13
8783.615385055537	2.598062e-13
8786.958672285074	2.5384507e-13
8790.301959514612	2.524108e-13
8793.64524674415	2.467005e-13
8796.988533973688	2.3998658e-13
8800.331821203226	2.3566324e-13
8803.675108432764	2.3167424e-13
8807.018395662302	2.283076e-13
8810.36168289184	2.2560222e-13
8813.704970121378	2.2256234e-13
8817.048257350916	2.201014e-13
8820.391544580454	2.1793555e-13
8823.734831809992	2.1451227e-13
8827.07811903953	2.108643e-13
8830.421406269068	2.0686702e-13
8833.764693498606	2.0250171e-13
8837.107980728144	1.9683039e-13
8840.451267957682	1.9008911e-13
8843.79455518722	1.838819e-13
8847.137842416758	1.7641711e-13
8850.481129646296	1.6929672e-13
8853.824416875834	1.6393163e-13
8857.167704105372	1.5961748e-13
8860.51099133491	1.5627026e-13
8863.854278564448	1.5314731e-13
8867.197565793986	1.5203385e-13
8870.540853023524	1.529591e-13
8873.884140253062	1.5385776e-13
8877.2274274826	1.5642987e-13
8880.570714712137	1.5877593e-13
8883.914001941675	1.6119522e-13
8887.257289171213	1.6349292e-13
8890.600576400751	1.644505e-13
8893.94386363029	1.6585458e-13
8897.287150859827	1.6722021e-13
8900.630438089365	1.6805566e-13
8903.973725318903	1.6849352e-13
8907.317012548441	1.6985386e-13
8910.66029977798	1.7029652e-13
8914.003587007517	1.7058932e-13
8917.346874237055	1.7134415e-13
8920.690161466593	1.7053744e-13
8924.033448696131	1.6955847e-13
8927.376735925669	1.6826434e-13
8930.720023155207	1.6898904e-13
8934.063310384745	1.7003753e-13
8937.406597614283	1.7017339e-13
8940.74988484382	1.683645e-13
8944.093172073359	1.6507107e-13
8947.436459302897	1.5931494e-13
8950.779746532435	1.5639156e-13
8954.123033761973	1.5534033e-13
8957.46632099151	1.5065755e-13
8960.809608221049	1.4817783e-13
8964.152895450587	1.4743239e-13
8967.496182680125	1.4600417e-13
8970.839469909663	1.4750435e-13
8974.1827571392	1.4950869e-13
8977.526044368738	1.4861165e-13
8980.869331598276	1.3994718e-13
8984.212618827814	1.2434647e-13
8987.555906057352	1.1962741e-13
8990.89919328689	1.2552233e-13
8994.242480516428	1.263169e-13
8997.585767745966	1.2229548e-13
9000.929054975504	1.1804304e-13
9004.272342205042	1.1620694e-13
9007.61562943458	1.1562854e-13
9010.958916664118	1.1338948e-13
9014.302203893656	1.12055466e-13
9017.645491123194	1.09533686e-13
9020.988778352732	1.0676316e-13
9024.33206558227	1.08031903e-13
9027.675352811808	1.1070755e-13
9031.018640041346	1.1450046e-13
9034.361927270884	1.1671625e-13
9037.705214500422	1.1709118e-13
9041.04850172996	1.1917153e-13
9044.391788959498	1.2138629e-13
9047.735076189036	1.2264899e-13
9051.078363418574	1.2652646e-13
9054.421650648112	1.2715279e-13
9057.76493787765	1.2743285e-13
9061.108225107188	1.2783257e-13
9064.451512336726	1.2571999e-13
9067.794799566263	1.2518374e-13
9071.138086795801	1.2848282e-13
9074.48137402534	1.2870072e-13
9077.824661254877	1.3119798e-13
9081.167948484415	1.3283642e-13
9084.511235713953	1.3485182e-13
9087.854522943491	1.3722773e-13
9091.19781017303	1.3751222e-13
9094.541097402567	1.3710054e-13
9097.884384632105	1.3759226e-13
9101.227671861643	1.36737e-13
9104.57095909118	1.4018206e-13
9107.914246320717	1.4569346e-13
9111.257533550255	1.4368177e-13
9114.600820779793	1.4053532e-13
9117.944108009331	1.4248627e-13
9121.287395238869	1.4082886e-13
9124.630682468407	1.3403959e-13
9127.973969697945	1.2493621e-13
9131.317256927483	1.1886244e-13
9134.660544157021	1.211492e-13
9138.003831386559	1.2588135e-13
9141.347118616097	1.2823568e-13
9144.690405845635	1.2283405e-13
9148.033693075173	1.1025419e-13
9151.37698030471	1.01723575e-13
9154.720267534249	1.0211202e-13
9158.063554763787	1.0606543e-13
9161.406841993325	1.08907864e-13
9164.750129222863	1.08108855e-13
9168.0934164524	1.0205867e-13
9171.436703681939	9.920523e-14
9174.779990911476	1.02201206e-13
9178.123278141014	1.0550638e-13
9181.466565370552	1.10594564e-13
9184.80985260009	1.1534298e-13
9188.153139829628	1.1797209e-13
9191.496427059166	1.1952757e-13
9194.839714288704	1.242311e-13
9198.183001518242	1.2843124e-13
9201.52628874778	1.2951864e-13
9204.869575977318	1.3094318e-13
9208.212863206856	1.316611e-13
9211.556150436394	1.3212318e-13
9214.899437665932	1.3709136e-13
9218.24272489547	1.4216972e-13
9221.586012125008	1.4639849e-13
9224.929299354546	1.4824375e-13
9228.272586584084	1.4845143e-13
9231.615873813622	1.4725951e-13
9234.95916104316	1.472479e-13
9238.302448272698	1.4695442e-13
9241.645735502236	1.4739161e-13
9244.989022731774	1.4909475e-13
9248.332309961312	1.5137377e-13
9251.67559719085	1.5331525e-13
9255.018884420388	1.5037328e-13
9258.362171649926	1.5051096e-13
9261.705458879464	1.5217843e-13
9265.048746109002	1.5149386e-13
9268.39203333854	1.4868773e-13
9271.735320568077	1.4155016e-13
9275.078607797615	1.3457967e-13
9278.421895027153	1.2984222e-13
9281.765182256691	1.2679377e-13
9285.10846948623	1.2616212e-13
9288.451756715767	1.231642e-13
9291.795043945305	1.1729807e-13
9295.138331174843	1.11418036e-13
9298.481618404381	1.0924641e-13
9301.82490563392	1.0522452e-13
9305.168192863457	1.0141702e-13
9308.511480092995	9.57944e-14
9311.854767322533	8.549679e-14
9315.198054552071	7.9911995e-14
9318.541341781609	7.342185e-14
9321.884629011147	6.99164e-14
