4156.505859375	1.8285368e-13
4159.849146604538	1.9903815e-13
4163.192433834076	1.2681814e-13
4166.535721063614	9.771159e-14
4169.879008293152	9.502295e-14
4173.22229552269	6.939364e-14
4176.565582752228	7.3822276e-14
4179.908869981766	6.296878e-14
4183.252157211304	5.5823117e-14
4186.595444440842	5.8121395e-14
4189.93873167038	4.465638e-14
4193.282018899918	4.1899708e-14
4196.625306129456	4.57173e-14
4199.9685933589935	4.4737177e-14
4203.3118805885315	4.5300383e-14
4206.6551678180695	4.54224e-14
4209.998455047607	4.8414536e-14
4213.341742277145	5.0691707e-14
4216.685029506683	5.240795e-14
4220.028316736221	5.608368e-14
4223.371603965759	5.832992e-14
4226.714891195297	6.203368e-14
4230.058178424835	6.004418e-14
4233.401465654373	6.018662e-14
4236.744752883911	5.735957e-14
4240.088040113449	5.2804024e-14
4243.431327342987	4.921509e-14
4246.774614572525	4.458513e-14
4250.117901802063	4.23111e-14
4253.461189031601	3.934298e-14
4256.804476261139	3.809375e-14
4260.147763490677	3.598271e-14
4263.491050720215	3.4943534e-14
4266.834337949753	3.277829e-14
4270.177625179291	3.2730325e-14
4273.520912408829	3.216484e-14
4276.864199638367	3.2376923e-14
4280.207486867905	3.2511987e-14
4283.550774097443	3.44043e-14
4286.894061326981	3.4484666e-14
4290.237348556519	3.7282318e-14
4293.5806357860565	3.9084435e-14
4296.9239230155945	4.143739e-14
4300.267210245132	4.457082e-14
4303.61049747467	4.7374e-14
4306.953784704208	5.0411417e-14
4310.297071933746	5.3114302e-14
4313.640359163284	5.4920593e-14
4316.983646392822	5.4999354e-14
4320.32693362236	5.4884682e-14
4323.670220851898	5.2760967e-14
4327.013508081436	5.1399087e-14
4330.356795310974	4.8189026e-14
4333.700082540512	4.717415e-14
4337.04336977005	4.4523863e-14
4340.386656999588	4.3779653e-14
4343.729944229126	4.2083795e-14
4347.073231458664	4.2053925e-14
4350.416518688202	4.2187957e-14
4353.75980591774	4.314564e-14
4357.103093147278	4.446497e-14
4360.446380376816	4.618644e-14
4363.789667606354	4.7544674e-14
4367.132954835892	4.9798036e-14
4370.47624206543	5.1369936e-14
4373.819529294968	5.3858512e-14
4377.162816524506	5.544894e-14
4380.506103754044	5.836047e-14
4383.8493909835815	6.0225384e-14
4387.1926782131195	6.143681e-14
4390.5359654426575	6.2898254e-14
4393.879252672195	6.30603e-14
4397.222539901733	6.329128e-14
4400.565827131271	6.2704995e-14
4403.909114360809	6.259538e-14
4407.252401590347	6.1789854e-14
4410.595688819885	6.162565e-14
4413.938976049423	6.1475896e-14
4417.282263278961	6.110637e-14
4420.625550508499	6.1491366e-14
4423.968837738037	6.29716e-14
4427.312124967575	6.424918e-14
4430.655412197113	6.6955515e-14
4433.998699426651	7.055179e-14
4437.341986656189	7.503545e-14
4440.685273885727	7.829524e-14
4444.028561115265	8.134335e-14
4447.371848344803	8.32982e-14
4450.715135574341	8.38379e-14
4454.058422803879	8.153733e-14
4457.401710033417	7.9131044e-14
4460.744997262955	7.759322e-14
4464.088284492493	7.512762e-14
4467.431571722031	7.405242e-14
4470.774858951569	7.278181e-14
4474.118146181107	7.0424115e-14
4477.4614334106445	6.7866394e-14
4480.8047206401825	6.5315876e-14
4484.1480078697205	6.329826e-14
4487.491295099258	6.021175e-14
4490.834582328796	5.8199966e-14
4494.177869558334	5.6612253e-14
4497.521156787872	5.4532872e-14
4500.86444401741	5.3674665e-14
4504.207731246948	5.1765517e-14
4507.551018476486	5.1310173e-14
4510.894305706024	5.1578343e-14
4514.237592935562	5.1510493e-14
4517.5808801651	5.191828e-14
4520.924167394638	5.3763316e-14
4524.267454624176	5.5230627e-14
4527.610741853714	5.843163e-14
4530.954029083252	6.165135e-14
4534.29731631279	6.614626e-14
4537.640603542328	7.011614e-14
4540.983890771866	7.544486e-14
4544.327178001404	8.028552e-14
4547.670465230942	8.705278e-14
4551.01375246048	9.357137e-14
4554.357039690018	1.0299512e-13
4557.700326919556	1.1452196e-13
4561.043614149093	1.2658035e-13
4564.386901378631	1.4092364e-13
4567.730188608169	1.5930013e-13
4571.073475837707	1.7727436e-13
4574.416763067245	1.974662e-13
4577.7600502967825	2.1575672e-13
4581.1033375263205	2.2624377e-13
4584.4466247558585	2.3042386e-13
4587.789911985396	2.23867e-13
4591.133199214934	2.1298486e-13
4594.476486444472	1.9769611e-13
4597.81977367401	1.8574629e-13
4601.163060903548	1.7880344e-13
4604.506348133086	1.7680548e-13
4607.849635362624	1.8099717e-13
4611.192922592162	1.8806927e-13
4614.5362098217	2.0090128e-13
4617.879497051238	2.1367508e-13
4621.222784280776	2.2502926e-13
4624.566071510314	2.2999636e-13
4627.909358739852	2.2955373e-13
4631.25264596939	2.2374142e-13
4634.595933198928	2.162959e-13
4637.939220428466	2.0943966e-13
4641.282507658004	2.0536956e-13
4644.625794887542	2.072392e-13
4647.96908211708	2.1333449e-13
4651.312369346618	2.2673913e-13
4654.655656576156	2.452809e-13
4657.998943805694	2.6587668e-13
4661.342231035232	2.8307603e-13
4664.68551826477	2.9794824e-13
4668.028805494308	3.031123e-13
4671.3720927238455	3.0374181e-13
4674.7153799533835	3.0040434e-13
4678.058667182921	2.932266e-13
4681.401954412459	2.8569847e-13
4684.745241641997	2.7802638e-13
4688.088528871535	2.7226919e-13
4691.431816101073	2.7021636e-13
4694.775103330611	2.7126307e-13
4698.118390560149	2.705581e-13
4701.461677789687	2.6862844e-13
4704.804965019225	2.624814e-13
4708.148252248763	2.5878472e-13
4711.491539478301	2.552555e-13
4714.834826707839	2.565232e-13
4718.178113937377	2.6431028e-13
4721.521401166915	2.6829754e-13
4724.864688396453	2.7150737e-13
4728.207975625991	2.6878667e-13
4731.551262855529	2.5915012e-13
4734.894550085067	2.4685375e-13
4738.237837314605	2.3263086e-13
4741.581124544143	2.2132436e-13
4744.924411773681	2.0928195e-13
4748.267699003219	1.998709e-13
4751.610986232757	1.9208429e-13
4754.954273462295	1.8251501e-13
4758.297560691833	1.7289242e-13
4761.640847921371	1.6193684e-13
4764.9841351509085	1.535261e-13
4768.3274223804465	1.4406265e-13
4771.670709609984	1.3387521e-13
4775.013996839522	1.2495335e-13
4778.35728406906	1.1511614e-13
4781.700571298598	1.08817374e-13
4785.043858528136	1.04634e-13
4788.387145757674	1.0345463e-13
4791.730432987212	1.0389948e-13
4795.07372021675	1.0587592e-13
4798.417007446288	1.0945748e-13
4801.760294675826	1.1313762e-13
4805.103581905364	1.193228e-13
4808.446869134902	1.2858928e-13
4811.79015636444	1.3845281e-13
4815.133443593978	1.458547e-13
4818.476730823516	1.5205843e-13
4821.820018053054	1.530661e-13
4825.163305282592	1.5116246e-13
4828.50659251213	1.5013523e-13
4831.849879741668	1.4980001e-13
4835.193166971206	1.5358042e-13
4838.536454200744	1.6046657e-13
4841.879741430282	1.6966315e-13
4845.22302865982	1.7786544e-13
4848.566315889358	1.8468456e-13
4851.909603118896	1.901038e-13
4855.2528903484335	1.9381218e-13
4858.5961775779715	1.9543193e-13
4861.9394648075095	1.9805792e-13
4865.282752037047	1.9753059e-13
4868.626039266585	1.9311953e-13
4871.969326496123	1.8483988e-13
4875.312613725661	1.7178606e-13
4878.655900955199	1.596934e-13
4881.999188184737	1.5090925e-13
4885.342475414275	1.4566129e-13
4888.685762643813	1.4324686e-13
4892.029049873351	1.4608907e-13
4895.372337102889	1.5389046e-13
4898.715624332427	1.6595235e-13
4902.058911561965	1.8340293e-13
4905.402198791503	2.0583719e-13
4908.745486021041	2.3575627e-13
4912.088773250579	2.697926e-13
4915.432060480117	3.0597866e-13
4918.775347709655	3.4303555e-13
4922.118634939193	3.7294443e-13
4925.461922168731	3.9508362e-13
4928.805209398269	4.0993118e-13
4932.148496627807	4.1725724e-13
4935.491783857345	4.1747825e-13
4938.835071086883	4.1578866e-13
4942.178358316421	4.1006242e-13
4945.521645545959	3.9735627e-13
4948.8649327754965	3.8173376e-13
4952.2082200050345	3.5853273e-13
4955.5515072345725	3.261076e-13
4958.89479446411	2.912134e-13
4962.238081693648	2.5169873e-13
4965.581368923186	2.1680951e-13
4968.924656152724	1.8523186e-13
4972.267943382262	1.6094779e-13
4975.6112306118	1.452085e-13
4978.954517841338	1.363712e-13
4982.297805070876	1.3433648e-13
4985.641092300414	1.3838305e-13
4988.984379529952	1.4874174e-13
4992.32766675949	1.6502201e-13
4995.670953989028	1.8439434e-13
4999.014241218566	2.0582752e-13
5002.357528448104	2.280804e-13
5005.700815677642	2.5464976e-13
5009.04410290718	2.843321e-13
5012.387390136718	3.113671e-13
5015.730677366256	3.4333777e-13
5019.073964595794	3.7558568e-13
5022.417251825332	4.025693e-13
5025.76053905487	4.1879006e-13
5029.103826284408	4.3170824e-13
5032.447113513946	4.3239945e-13
5035.790400743484	4.301686e-13
5039.133687973022	4.174768e-13
5042.4769752025595	4.047873e-13
5045.8202624320975	3.8180922e-13
5049.163549661635	3.630343e-13
5052.506836891173	3.4182542e-13
5055.850124120711	3.267975e-13
5059.193411350249	3.1482832e-13
5062.536698579787	3.0748792e-13
5065.879985809325	3.03926e-13
5069.223273038863	3.0074811e-13
5072.566560268401	3.0004604e-13
5075.909847497939	2.961575e-13
5079.253134727477	2.9007978e-13
5082.596421957015	2.7805506e-13
5085.939709186553	2.6522382e-13
5089.282996416091	2.4987732e-13
5092.626283645629	2.306108e-13
5095.969570875167	2.0920002e-13
5099.312858104705	1.8732279e-13
5102.656145334243	1.6844282e-13
5105.999432563781	1.4950645e-13
5109.342719793319	1.3338938e-13
5112.686007022857	1.1984283e-13
5116.029294252395	1.0837787e-13
5119.372581481933	1.0079664e-13
5122.715868711471	9.557088e-14
5126.059155941009	9.29707e-14
5129.402443170547	9.33345e-14
5132.7457304000845	9.5961806e-14
5136.0890176296225	1.0018892e-13
5139.4323048591605	1.06509114e-13
5142.775592088698	1.1327459e-13
5146.118879318236	1.1974487e-13
5149.462166547774	1.288221e-13
5152.805453777312	1.354654e-13
5156.14874100685	1.4425299e-13
5159.492028236388	1.5252781e-13
5162.835315465926	1.6173015e-13
5166.178602695464	1.7092744e-13
5169.521889925002	1.7976554e-13
5172.86517715454	1.8877955e-13
5176.208464384078	1.9746883e-13
5179.551751613616	2.0515524e-13
5182.895038843154	2.0743197e-13
5186.238326072692	2.1123988e-13
5189.58161330223	2.1036855e-13
5192.924900531768	2.0580973e-13
5196.268187761306	2.021274e-13
5199.611474990844	1.9822692e-13
5202.954762220381	1.9806502e-13
5206.298049449919	1.9772274e-13
5209.641336679457	1.9906087e-13
5212.984623908995	2.0271168e-13
5216.327911138533	2.077385e-13
5219.671198368071	2.1508041e-13
5223.014485597609	2.202241e-13
5226.357772827147	2.2192098e-13
5229.701060056685	2.2003508e-13
5233.044347286223	2.1593641e-13
5236.3876345157605	2.1063839e-13
5239.7309217452985	2.0577045e-13
5243.074208974836	2.0562333e-13
5246.417496204374	2.0615574e-13
5249.760783433912	2.1239399e-13
5253.10407066345	2.1761343e-13
5256.447357892988	2.2451965e-13
5259.790645122526	2.315628e-13
5263.133932352064	2.3294485e-13
5266.477219581602	2.351805e-13
5269.82050681114	2.3212427e-13
5273.163794040678	2.2413899e-13
5276.507081270216	2.1436532e-13
5279.850368499754	2.032514e-13
5283.193655729292	1.9586194e-13
5286.53694295883	1.9168532e-13
5289.880230188368	1.9230442e-13
5293.223517417906	1.9746634e-13
5296.566804647444	2.0580269e-13
5299.910091876982	2.1510563e-13
5303.25337910652	2.238027e-13
5306.596666336058	2.3373927e-13
5309.939953565596	2.4313087e-13
5313.283240795134	2.523105e-13
5316.626528024672	2.6359698e-13
5319.96981525421	2.739265e-13
5323.313102483748	2.8001912e-13
5326.6563897132855	2.8935722e-13
5329.9996769428235	2.8712766e-13
5333.3429641723615	2.8238767e-13
5336.686251401899	2.7654083e-13
5340.029538631437	2.7288184e-13
5343.372825860975	2.7462578e-13
5346.716113090513	2.8103304e-13
5350.059400320051	2.8799044e-13
5353.402687549589	2.9521394e-13
5356.745974779127	3.006941e-13
5360.089262008665	3.046522e-13
5363.432549238203	3.107373e-13
5366.775836467741	3.129017e-13
5370.119123697279	3.1784154e-13
5373.462410926817	3.1765243e-13
5376.805698156355	3.147805e-13
5380.148985385893	3.0949955e-13
5383.492272615431	3.0382584e-13
5386.835559844969	2.9812928e-13
5390.178847074507	2.9174026e-13
5393.522134304045	2.882437e-13
5396.865421533583	2.8434896e-13
5400.208708763121	2.8788048e-13
5403.551995992659	2.96359e-13
5406.895283222197	3.0953492e-13
5410.238570451735	3.2577375e-13
5413.581857681273	3.4166027e-13
5416.925144910811	3.6318501e-13
5420.2684321403485	3.8106503e-13
5423.6117193698865	3.9689248e-13
5426.955006599424	4.0653884e-13
5430.298293828962	4.1756304e-13
5433.6415810585	4.2155634e-13
5436.984868288038	4.2293943e-13
5440.328155517576	4.2154992e-13
5443.671442747114	4.1520566e-13
5447.014729976652	4.045137e-13
5450.35801720619	3.9133662e-13
5453.701304435728	3.7838848e-13
5457.044591665266	3.6841694e-13
5460.387878894804	3.5778008e-13
5463.731166124342	3.4828214e-13
5467.07445335388	3.4004123e-13
5470.417740583418	3.291985e-13
5473.761027812956	3.1909704e-13
5477.104315042494	3.0898176e-13
5480.447602272032	2.9858651e-13
5483.79088950157	2.8476651e-13
5487.134176731108	2.7454658e-13
5490.477463960646	2.6178956e-13
5493.820751190184	2.5038652e-13
5497.164038419722	2.4438586e-13
5500.50732564926	2.4183588e-13
5503.850612878798	2.4438521e-13
5507.193900108336	2.5473086e-13
5510.537187337874	2.729964e-13
5513.8804745674115	2.986689e-13
5517.2237617969495	3.2838378e-13
5520.567049026487	3.604442e-13
5523.910336256025	3.889596e-13
5527.253623485563	4.1625956e-13
5530.596910715101	4.3531276e-13
5533.940197944639	4.4756188e-13
5537.283485174177	4.596451e-13
5540.626772403715	4.635297e-13
5543.970059633253	4.634379e-13
5547.313346862791	4.5824585e-13
5550.656634092329	4.557745e-13
5553.999921321867	4.491125e-13
5557.343208551405	4.3830334e-13
5560.686495780943	4.2881836e-13
5564.029783010481	4.1939783e-13
5567.373070240019	4.0956808e-13
5570.716357469557	4.034577e-13
5574.059644699095	3.937801e-13
5577.402931928633	3.8450428e-13
5580.746219158171	3.7795271e-13
5584.089506387709	3.675242e-13
5587.432793617247	3.5843873e-13
5590.776080846785	3.4552247e-13
5594.119368076323	3.3250854e-13
5597.462655305861	3.1849837e-13
5600.805942535399	3.018748e-13
5604.1492297649365	2.845358e-13
5607.4925169944745	2.6522984e-13
5610.8358042240125	2.469597e-13
5614.17909145355	2.2706324e-13
5617.522378683088	2.1225247e-13
5620.865665912626	1.983279e-13
5624.208953142164	1.878483e-13
5627.552240371702	1.8149382e-13
5630.89552760124	1.8117402e-13
5634.238814830778	1.8311044e-13
5637.582102060316	1.8982504e-13
5640.925389289854	2.0109209e-13
5644.268676519392	2.1679938e-13
5647.61196374893	2.3578296e-13
5650.955250978468	2.5466304e-13
5654.298538208006	2.725332e-13
5657.641825437544	2.9028489e-13
5660.985112667082	3.062122e-13
5664.32839989662	3.2278374e-13
5667.671687126158	3.4433177e-13
5671.014974355696	3.6050018e-13
5674.358261585234	3.7679668e-13
5677.701548814772	3.865067e-13
5681.04483604431	3.9465328e-13
5684.388123273848	3.9475156e-13
5687.731410503386	3.955692e-13
5691.074697732924	3.9064135e-13
5694.417984962462	3.896008e-13
5697.7612721919995	3.8196985e-13
5701.1045594215375	3.7514192e-13
5704.447846651075	3.6746902e-13
5707.791133880613	3.597044e-13
5711.134421110151	3.5315137e-13
5714.477708339689	3.4538602e-13
5717.820995569227	3.3715985e-13
5721.164282798765	3.3028503e-13
5724.507570028303	3.2183015e-13
5727.850857257841	3.1129233e-13
5731.194144487379	3.019043e-13
5734.537431716917	2.8932355e-13
5737.880718946455	2.8004064e-13
5741.224006175993	2.651301e-13
5744.567293405531	2.5213097e-13
5747.910580635069	2.3736373e-13
5751.253867864607	2.209394e-13
5754.597155094145	2.0693312e-13
5757.940442323683	1.9091852e-13
5761.283729553221	1.7776117e-13
5764.627016782759	1.6311693e-13
5767.970304012297	1.5077432e-13
5771.313591241835	1.3965975e-13
5774.656878471373	1.2893377e-13
5778.000165700911	1.1886244e-13
5781.343452930449	1.1203137e-13
5784.686740159987	1.04087014e-13
5788.030027389525	9.705505e-14
5791.3733146190625	9.245497e-14
5794.7166018486005	8.8704116e-14
5798.059889078138	8.60771e-14
5801.403176307676	8.437958e-14
5804.746463537214	8.405225e-14
5808.089750766752	8.4187065e-14
5811.43303799629	8.515674e-14
5814.776325225828	8.741366e-14
5818.119612455366	8.954485e-14
5821.462899684904	9.2932227e-14
5824.806186914442	9.681471e-14
5828.14947414398	1.0145563e-13
5831.492761373518	1.06842385e-13
5834.836048603056	1.1294063e-13
5838.179335832594	1.1931565e-13
5841.522623062132	1.2672556e-13
5844.86591029167	1.3515395e-13
5848.209197521208	1.4353997e-13
5851.552484750746	1.5389678e-13
5854.895771980284	1.6662282e-13
5858.239059209822	1.8032184e-13
5861.58234643936	1.9692174e-13
5864.925633668898	2.1530644e-13
5868.268920898436	2.3701237e-13
5871.612208127974	2.642809e-13
5874.955495357512	2.9474153e-13
5878.29878258705	3.2978356e-13
5881.6420698165875	3.701507e-13
5884.9853570461255	4.0293558e-13
5888.3286442756635	4.2883776e-13
5891.671931505201	4.518087e-13
5895.015218734739	4.7855724e-13
5898.358505964277	4.901807e-13
5901.701793193815	4.9628395e-13
5905.045080423353	4.973035e-13
5908.388367652891	4.928793e-13
5911.731654882429	4.9815924e-13
5915.074942111967	5.1014813e-13
5918.418229341505	5.1094177e-13
5921.761516571043	5.1200613e-13
5925.104803800581	5.0961676e-13
5928.448091030119	5.02418e-13
5931.791378259657	4.964508e-13
5935.134665489195	4.887168e-13
5938.477952718733	4.77349e-13
5941.821239948271	4.67609e-13
5945.164527177809	4.5970167e-13
5948.507814407347	4.544583e-13
5951.851101636885	4.432837e-13
5955.194388866423	4.3379677e-13
5958.537676095961	4.2378744e-13
5961.880963325499	4.141423e-13
5965.224250555037	4.0506894e-13
5968.567537784575	4.0142038e-13
5971.910825014113	3.9974114e-13
5975.2541122436505	3.97732e-13
5978.5973994731885	4.0190892e-13
5981.940686702726	4.0442798e-13
5985.283973932264	4.015388e-13
5988.627261161802	4.0222394e-13
5991.97054839134	3.9849398e-13
5995.313835620878	3.9343366e-13
5998.657122850416	3.8963057e-13
6002.000410079954	3.8211453e-13
6005.343697309492	3.783523e-13
6008.68698453903	3.769267e-13
6012.030271768568	3.6959642e-13
6015.373558998106	3.6656816e-13
6018.716846227644	3.6228377e-13
6022.060133457182	3.585228e-13
6025.40342068672	3.5357703e-13
6028.746707916258	3.4806487e-13
6032.089995145796	3.4353865e-13
6035.433282375334	3.4004784e-13
6038.776569604872	3.3582528e-13
6042.11985683441	3.3353187e-13
6045.463144063948	3.3048024e-13
6048.806431293486	3.258916e-13
6052.149718523024	3.228936e-13
6055.493005752562	3.2020843e-13
6058.8362929821	3.146763e-13
6062.179580211638	3.1278504e-13
6065.522867441176	3.1206296e-13
6068.8661546707135	3.1084117e-13
6072.2094419002515	3.097129e-13
6075.552729129789	3.070329e-13
6078.896016359327	3.0119332e-13
6082.239303588865	2.913276e-13
6085.582590818403	2.826021e-13
6088.925878047941	2.715155e-13
6092.269165277479	2.643178e-13
6095.612452507017	2.5778912e-13
6098.955739736555	2.5011343e-13
6102.299026966093	2.4571504e-13
6105.642314195631	2.4147375e-13
6108.985601425169	2.3757417e-13
6112.328888654707	2.3636277e-13
6115.672175884245	2.3375372e-13
6119.015463113783	2.3756385e-13
6122.358750343321	2.4447127e-13
6125.702037572859	2.517301e-13
6129.045324802397	2.6752938e-13
6132.388612031935	2.8615204e-13
6135.731899261473	3.0801455e-13
6139.075186491011	3.2587125e-13
6142.418473720549	3.4252955e-13
6145.761760950087	3.5867338e-13
6149.105048179625	3.6685298e-13
6152.448335409163	3.7442852e-13
6155.7916226387	3.7950014e-13
6159.134909868238	3.791131e-13
6162.478197097776	3.7903876e-13
6165.821484327314	3.774891e-13
6169.1647715568515	3.7691695e-13
6172.5080587863895	3.7157855e-13
6175.851346015927	3.6611445e-13
6179.194633245465	3.5788145e-13
6182.537920475003	3.494712e-13
6185.881207704541	3.3714768e-13
6189.224494934079	3.2527065e-13
6192.567782163617	3.110119e-13
6195.911069393155	2.966591e-13
6199.254356622693	2.7920887e-13
6202.597643852231	2.6414897e-13
6205.94093108177	2.4873146e-13
6209.284218311308	2.3520774e-13
6212.627505540846	2.2552609e-13
6215.970792770384	2.208733e-13
6219.314079999922	2.2150666e-13
6222.65736722946	2.3047224e-13
6226.000654458998	2.4399967e-13
6229.343941688536	2.6554304e-13
6232.687228918074	2.8872895e-13
6236.030516147612	3.095247e-13
6239.37380337715	3.2783452e-13
6242.717090606688	3.3866497e-13
6246.060377836226	3.4477526e-13
6249.403665065763	3.5048112e-13
6252.746952295301	3.5008872e-13
6256.090239524839	3.530344e-13
6259.4335267543765	3.5371028e-13
6262.7768139839145	3.531979e-13
6266.1201012134525	3.5557822e-13
6269.46338844299	3.527593e-13
6272.806675672528	3.4239923e-13
6276.149962902066	3.307639e-13
6279.493250131604	3.2796465e-13
6282.836537361142	3.3095168e-13
6286.17982459068	3.3069231e-13
6289.523111820218	3.286327e-13
6292.866399049756	3.2519896e-13
6296.209686279294	3.2076907e-13
6299.552973508832	3.2178505e-13
6302.89626073837	3.2268182e-13
6306.239547967908	3.2420407e-13
6309.582835197446	3.2711976e-13
6312.926122426984	3.257898e-13
6316.269409656522	3.2322138e-13
6319.61269688606	3.1818e-13
6322.955984115598	3.0684914e-13
6326.299271345136	3.00656e-13
6329.642558574674	2.97958e-13
6332.985845804212	3.009648e-13
6336.32913303375	3.0393526e-13
6339.672420263288	3.0479116e-13
6343.015707492826	3.0442679e-13
6346.358994722364	2.9977846e-13
6349.702281951902	2.9859023e-13
6353.0455691814395	3.0091533e-13
6356.3888564109775	3.0025347e-13
6359.7321436405155	3.0495243e-13
6363.075430870053	3.061631e-13
6366.418718099591	3.043913e-13
6369.762005329129	3.054274e-13
6373.105292558667	2.9697314e-13
6376.448579788205	2.9158896e-13
6379.791867017743	2.815579e-13
6383.135154247281	2.692959e-13
6386.478441476819	2.5782992e-13
6389.821728706357	2.444247e-13
6393.165015935895	2.321402e-13
6396.508303165433	2.2172734e-13
6399.851590394971	2.1243108e-13
6403.194877624509	2.0240763e-13
6406.538164854047	1.9113639e-13
6409.881452083585	1.7999923e-13
6413.224739313123	1.663683e-13
6416.568026542661	1.5392029e-13
6419.911313772199	1.4129321e-13
6423.254601001737	1.2929324e-13
6426.597888231275	1.178533e-13
6429.941175460813	1.0776986e-13
6433.284462690351	1.0067151e-13
6436.627749919889	9.424869e-14
6439.971037149427	9.0830385e-14
6443.314324378965	8.716537e-14
6446.6576116085025	8.528658e-14
6450.0008988380405	8.299329e-14
6453.344186067578	8.1743375e-14
6456.687473297116	8.139299e-14
6460.030760526654	8.185865e-14
6463.374047756192	8.255569e-14
6466.71733498573	8.644842e-14
6470.060622215268	8.954957e-14
6473.403909444806	9.389046e-14
6476.747196674344	9.985833e-14
6480.090483903882	1.0755998e-13
6483.43377113342	1.1586373e-13
6486.777058362958	1.269933e-13
6490.120345592496	1.3944568e-13
6493.463632822034	1.5514024e-13
6496.806920051572	1.7381254e-13
6500.15020728111	1.960527e-13
6503.493494510648	2.1763284e-13
6506.836781740186	2.3833062e-13
6510.180068969724	2.5641989e-13
6513.523356199262	2.7196336e-13
6516.8666434288	2.8968375e-13
6520.209930658338	3.122491e-13
6523.553217887876	3.4235597e-13
6526.896505117414	3.7745244e-13
6530.239792346952	4.2242932e-13
6533.58307957649	4.7211155e-13
6536.9263668060275	5.2803687e-13
6540.2696540355655	5.846172e-13
6543.6129412651035	6.434694e-13
6546.956228494641	6.903933e-13
6550.299515724179	7.3447666e-13
6553.642802953717	7.651694e-13
6556.986090183255	7.9120033e-13
6560.329377412793	8.0687654e-13
6563.672664642331	8.163985e-13
6567.015951871869	8.1875235e-13
6570.359239101407	8.169807e-13
6573.702526330945	8.1198443e-13
6577.045813560483	8.014222e-13
6580.389100790021	7.9373904e-13
6583.732388019559	7.8115796e-13
6587.075675249097	7.6939204e-13
6590.418962478635	7.622302e-13
6593.762249708173	7.538003e-13
6597.105536937711	7.4259533e-13
6600.448824167249	7.341485e-13
6603.792111396787	7.2092495e-13
6607.135398626325	7.052919e-13
6610.478685855863	6.881724e-13
6613.821973085401	6.69021e-13
6617.165260314939	6.5199435e-13
6620.508547544477	6.339404e-13
6623.851834774015	6.15784e-13
6627.195122003553	5.9750436e-13
6630.53840923309	5.7988e-13
6633.881696462628	5.596272e-13
6637.224983692166	5.457201e-13
6640.5682709217035	5.272886e-13
6643.9115581512415	5.1199203e-13
6647.254845380779	4.9354146e-13
6650.598132610317	4.791612e-13
6653.941419839855	4.664635e-13
6657.284707069393	4.535897e-13
6660.627994298931	4.4093115e-13
6663.971281528469	4.2957047e-13
6667.314568758007	4.2149766e-13
6670.657855987545	4.1459842e-13
6674.001143217083	4.0621618e-13
6677.344430446621	3.9526406e-13
6680.687717676159	3.8889944e-13
6684.031004905697	3.787983e-13
6687.374292135235	3.7200416e-13
6690.717579364773	3.6206506e-13
6694.060866594311	3.5699037e-13
6697.404153823849	3.532548e-13
6700.747441053387	3.463281e-13
6704.090728282925	3.435146e-13
6707.434015512463	3.4007955e-13
6710.777302742001	3.3684622e-13
6714.120589971539	3.3115863e-13
6717.463877201077	3.2839858e-13
6720.807164430615	3.2415815e-13
6724.150451660153	3.1988672e-13
6727.493738889691	3.1671521e-13
6730.8370261192285	3.1110964e-13
6734.1803133487665	3.0799574e-13
6737.5236005783045	3.0399893e-13
6740.866887807842	3.003524e-13
6744.21017503738	2.969469e-13
6747.553462266918	2.9435002e-13
6750.896749496456	2.9252794e-13
6754.240036725994	2.9008195e-13
6757.583323955532	2.8611738e-13
6760.92661118507	2.8331395e-13
6764.269898414608	2.81601e-13
6767.613185644146	2.8033858e-13
6770.956472873684	2.795236e-13
6774.299760103222	2.7763225e-13
6777.64304733276	2.7650666e-13
6780.986334562298	2.7697774e-13
6784.329621791836	2.768085e-13
6787.672909021374	2.7602784e-13
6791.016196250912	2.7647974e-13
6794.35948348045	2.7422162e-13
6797.702770709988	2.7474908e-13
6801.046057939526	2.7182686e-13
6804.389345169064	2.730776e-13
6807.732632398602	2.7023585e-13
6811.07591962814	2.7248294e-13
6814.419206857678	2.7336653e-13
6817.762494087216	2.73309e-13
6821.105781316754	2.7340128e-13
6824.4490685462915	2.728067e-13
6827.7923557758295	2.73522e-13
6831.1356430053675	2.7245074e-13
6834.478930234905	2.730059e-13
6837.822217464443	2.7287948e-13
6841.165504693981	2.713283e-13
6844.508791923519	2.7258596e-13
6847.852079153057	2.7221186e-13
6851.195366382595	2.7201285e-13
6854.538653612133	2.7070417e-13
6857.881940841671	2.668608e-13
6861.225228071209	2.509507e-13
6864.568515300747	2.1899691e-13
6867.911802530285	1.8870669e-13
6871.255089759823	1.8636713e-13
6874.598376989361	2.0825826e-13
6877.941664218899	2.271981e-13
6881.284951448437	2.349683e-13
6884.628238677975	2.2951283e-13
6887.971525907513	2.222021e-13
6891.314813137051	2.2331991e-13
6894.658100366589	2.2578863e-13
6898.001387596127	2.295569e-13
6901.344674825665	2.3337484e-13
6904.687962055203	2.363741e-13
6908.031249284741	2.396824e-13
6911.374536514279	2.4162516e-13
6914.717823743817	2.4547074e-13
6918.0611109733545	2.4704384e-13
6921.4043982028925	2.4769694e-13
6924.74768543243	2.4725052e-13
6928.090972661968	2.5169962e-13
6931.434259891506	2.4994972e-13
6934.777547121044	2.4973003e-13
6938.120834350582	2.4846003e-13
6941.46412158012	2.4847613e-13
6944.807408809658	2.4878773e-13
6948.150696039196	2.475902e-13
6951.493983268734	2.459789e-13
6954.837270498272	2.447944e-13
6958.18055772781	2.4186423e-13
6961.523844957348	2.4169192e-13
6964.867132186886	2.3997674e-13
6968.210419416424	2.3781628e-13
6971.553706645962	2.377055e-13
6974.8969938755	2.3523734e-13
6978.240281105038	2.3783e-13
6981.583568334576	2.4087476e-13
6984.926855564114	2.4545914e-13
6988.270142793652	2.5280722e-13
6991.61343002319	2.5936875e-13
6994.956717252728	2.6490255e-13
6998.300004482266	2.7017364e-13
7001.643291711804	2.7185426e-13
7004.986578941342	2.7564658e-13
7008.3298661708795	2.767129e-13
7011.6731534004175	2.763587e-13
7015.0164406299555	2.7628887e-13
7018.359727859493	2.755795e-13
7021.703015089031	2.758182e-13
7025.046302318569	2.74496e-13
7028.389589548107	2.7351155e-13
7031.732876777645	2.7470932e-13
7035.076164007183	2.7278307e-13
7038.419451236721	2.6552884e-13
7041.762738466259	2.6931796e-13
7045.106025695797	2.679229e-13
7048.449312925335	2.6377145e-13
7051.792600154873	2.6377804e-13
7055.135887384411	2.6322168e-13
7058.479174613949	2.6532907e-13
7061.822461843487	2.6546912e-13
7065.165749073025	2.6540329e-13
7068.509036302563	2.6438294e-13
7071.852323532101	2.639787e-13
7075.195610761639	2.6296977e-13
7078.538897991177	2.6150265e-13
7081.882185220715	2.6068836e-13
7085.225472450253	2.587158e-13
7088.568759679791	2.5627254e-13
7091.912046909329	2.541726e-13
7095.255334138867	2.530264e-13
7098.598621368405	2.5315207e-13
7101.9419085979425	2.5203909e-13
7105.2851958274805	2.5432735e-13
7108.6284830570185	2.5390215e-13
7111.971770286556	2.5395972e-13
7115.315057516094	2.5522878e-13
7118.658344745632	2.5458127e-13
7122.00163197517	2.5535536e-13
7125.344919204708	2.5476165e-13
7128.688206434246	2.5416987e-13
7132.031493663784	2.546448e-13
7135.374780893322	2.5437473e-13
7138.71806812286	2.5272829e-13
7142.061355352398	2.5065936e-13
7145.404642581936	2.4992302e-13
7148.747929811474	2.484314e-13
7152.091217041012	2.4658097e-13
7155.43450427055	2.4373624e-13
7158.777791500088	2.418938e-13
7162.121078729626	2.3979413e-13
7165.464365959164	2.3337804e-13
7168.807653188702	2.285378e-13
7172.15094041824	2.2472277e-13
7175.494227647778	2.2150173e-13
7178.837514877316	2.1888593e-13
7182.180802106854	2.1429408e-13
7185.524089336392	2.1099837e-13
7188.86737656593	2.119901e-13
7192.210663795468	2.1489936e-13
7195.5539510250055	2.1673741e-13
7198.8972382545435	2.2157157e-13
7202.240525484081	2.2873546e-13
7205.583812713619	2.4277807e-13
7208.927099943157	2.5737306e-13
7212.270387172695	2.6650196e-13
7215.613674402233	2.7136456e-13
7218.956961631771	2.7645852e-13
7222.300248861309	2.7731176e-13
7225.643536090847	2.7554394e-13
7228.986823320385	2.7017977e-13
7232.330110549923	2.6477786e-13
7235.673397779461	2.6371345e-13
7239.016685008999	2.6292822e-13
7242.359972238537	2.6231117e-13
7245.703259468075	2.6199146e-13
7249.046546697613	2.601614e-13
7252.389833927151	2.5848364e-13
7255.733121156689	2.5879388e-13
7259.076408386227	2.5835454e-13
7262.419695615765	2.5420535e-13
7265.762982845303	2.511038e-13
7269.106270074841	2.4878068e-13
7272.449557304379	2.4473533e-13
7275.792844533917	2.4389326e-13
7279.136131763455	2.4912147e-13
7282.479418992993	2.5084538e-13
7285.8227062225305	2.524297e-13
7289.1659934520685	2.550107e-13
7292.5092806816065	2.6407685e-13
7295.852567911144	2.747193e-13
7299.195855140682	2.7868184e-13
7302.53914237022	2.8525739e-13
7305.882429599758	2.9227445e-13
7309.225716829296	2.9846687e-13
7312.569004058834	3.0259774e-13
7315.912291288372	3.057735e-13
7319.25557851791	3.0814546e-13
7322.598865747448	3.0995993e-13
7325.942152976986	3.0971002e-13
7329.285440206524	3.090974e-13
7332.628727436062	3.0865116e-13
7335.9720146656	3.105692e-13
7339.315301895138	3.135995e-13
7342.658589124676	3.1315025e-13
7346.001876354214	3.1330225e-13
7349.345163583752	3.1284515e-13
7352.68845081329	3.0970045e-13
7356.031738042828	3.0726802e-13
7359.375025272366	3.0395884e-13
7362.718312501904	2.994642e-13
7366.061599731442	2.9581497e-13
7369.40488696098	2.93502e-13
7372.748174190518	2.9050772e-13
7376.091461420056	2.86353e-13
7379.4347486495935	2.823697e-13
7382.7780358791315	2.7719678e-13
7386.1213231086695	2.729399e-13
7389.464610338207	2.6896782e-13
7392.807897567745	2.660493e-13
7396.151184797283	2.6431472e-13
7399.494472026821	2.6202743e-13
7402.837759256359	2.5965417e-13
7406.181046485897	2.5810693e-13
7409.524333715435	2.5528088e-13
7412.867620944973	2.5177598e-13
7416.210908174511	2.494552e-13
7419.554195404049	2.4665323e-13
7422.897482633587	2.4359036e-13
7426.240769863125	2.427715e-13
7429.584057092663	2.4280903e-13
7432.927344322201	2.4470782e-13
7436.270631551739	2.4771824e-13
7439.613918781277	2.5188635e-13
7442.957206010815	2.596309e-13
7446.300493240353	2.6605733e-13
7449.643780469891	2.7236785e-13
7452.987067699429	2.7816071e-13
7456.330354928967	2.835218e-13
7459.673642158505	2.8846478e-13
7463.016929388043	2.92009e-13
7466.360216617581	2.9393764e-13
7469.703503847119	2.9256876e-13
7473.0467910766565	2.9276977e-13
7476.3900783061945	2.9268084e-13
7479.733365535732	2.8889947e-13
7483.07665276527	2.8495988e-13
7486.419939994808	2.8141714e-13
7489.763227224346	2.7877014e-13
7493.106514453884	2.742107e-13
7496.449801683422	2.740843e-13
7499.79308891296	2.7281787e-13
7503.136376142498	2.7127486e-13
7506.479663372036	2.7000507e-13
7509.822950601574	2.733292e-13
7513.166237831112	2.724378e-13
7516.50952506065	2.7253623e-13
7519.852812290188	2.7337548e-13
7523.196099519726	2.7214884e-13
7526.539386749264	2.711045e-13
7529.882673978802	2.6959018e-13
7533.22596120834	2.6695242e-13
7536.569248437878	2.6542882e-13
7539.912535667416	2.609586e-13
7543.255822896954	2.5940608e-13
7546.599110126492	2.5661987e-13
7549.94239735603	2.5417006e-13
7553.285684585568	2.5346836e-13
7556.628971815106	2.5026804e-13
7559.972259044644	2.4967276e-13
7563.3155462741815	2.465988e-13
7566.6588335037195	2.4511968e-13
7570.0021207332575	2.424188e-13
7573.345407962795	2.3919132e-13
7576.688695192333	2.373823e-13
7580.031982421871	2.3283093e-13
7583.375269651409	2.2805453e-13
7586.718556880947	2.1325696e-13
7590.061844110485	1.7433076e-13
7593.405131340023	1.1654291e-13
7596.748418569561	6.7352814e-14
7600.091705799099	4.429289e-14
7603.434993028637	3.912219e-14
7606.778280258175	4.962391e-14
7610.121567487713	7.604082e-14
7613.464854717251	1.1107857e-13
7616.808141946789	1.3242757e-13
7620.151429176327	1.2044125e-13
7623.494716405865	9.72191e-14
7626.838003635403	8.967692e-14
7630.181290864941	9.2251456e-14
7633.524578094479	9.886009e-14
7636.867865324017	1.0848562e-13
7640.211152553555	1.192231e-13
7643.554439783093	1.3107701e-13
7646.897727012631	1.4375025e-13
7650.241014242169	1.563792e-13
7653.584301471707	1.6658247e-13
7656.9275887012445	1.7564681e-13
7660.2708759307825	1.825482e-13
7663.6141631603205	1.8774502e-13
7666.957450389858	1.9310241e-13
7670.300737619396	1.9594967e-13
7673.644024848934	1.9885039e-13
7676.987312078472	2.0069942e-13
7680.33059930801	2.0441427e-13
7683.673886537548	2.0793918e-13
7687.017173767086	2.1496991e-13
7690.360460996624	2.2301644e-13
7693.703748226162	2.3373152e-13
7697.0470354557	2.410534e-13
7700.390322685238	2.4785005e-13
7703.733609914776	2.518935e-13
7707.076897144314	2.5492458e-13
7710.420184373852	2.5651082e-13
7713.76347160339	2.561363e-13
7717.106758832928	2.559254e-13
7720.450046062466	2.519275e-13
7723.793333292004	2.4747096e-13
7727.136620521542	2.4053603e-13
7730.47990775108	2.304975e-13
7733.823194980618	2.2036259e-13
7737.166482210156	2.0855609e-13
7740.509769439694	2.0214032e-13
7743.853056669232	1.9611848e-13
7747.19634389877	1.9432947e-13
7750.5396311283075	1.9896992e-13
7753.8829183578455	2.0743009e-13
7757.226205587383	2.1745839e-13
7760.569492816921	2.2859956e-13
7763.912780046459	2.3905362e-13
7767.256067275997	2.4865906e-13
7770.599354505534	2.5515565e-13
7773.942641735072	2.6154854e-13
7777.28592896461	2.6594723e-13
7780.629216194148	2.6792652e-13
7783.972503423686	2.6989926e-13
7787.315790653224	2.7152168e-13
7790.659077882762	2.7125229e-13
7794.0023651123	2.705066e-13
7797.345652341838	2.6933216e-13
7800.688939571376	2.670601e-13
7804.032226800914	2.658762e-13
7807.375514030452	2.6284647e-13
7810.71880125999	2.6088116e-13
7814.062088489528	2.582561e-13
7817.405375719066	2.5618881e-13
7820.748662948604	2.5580105e-13
7824.091950178142	2.5366704e-13
7827.43523740768	2.504229e-13
7830.778524637218	2.4770973e-13
7834.121811866756	2.4661948e-13
7837.465099096294	2.4378717e-13
7840.808386325832	2.437006e-13
7844.15167355537	2.3928223e-13
7847.494960784908	2.3789277e-13
7850.8382480144455	2.3522593e-13
7854.1815352439835	2.3131074e-13
7857.524822473521	2.3247664e-13
7860.868109703059	2.3229823e-13
7864.211396932597	2.3148234e-13
7867.554684162135	2.3156512e-13
7870.897971391673	2.2908455e-13
7874.241258621211	2.274418e-13
7877.584545850749	2.290089e-13
7880.927833080287	2.2725497e-13
7884.271120309825	2.2757124e-13
7887.614407539363	2.2846183e-13
7890.957694768901	2.2635069e-13
7894.300981998439	2.2801485e-13
7897.644269227977	2.279454e-13
7900.987556457515	2.2725285e-13
7904.330843687053	2.2691214e-13
7907.674130916591	2.2419782e-13
7911.017418146129	2.2471319e-13
7914.360705375667	2.2456521e-13
7917.703992605205	2.2267268e-13
7921.047279834743	2.2086242e-13
7924.390567064281	2.1994636e-13
7927.733854293819	2.197465e-13
7931.077141523357	2.1932018e-13
7934.420428752895	2.1997718e-13
7937.763715982433	2.2031481e-13
7941.107003211971	2.2055059e-13
7944.4502904415085	2.2040438e-13
7947.7935776710465	2.1972546e-13
7951.136864900584	2.185287e-13
7954.480152130122	2.1809049e-13
7957.82343935966	2.1700595e-13
7961.166726589198	2.1566632e-13
7964.510013818736	2.1647548e-13
7967.853301048274	2.1591734e-13
7971.196588277812	2.1508602e-13
7974.53987550735	2.1669103e-13
7977.883162736888	2.1657254e-13
7981.226449966426	2.1503808e-13
7984.569737195964	2.1464396e-13
7987.913024425502	2.1395479e-13
7991.25631165504	2.1352649e-13
7994.599598884578	2.1296346e-13
7997.942886114116	2.128498e-13
8001.286173343654	2.1189613e-13
8004.629460573192	2.1189521e-13
8007.97274780273	2.1136681e-13
8011.316035032268	2.1178148e-13
8014.659322261806	2.1194671e-13
8018.002609491344	2.1203499e-13
8021.345896720882	2.1079954e-13
8024.68918395042	2.1060315e-13
8028.032471179958	2.1075962e-13
8031.375758409496	2.0986004e-13
8034.7190456390335	2.095305e-13
8038.0623328685715	2.0894235e-13
8041.4056200981095	2.0868512e-13
8044.748907327647	2.0908857e-13
8048.092194557185	2.090626e-13
8051.435481786723	2.0952792e-13
8054.778769016261	2.0854103e-13
8058.122056245799	2.0823789e-13
8061.465343475337	2.0709157e-13
8064.808630704875	2.0679759e-13
8068.151917934413	2.0636875e-13
8071.495205163951	2.0524157e-13
8074.838492393489	2.054128e-13
8078.181779623027	2.0410943e-13
8081.525066852565	2.0351571e-13
8084.868354082103	2.0218847e-13
8088.211641311641	2.0031688e-13
8091.554928541179	1.9926117e-13
8094.898215770717	1.9888266e-13
8098.241503000255	1.9809218e-13
8101.584790229793	1.9639673e-13
8104.928077459331	1.9497204e-13
8108.271364688869	1.9279246e-13
8111.614651918407	1.9117025e-13
8114.957939147945	1.9057663e-13
8118.301226377483	1.8931022e-13
8121.644513607021	1.878867e-13
8124.987800836559	1.8595939e-13
8128.3310880660965	1.8198216e-13
8131.6743752956345	1.7970011e-13
8135.017662525172	1.7707709e-13
8138.36094975471	1.7621878e-13
8141.704236984248	1.7260673e-13
8145.047524213786	1.6953196e-13
8148.390811443324	1.6664179e-13
8151.734098672861	1.6312165e-13
8155.077385902399	1.6121704e-13
8158.420673131937	1.5810355e-13
8161.763960361475	1.5562965e-13
8165.107247591013	1.5804567e-13
8168.450534820551	1.6188327e-13
8171.793822050089	1.6448323e-13
8175.137109279627	1.6660305e-13
8178.480396509165	1.7004555e-13
8181.823683738703	1.7563945e-13
8185.166970968241	1.7949464e-13
8188.510258197779	1.78951e-13
8191.853545427317	1.803001e-13
8195.196832656855	1.828141e-13
8198.540119886393	1.8752926e-13
8201.88340711593	1.939728e-13
8205.226694345469	1.9662589e-13
8208.569981575007	1.9929326e-13
8211.913268804545	1.9874316e-13
8215.256556034083	1.9589235e-13
8218.59984326362	1.9001928e-13
8221.943130493159	1.8093942e-13
8225.286417722697	1.723154e-13
8228.629704952235	1.7230085e-13
8231.972992181772	1.8303866e-13
8235.31627941131	1.9300452e-13
8238.659566640848	1.9721932e-13
8242.002853870386	1.9755828e-13
8245.346141099924	2.0006906e-13
8248.689428329462	2.0127739e-13
8252.032715559	1.9750029e-13
8255.37600278854	1.9605552e-13
8258.719290018078	1.9622379e-13
8262.062577247616	1.9776785e-13
8265.405864477154	1.9699064e-13
8268.749151706692	1.9316013e-13
8272.09243893623	1.8824056e-13
8275.435726165768	1.8572145e-13
8278.779013395306	1.8594559e-13
8282.122300624844	1.8571153e-13
8285.465587854382	1.830712e-13
8288.80887508392	1.8226874e-13
8292.152162313458	1.818729e-13
8295.495449542996	1.8008507e-13
8298.838736772534	1.7781909e-13
8302.182024002072	1.7469538e-13
8305.52531123161	1.7322119e-13
8308.868598461147	1.7322293e-13
8312.211885690685	1.7150788e-13
8315.555172920223	1.7175002e-13
8318.898460149761	1.705299e-13
8322.2417473793	1.7200796e-13
8325.585034608837	1.7443436e-13
8328.928321838375	1.7279095e-13
8332.271609067913	1.7086144e-13
8335.614896297451	1.6822333e-13
8338.95818352699	1.6562881e-13
8342.301470756525	1.6148095e-13
8345.644757986063	1.5441049e-13
8348.988045215601	1.4574727e-13
8352.33133244514	1.3725266e-13
8355.674619674677	1.2715905e-13
8359.017906904215	1.1679859e-13
8362.361194133753	1.0612051e-13
8365.704481363291	9.5206056e-14
8369.047768592829	8.482732e-14
8372.391055822367	7.48222e-14
8375.734343051905	6.61187e-14
8379.077630281443	5.863586e-14
8382.42091751098	5.1971384e-14
8385.764204740519	4.6508905e-14
8389.107491970057	4.232702e-14
8392.450779199595	3.9269308e-14
8395.794066429133	3.6795775e-14
8399.13735365867	3.5102645e-14
8402.480640888209	3.4056664e-14
8405.823928117747	3.3402914e-14
8409.167215347285	3.3516545e-14
8412.510502576823	3.3747585e-14
8415.85378980636	3.457075e-14
8419.197077035898	3.552815e-14
8422.540364265436	3.6649703e-14
8425.883651494974	3.799106e-14
8429.226938724512	3.9606136e-14
8432.57022595405	4.1697436e-14
8435.913513183588	4.4166195e-14
8439.256800413126	4.7193156e-14
8442.600087642664	5.0952555e-14
8445.943374872202	5.3884485e-14
8449.28666210174	5.7522265e-14
8452.629949331278	6.141294e-14
8455.973236560816	6.638123e-14
8459.316523790354	7.087976e-14
8462.659811019892	7.6870496e-14
8466.00309824943	8.2858504e-14
8469.346385478968	8.940597e-14
8472.689672708506	9.72423e-14
8476.032959938044	1.04833887e-13
8479.376247167582	1.13528395e-13
8482.71953439712	1.231277e-13
8486.062821626658	1.3347847e-13
8489.406108856196	1.4455875e-13
8492.749396085734	1.5613746e-13
8496.092683315272	1.6795457e-13
8499.43597054481	1.790215e-13
8502.779257774348	1.8894796e-13
8506.122545003886	1.9809977e-13
8509.465832233423	2.0495822e-13
8512.809119462961	2.1101648e-13
8516.1524066925	2.1440983e-13
8519.495693922037	2.1372086e-13
8522.838981151575	2.1195322e-13
8526.182268381113	2.0745887e-13
8529.525555610651	2.01027e-13
8532.86884284019	1.9427247e-13
8536.212130069727	1.8570273e-13
8539.555417299265	1.7664411e-13
8542.898704528803	1.6745265e-13
8546.241991758341	1.5876683e-13
8549.585278987879	1.5233926e-13
8552.928566217417	1.4617601e-13
8556.271853446955	1.422808e-13
8559.615140676493	1.4029782e-13
8562.958427906031	1.3736203e-13
8566.301715135569	1.3679879e-13
8569.645002365107	1.3716133e-13
8572.988289594645	1.37465e-13
8576.331576824183	1.3987802e-13
8579.67486405372	1.4257378e-13
8583.018151283259	1.4569624e-13
8586.361438512797	1.5039208e-13
8589.704725742335	1.5489231e-13
8593.048012971873	1.600698e-13
8596.39130020141	1.660966e-13
8599.734587430949	1.737435e-13
8603.077874660486	1.8293425e-13
8606.421161890024	1.9278965e-13
8609.764449119562	2.0364476e-13
8613.1077363491	2.1558066e-13
8616.451023578638	2.2867084e-13
8619.794310808176	2.4303847e-13
8623.137598037714	2.5961595e-13
8626.480885267252	2.7725017e-13
8629.82417249679	2.943694e-13
8633.167459726328	3.117455e-13
8636.510746955866	3.2751877e-13
8639.854034185404	3.443735e-13
8643.197321414942	3.6049115e-13
8646.54060864448	3.753224e-13
8649.883895874018	3.8986335e-13
8653.227183103556	4.0260712e-13
8656.570470333094	4.110707e-13
8659.913757562632	4.1929334e-13
8663.25704479217	4.27552e-13
8666.600332021708	4.3697e-13
8669.943619251246	4.4424116e-13
8673.286906480784	4.5080994e-13
8676.630193710322	4.557436e-13
8679.97348093986	4.5587037e-13
8683.316768169398	4.554507e-13
8686.660055398936	4.5608737e-13
8690.003342628474	4.558503e-13
8693.346629858012	4.5613063e-13
8696.68991708755	4.5320044e-13
8700.033204317087	4.4917027e-13
8703.376491546625	4.4528224e-13
8706.719778776163	4.3890748e-13
8710.063066005701	4.326946e-13
8713.40635323524	4.2729297e-13
8716.749640464777	4.2220416e-13
8720.092927694315	4.1411186e-13
8723.436214923853	4.068944e-13
8726.779502153391	3.980841e-13
8730.12278938293	3.925705e-13
8733.466076612467	3.8686063e-13
8736.809363842005	3.8331325e-13
8740.152651071543	3.7760184e-13
8743.495938301081	3.727567e-13
8746.839225530619	3.640986e-13
8750.182512760157	3.57396e-13
8753.525799989695	3.4854742e-13
8756.869087219233	3.4230407e-13
8760.21237444877	3.3450806e-13
8763.555661678309	3.2967926e-13
8766.898948907847	3.2060037e-13
8770.242236137385	3.1363074e-13
8773.585523366923	3.0651883e-13
8776.92881059646	3.0074576e-13
8780.272097825999	2.9510395e-13
8783.615385055537	2.908103e-13
8786.958672285074	2.8451932e-13
8790.301959514612	2.8288637e-13
8793.64524674415	2.767151e-13
8796.988533973688	2.707728e-13
8800.331821203226	2.6743703e-13
8803.675108432764	2.6377977e-13
8807.018395662302	2.6001334e-13
8810.36168289184	2.5413398e-13
8813.704970121378	2.4859577e-13
8817.048257350916	2.4387298e-13
8820.391544580454	2.3871305e-13
8823.734831809992	2.3359532e-13
8827.07811903953	2.2871567e-13
8830.421406269068	2.2307453e-13
8833.764693498606	2.1841264e-13
8837.107980728144	2.1357544e-13
8840.451267957682	2.0986389e-13
8843.79455518722	2.0907566e-13
8847.137842416758	2.0757636e-13
8850.481129646296	2.0664614e-13
8853.824416875834	2.0597802e-13
8857.167704105372	2.0370898e-13
8860.51099133491	2.0217801e-13
8863.854278564448	1.9750609e-13
8867.197565793986	1.923216e-13
8870.540853023524	1.8624987e-13
8873.884140253062	1.791575e-13
8877.2274274826	1.7111026e-13
8880.570714712137	1.6288173e-13
8883.914001941675	1.5646467e-13
8887.257289171213	1.5095123e-13
8890.600576400751	1.4652548e-13
8893.94386363029	1.4442782e-13
8897.287150859827	1.4306411e-13
8900.630438089365	1.4361038e-13
8903.973725318903	1.4745326e-13
8907.317012548441	1.5371188e-13
8910.66029977798	1.5960403e-13
8914.003587007517	1.6405319e-13
8917.346874237055	1.677063e-13
8920.690161466593	1.700771e-13
8924.033448696131	1.7153874e-13
8927.376735925669	1.7210602e-13
8930.720023155207	1.7345488e-13
8934.063310384745	1.7513714e-13
8937.406597614283	1.76114e-13
8940.74988484382	1.7447221e-13
8944.093172073359	1.7288368e-13
8947.436459302897	1.7154386e-13
8950.779746532435	1.6950915e-13
8954.123033761973	1.7018498e-13
8957.46632099151	1.7023529e-13
8960.809608221049	1.6766649e-13
8964.152895450587	1.6657154e-13
8967.496182680125	1.6809884e-13
8970.839469909663	1.6873751e-13
8974.1827571392	1.7032353e-13
8977.526044368738	1.6954497e-13
8980.869331598276	1.6385383e-13
8984.212618827814	1.553922e-13
8987.555906057352	1.4900898e-13
8990.89919328689	1.5311179e-13
8994.242480516428	1.6100646e-13
8997.585767745966	1.6130734e-13
9000.929054975504	1.5760522e-13
9004.272342205042	1.5703469e-13
9007.61562943458	1.5542044e-13
9010.958916664118	1.5261372e-13
9014.302203893656	1.4842318e-13
9017.645491123194	1.4395706e-13
9020.988778352732	1.39986e-13
9024.33206558227	1.3534809e-13
9027.675352811808	1.3190816e-13
9031.018640041346	1.2961123e-13
9034.361927270884	1.2748568e-13
9037.705214500422	1.2413056e-13
9041.04850172996	1.215361e-13
9044.391788959498	1.1931123e-13
9047.735076189036	1.1655045e-13
9051.078363418574	1.13453646e-13
9054.421650648112	1.1057478e-13
9057.76493787765	1.0908353e-13
9061.108225107188	1.06831285e-13
9064.451512336726	1.06859115e-13
9067.794799566263	1.07308205e-13
9071.138086795801	1.1041943e-13
9074.48137402534	1.1661653e-13
9077.824661254877	1.2067776e-13
9081.167948484415	1.234726e-13
9084.511235713953	1.2900531e-13
9087.854522943491	1.3492183e-13
9091.19781017303	1.4174323e-13
9094.541097402567	1.4680279e-13
9097.884384632105	1.5089308e-13
9101.227671861643	1.550662e-13
9104.57095909118	1.5908726e-13
9107.914246320717	1.6289188e-13
9111.257533550255	1.6645787e-13
9114.600820779793	1.6627158e-13
9117.944108009331	1.6550056e-13
9121.287395238869	1.6823653e-13
9124.630682468407	1.6676028e-13
9127.973969697945	1.5918493e-13
9131.317256927483	1.5462062e-13
9134.660544157021	1.5516428e-13
9138.003831386559	1.5924255e-13
9141.347118616097	1.6345397e-13
9144.690405845635	1.612615e-13
9148.033693075173	1.5304732e-13
9151.37698030471	1.4372997e-13
9154.720267534249	1.411999e-13
9158.063554763787	1.4457779e-13
9161.406841993325	1.4527617e-13
9164.750129222863	1.4078841e-13
9168.0934164524	1.3292746e-13
9171.436703681939	1.2456796e-13
9174.779990911476	1.1875697e-13
9178.123278141014	1.1711744e-13
9181.466565370552	1.1471247e-13
9184.80985260009	1.1113875e-13
9188.153139829628	1.1068557e-13
9191.496427059166	1.084523e-13
9194.839714288704	1.07873454e-13
9198.183001518242	1.10813655e-13
9201.52628874778	1.13419514e-13
9204.869575977318	1.1484883e-13
9208.212863206856	1.1736345e-13
9211.556150436394	1.2037875e-13
9214.899437665932	1.2369752e-13
9218.24272489547	1.287592e-13
9221.586012125008	1.3507484e-13
9224.929299354546	1.3961857e-13
9228.272586584084	1.4406591e-13
9231.615873813622	1.4644368e-13
9234.95916104316	1.4802275e-13
9238.302448272698	1.5168846e-13
9241.645735502236	1.5681893e-13
9244.989022731774	1.6211624e-13
9248.332309961312	1.668257e-13
9251.67559719085	1.7084182e-13
9255.018884420388	1.7142109e-13
9258.362171649926	1.7304993e-13
9261.705458879464	1.7488993e-13
9265.048746109002	1.7630969e-13
9268.39203333854	1.75316e-13
9271.735320568077	1.7112428e-13
9275.078607797615	1.658425e-13
9278.421895027153	1.6064461e-13
9281.765182256691	1.5833132e-13
9285.10846948623	1.5662184e-13
9288.451756715767	1.5451487e-13
9291.795043945305	1.5004043e-13
9295.138331174843	1.4391078e-13
9298.481618404381	1.3963623e-13
9301.82490563392	1.3620282e-13
9305.168192863457	1.3210558e-13
9308.511480092995	1.2526866e-13
9311.854767322533	1.188329e-13
9315.198054552071	1.1202007e-13
9318.541341781609	1.0743384e-13
9321.884629011147	1.07046005e-13
