4156.505859375	6.646311e-13
4159.849146604538	4.8561545e-13
4163.192433834076	4.111909e-13
4166.535721063614	3.2079718e-13
4169.879008293152	2.5475913e-13
4173.22229552269	2.314045e-13
4176.565582752228	1.9908114e-13
4179.908869981766	1.7403066e-13
4183.252157211304	1.6506393e-13
4186.595444440842	1.5898502e-13
4189.93873167038	1.5761155e-13
4193.282018899918	1.49638e-13
4196.625306129456	1.5648758e-13
4199.9685933589935	1.629415e-13
4203.3118805885315	1.7700213e-13
4206.6551678180695	1.8427671e-13
4209.998455047607	2.0195499e-13
4213.341742277145	2.1300073e-13
4216.685029506683	2.2575721e-13
4220.028316736221	2.32227e-13
4223.371603965759	2.2498848e-13
4226.714891195297	2.187218e-13
4230.058178424835	2.042893e-13
4233.401465654373	1.9390477e-13
4236.744752883911	1.8099868e-13
4240.088040113449	1.6642087e-13
4243.431327342987	1.5718787e-13
4246.774614572525	1.4723185e-13
4250.117901802063	1.4337881e-13
4253.461189031601	1.3880338e-13
4256.804476261139	1.3633673e-13
4260.147763490677	1.329694e-13
4263.491050720215	1.3182512e-13
4266.834337949753	1.3068482e-13
4270.177625179291	1.3268717e-13
4273.520912408829	1.3435101e-13
4276.864199638367	1.3783747e-13
4280.207486867905	1.42917e-13
4283.550774097443	1.4876906e-13
4286.894061326981	1.5278696e-13
4290.237348556519	1.6033033e-13
4293.5806357860565	1.6734009e-13
4296.9239230155945	1.7412855e-13
4300.267210245132	1.8304699e-13
4303.61049747467	1.8979713e-13
4306.953784704208	1.974819e-13
4310.297071933746	2.0357335e-13
4313.640359163284	2.0771179e-13
4316.983646392822	2.0894503e-13
4320.32693362236	2.0774138e-13
4323.670220851898	2.0269315e-13
4327.013508081436	1.98841e-13
4330.356795310974	1.9067849e-13
4333.700082540512	1.8570211e-13
4337.04336977005	1.806952e-13
4340.386656999588	1.8124566e-13
4343.729944229126	1.7887867e-13
4347.073231458664	1.8006793e-13
4350.416518688202	1.835613e-13
4353.75980591774	1.8801605e-13
4357.103093147278	1.9393214e-13
4360.446380376816	1.9840888e-13
4363.789667606354	2.0299314e-13
4367.132954835892	2.0944818e-13
4370.47624206543	2.1205685e-13
4373.819529294968	2.1910643e-13
4377.162816524506	2.2573496e-13
4380.506103754044	2.333122e-13
4383.8493909835815	2.4005594e-13
4387.1926782131195	2.433772e-13
4390.5359654426575	2.4416347e-13
4393.879252672195	2.4361188e-13
4397.222539901733	2.4135248e-13
4400.565827131271	2.3741103e-13
4403.909114360809	2.3717906e-13
4407.252401590347	2.3838882e-13
4410.595688819885	2.3922173e-13
4413.938976049423	2.410224e-13
4417.282263278961	2.432907e-13
4420.625550508499	2.4719032e-13
4423.968837738037	2.5410883e-13
4427.312124967575	2.6119233e-13
4430.655412197113	2.7100221e-13
4433.998699426651	2.7925047e-13
4437.341986656189	2.8557994e-13
4440.685273885727	2.8178528e-13
4444.028561115265	2.7489718e-13
4447.371848344803	2.6772727e-13
4450.715135574341	2.5862456e-13
4454.058422803879	2.499577e-13
4457.401710033417	2.4418664e-13
4460.744997262955	2.3885153e-13
4464.088284492493	2.3192415e-13
4467.431571722031	2.2525414e-13
4470.774858951569	2.1733281e-13
4474.118146181107	2.0892255e-13
4477.4614334106445	2.0206589e-13
4480.8047206401825	1.9536922e-13
4484.1480078697205	1.9199938e-13
4487.491295099258	1.870518e-13
4490.834582328796	1.831238e-13
4494.177869558334	1.8189099e-13
4497.521156787872	1.7901239e-13
4500.86444401741	1.7991037e-13
4504.207731246948	1.7775392e-13
4507.551018476486	1.8044248e-13
4510.894305706024	1.834416e-13
4514.237592935562	1.8766768e-13
4517.5808801651	1.9333934e-13
4520.924167394638	2.0167005e-13
4524.267454624176	2.1011268e-13
4527.610741853714	2.2226451e-13
4530.954029083252	2.3466515e-13
4534.29731631279	2.50108e-13
4537.640603542328	2.6510624e-13
4540.983890771866	2.873019e-13
4544.327178001404	3.0908777e-13
4547.670465230942	3.414637e-13
4551.01375246048	3.7721966e-13
4554.357039690018	4.220461e-13
4557.700326919556	4.7361556e-13
4561.043614149093	5.1646865e-13
4564.386901378631	5.4794483e-13
4567.730188608169	5.7191415e-13
4571.073475837707	5.729368e-13
4574.416763067245	5.6608754e-13
4577.7600502967825	5.5343615e-13
4581.1033375263205	5.3376287e-13
4584.4466247558585	5.2339453e-13
4587.789911985396	5.1745105e-13
4591.133199214934	5.2557915e-13
4594.476486444472	5.3733477e-13
4597.81977367401	5.6032143e-13
4601.163060903548	5.886096e-13
4604.506348133086	6.096859e-13
4607.849635362624	6.2404416e-13
4611.192922592162	6.2348423e-13
4614.5362098217	6.1774636e-13
4617.879497051238	6.053657e-13
4621.222784280776	5.9447906e-13
4624.566071510314	5.8553515e-13
4627.909358739852	5.848847e-13
4631.25264596939	5.938061e-13
4634.595933198928	6.162458e-13
4637.939220428466	6.4359114e-13
4641.282507658004	6.7116923e-13
4644.625794887542	6.9662104e-13
4647.96908211708	7.110065e-13
4651.312369346618	7.185316e-13
4654.655656576156	7.1331195e-13
4657.998943805694	7.070958e-13
4661.342231035232	6.98844e-13
4664.68551826477	6.9820777e-13
4668.028805494308	6.957e-13
4671.3720927238455	6.9206327e-13
4674.7153799533835	6.954158e-13
4678.058667182921	6.9543823e-13
4681.401954412459	6.9338437e-13
4684.745241641997	6.8245913e-13
4688.088528871535	6.722279e-13
4691.431816101073	6.6245376e-13
4694.775103330611	6.612108e-13
4698.118390560149	6.6353737e-13
4701.461677789687	6.728531e-13
4704.804965019225	6.7469126e-13
4708.148252248763	6.7802697e-13
4711.491539478301	6.7308333e-13
4714.834826707839	6.575963e-13
4718.178113937377	6.4360534e-13
4721.521401166915	6.2179927e-13
4724.864688396453	6.0494806e-13
4728.207975625991	5.9112253e-13
4731.551262855529	5.7614314e-13
4734.894550085067	5.6138937e-13
4738.237837314605	5.439749e-13
4741.581124544143	5.297772e-13
4744.924411773681	5.1472287e-13
4748.267699003219	4.985976e-13
4751.610986232757	4.8309745e-13
4754.954273462295	4.6207867e-13
4758.297560691833	4.395659e-13
4761.640847921371	4.1674834e-13
4764.9841351509085	4.019178e-13
4768.3274223804465	3.8915553e-13
4771.670709609984	3.780847e-13
4775.013996839522	3.759929e-13
4778.35728406906	3.645495e-13
4781.700571298598	3.5601426e-13
4785.043858528136	3.5037094e-13
4788.387145757674	3.4773787e-13
4791.730432987212	3.457995e-13
4795.07372021675	3.4441395e-13
4798.417007446288	3.4114023e-13
4801.760294675826	3.3584585e-13
4805.103581905364	3.2890775e-13
4808.446869134902	3.268089e-13
4811.79015636444	3.3024186e-13
4815.133443593978	3.4333124e-13
4818.476730823516	3.7071211e-13
4821.820018053054	4.0237974e-13
4825.163305282592	4.3547227e-13
4828.50659251213	4.626961e-13
4831.849879741668	4.8463826e-13
4835.193166971206	5.0379384e-13
4838.536454200744	5.2121735e-13
4841.879741430282	5.433114e-13
4845.22302865982	5.574627e-13
4848.566315889358	5.699305e-13
4851.909603118896	5.727897e-13
4855.2528903484335	5.654995e-13
4858.5961775779715	5.502637e-13
4861.9394648075095	5.3022793e-13
4865.282752037047	5.094323e-13
4868.626039266585	4.8799907e-13
4871.969326496123	4.7248186e-13
4875.312613725661	4.592015e-13
4878.655900955199	4.627306e-13
4881.999188184737	4.8070505e-13
4885.342475414275	5.161986e-13
4888.685762643813	5.6007754e-13
4892.029049873351	6.125951e-13
4895.372337102889	6.679413e-13
4898.715624332427	7.143051e-13
4902.058911561965	7.6012173e-13
4905.402198791503	7.9621655e-13
4908.745486021041	8.3062956e-13
4912.088773250579	8.505983e-13
4915.432060480117	8.655613e-13
4918.775347709655	8.810218e-13
4922.118634939193	8.8337156e-13
4925.461922168731	8.839534e-13
4928.805209398269	8.7785915e-13
4932.148496627807	8.587671e-13
4935.491783857345	8.3083583e-13
4938.835071086883	7.9524516e-13
4942.178358316421	7.534792e-13
4945.521645545959	6.9780303e-13
4948.8649327754965	6.466395e-13
4952.2082200050345	5.949713e-13
4955.5515072345725	5.4198844e-13
4958.89479446411	4.964935e-13
4962.238081693648	4.562208e-13
4965.581368923186	4.3042037e-13
4968.924656152724	4.137303e-13
4972.267943382262	4.1135376e-13
4975.6112306118	4.2459862e-13
4978.954517841338	4.5074163e-13
4982.297805070876	4.85117e-13
4985.641092300414	5.2532566e-13
4988.984379529952	5.6989683e-13
4992.32766675949	6.2230744e-13
4995.670953989028	6.761152e-13
4999.014241218566	7.2310745e-13
5002.357528448104	7.654751e-13
5005.700815677642	8.0148307e-13
5009.04410290718	8.400388e-13
5012.387390136718	8.58206e-13
5015.730677366256	8.739542e-13
5019.073964595794	8.848928e-13
5022.417251825332	8.8766033e-13
5025.76053905487	8.7426437e-13
5029.103826284408	8.65185e-13
5032.447113513946	8.509987e-13
5035.790400743484	8.4347313e-13
5039.133687973022	8.2969444e-13
5042.4769752025595	8.283065e-13
5045.8202624320975	8.1392017e-13
5049.163549661635	8.130333e-13
5052.506836891173	8.0195003e-13
5055.850124120711	7.8893234e-13
5059.193411350249	7.73614e-13
5062.536698579787	7.5662106e-13
5065.879985809325	7.349829e-13
5069.223273038863	7.0735914e-13
5072.566560268401	6.765296e-13
5075.909847497939	6.4061685e-13
5079.253134727477	6.0232884e-13
5082.596421957015	5.627674e-13
5085.939709186553	5.257731e-13
5089.282996416091	4.927753e-13
5092.626283645629	4.607607e-13
5095.969570875167	4.2916845e-13
5099.312858104705	3.9538772e-13
5102.656145334243	3.685365e-13
5105.999432563781	3.4366918e-13
5109.342719793319	3.2104934e-13
5112.686007022857	3.0750256e-13
5116.029294252395	3.0090267e-13
5119.372581481933	3.0108113e-13
5122.715868711471	3.0578204e-13
5126.059155941009	3.1690143e-13
5129.402443170547	3.3006727e-13
5132.7457304000845	3.4304287e-13
5136.0890176296225	3.5738234e-13
5139.4323048591605	3.7368952e-13
5142.775592088698	3.916314e-13
5146.118879318236	4.101468e-13
5149.462166547774	4.3756985e-13
5152.805453777312	4.6074575e-13
5156.14874100685	4.8952867e-13
5159.492028236388	5.1578414e-13
5162.835315465926	5.37964e-13
5166.178602695464	5.540127e-13
5169.521889925002	5.5876766e-13
5172.86517715454	5.5871914e-13
5176.208464384078	5.5443107e-13
5179.551751613616	5.5048777e-13
5182.895038843154	5.429616e-13
5186.238326072692	5.485542e-13
5189.58161330223	5.55215e-13
5192.924900531768	5.6479165e-13
5196.268187761306	5.8293713e-13
5199.611474990844	5.964545e-13
5202.954762220381	6.094856e-13
5206.298049449919	6.121563e-13
5209.641336679457	6.077594e-13
5212.984623908995	5.939212e-13
5216.327911138533	5.802425e-13
5219.671198368071	5.6853464e-13
5223.014485597609	5.5805756e-13
5226.357772827147	5.491377e-13
5229.701060056685	5.469152e-13
5233.044347286223	5.530226e-13
5236.3876345157605	5.63517e-13
5239.7309217452985	5.731348e-13
5243.074208974836	5.892659e-13
5246.417496204374	5.981316e-13
5249.760783433912	6.0570635e-13
5253.10407066345	5.983809e-13
5256.447357892988	5.8519547e-13
5259.790645122526	5.6931586e-13
5263.133932352064	5.469383e-13
5266.477219581602	5.37271e-13
5269.82050681114	5.3140874e-13
5273.163794040678	5.3223333e-13
5276.507081270216	5.4416416e-13
5279.850368499754	5.554976e-13
5283.193655729292	5.6919546e-13
5286.53694295883	5.8039267e-13
5289.880230188368	5.930707e-13
5293.223517417906	6.1140784e-13
5296.566804647444	6.3277644e-13
5299.910091876982	6.563755e-13
5303.25337910652	6.73404e-13
5306.596666336058	6.8800754e-13
5309.939953565596	6.901509e-13
5313.283240795134	6.9052316e-13
5316.626528024672	6.9240273e-13
5319.96981525421	6.9719355e-13
5323.313102483748	6.9922047e-13
5326.6563897132855	7.2516174e-13
5329.9996769428235	7.3473275e-13
5333.3429641723615	7.41027e-13
5336.686251401899	7.490687e-13
5340.029538631437	7.5849526e-13
5343.372825860975	7.7080356e-13
5346.716113090513	7.822579e-13
5350.059400320051	7.84787e-13
5353.402687549589	7.867341e-13
5356.745974779127	7.8400903e-13
5360.089262008665	7.761366e-13
5363.432549238203	7.692382e-13
5366.775836467741	7.5505444e-13
5370.119123697279	7.461864e-13
5373.462410926817	7.3634143e-13
5376.805698156355	7.326571e-13
5380.148985385893	7.296179e-13
5383.492272615431	7.369589e-13
5386.835559844969	7.5000233e-13
5390.178847074507	7.6300175e-13
5393.522134304045	7.8447296e-13
5396.865421533583	7.956527e-13
5400.208708763121	8.1162534e-13
5403.551995992659	8.243424e-13
5406.895283222197	8.356058e-13
5410.238570451735	8.4358464e-13
5413.581857681273	8.4446816e-13
5416.925144910811	8.517773e-13
5420.2684321403485	8.5035093e-13
5423.6117193698865	8.4755304e-13
5426.955006599424	8.356333e-13
5430.298293828962	8.290709e-13
5433.6415810585	8.1604845e-13
5436.984868288038	8.065141e-13
5440.328155517576	8.005059e-13
5443.671442747114	7.9056873e-13
5447.014729976652	7.7805535e-13
5450.35801720619	7.661652e-13
5453.701304435728	7.5313334e-13
5457.044591665266	7.4099727e-13
5460.387878894804	7.237073e-13
5463.731166124342	7.0647763e-13
5467.07445335388	6.883309e-13
5470.417740583418	6.672577e-13
5473.761027812956	6.460595e-13
5477.104315042494	6.263453e-13
5480.447602272032	6.1450915e-13
5483.79088950157	6.062768e-13
5487.134176731108	6.1765144e-13
5490.477463960646	6.327939e-13
5493.820751190184	6.573812e-13
5497.164038419722	6.9224335e-13
5500.50732564926	7.24586e-13
5503.850612878798	7.5296047e-13
5507.193900108336	7.7753505e-13
5510.537187337874	8.017288e-13
5513.8804745674115	8.2112366e-13
5517.2237617969495	8.382531e-13
5520.567049026487	8.492138e-13
5523.910336256025	8.5596656e-13
5527.253623485563	8.6402895e-13
5530.596910715101	8.6534827e-13
5533.940197944639	8.615721e-13
5537.283485174177	8.6499823e-13
5540.626772403715	8.613939e-13
5543.970059633253	8.560167e-13
5547.313346862791	8.4719325e-13
5550.656634092329	8.463117e-13
5553.999921321867	8.4332373e-13
5557.343208551405	8.327049e-13
5560.686495780943	8.214119e-13
5564.029783010481	8.1307313e-13
5567.373070240019	7.9985557e-13
5570.716357469557	7.9136713e-13
5574.059644699095	7.7423674e-13
5577.402931928633	7.5510794e-13
5580.746219158171	7.4037824e-13
5584.089506387709	7.1694836e-13
5587.432793617247	6.95216e-13
5590.776080846785	6.6828883e-13
5594.119368076323	6.4198717e-13
5597.462655305861	6.1809547e-13
5600.805942535399	5.906163e-13
5604.1492297649365	5.664292e-13
5607.4925169944745	5.4525227e-13
5610.8358042240125	5.3209764e-13
5614.17909145355	5.232537e-13
5617.522378683088	5.2891486e-13
5620.865665912626	5.390142e-13
5624.208953142164	5.5173075e-13
5627.552240371702	5.676003e-13
5630.89552760124	5.86394e-13
5634.238814830778	6.0057775e-13
5637.582102060316	6.1466294e-13
5640.925389289854	6.2679923e-13
5644.268676519392	6.437519e-13
5647.61196374893	6.68198e-13
5650.955250978468	6.8877396e-13
5654.298538208006	7.0615757e-13
5657.641825437544	7.242145e-13
5660.985112667082	7.40534e-13
5664.32839989662	7.52641e-13
5667.671687126158	7.6943134e-13
5671.014974355696	7.705665e-13
5674.358261585234	7.747882e-13
5677.701548814772	7.7438186e-13
5681.04483604431	7.7848454e-13
5684.388123273848	7.7495123e-13
5687.731410503386	7.7420595e-13
5691.074697732924	7.6648524e-13
5694.417984962462	7.694886e-13
5697.7612721919995	7.6248843e-13
5701.1045594215375	7.5702373e-13
5704.447846651075	7.510514e-13
5707.791133880613	7.463247e-13
5711.134421110151	7.395345e-13
5714.477708339689	7.300239e-13
5717.820995569227	7.2124343e-13
5721.164282798765	7.1436585e-13
5724.507570028303	7.0571896e-13
5727.850857257841	6.926145e-13
5731.194144487379	6.827847e-13
5734.537431716917	6.6944416e-13
5737.880718946455	6.626895e-13
5741.224006175993	6.459332e-13
5744.567293405531	6.3426933e-13
5747.910580635069	6.206862e-13
5751.253867864607	6.048395e-13
5754.597155094145	5.933853e-13
5757.940442323683	5.777696e-13
5761.283729553221	5.6443863e-13
5764.627016782759	5.476947e-13
5767.970304012297	5.32194e-13
5771.313591241835	5.183789e-13
5774.656878471373	5.022725e-13
5778.000165700911	4.834661e-13
5781.343452930449	4.7536064e-13
5784.686740159987	4.564984e-13
5788.030027389525	4.4044849e-13
5791.3733146190625	4.286665e-13
5794.7166018486005	4.137738e-13
5798.059889078138	4.0219667e-13
5801.403176307676	3.8975615e-13
5804.746463537214	3.801502e-13
5808.089750766752	3.7020736e-13
5811.43303799629	3.6019397e-13
5814.776325225828	3.5340784e-13
5818.119612455366	3.4479865e-13
5821.462899684904	3.379486e-13
5824.806186914442	3.3231347e-13
5828.14947414398	3.3041115e-13
5831.492761373518	3.3018719e-13
5834.836048603056	3.3494588e-13
5838.179335832594	3.4460957e-13
5841.522623062132	3.636797e-13
5844.86591029167	3.924622e-13
5848.209197521208	4.3025699e-13
5851.552484750746	4.791265e-13
5854.895771980284	5.3657767e-13
5858.239059209822	5.9155225e-13
5861.58234643936	6.4295547e-13
5864.925633668898	6.8826325e-13
5868.268920898436	7.2931884e-13
5871.612208127974	7.6680085e-13
5874.955495357512	7.932668e-13
5878.29878258705	8.1693945e-13
5881.6420698165875	8.4409714e-13
5884.9853570461255	8.566911e-13
5888.3286442756635	8.6357446e-13
5891.671931505201	8.7096915e-13
5895.015218734739	8.953688e-13
5898.358505964277	9.015313e-13
5901.701793193815	9.066467e-13
5905.045080423353	9.0443365e-13
5908.388367652891	8.8818986e-13
5911.731654882429	8.846773e-13
5915.074942111967	8.992038e-13
5918.418229341505	8.9950546e-13
5921.761516571043	9.046962e-13
5925.104803800581	9.056968e-13
5928.448091030119	8.947489e-13
5931.791378259657	8.8765773e-13
5935.134665489195	8.7614426e-13
5938.477952718733	8.631583e-13
5941.821239948271	8.5098085e-13
5945.164527177809	8.4384615e-13
5948.507814407347	8.462011e-13
5951.851101636885	8.4067605e-13
5955.194388866423	8.3602607e-13
5958.537676095961	8.332862e-13
5961.880963325499	8.2773783e-13
5965.224250555037	8.2046403e-13
5968.567537784575	8.1879094e-13
5971.910825014113	8.138483e-13
5975.2541122436505	8.019781e-13
5978.5973994731885	8.00074e-13
5981.940686702726	7.9423545e-13
5985.283973932264	7.8399386e-13
5988.627261161802	7.823411e-13
5991.97054839134	7.7424373e-13
5995.313835620878	7.677318e-13
5998.657122850416	7.648944e-13
6002.000410079954	7.5429e-13
6005.343697309492	7.5254153e-13
6008.68698453903	7.546847e-13
6012.030271768568	7.433766e-13
6015.373558998106	7.384101e-13
6018.716846227644	7.344541e-13
6022.060133457182	7.287783e-13
6025.40342068672	7.2207485e-13
6028.746707916258	7.17166e-13
6032.089995145796	7.126593e-13
6035.433282375334	7.078039e-13
6038.776569604872	7.046661e-13
6042.11985683441	7.0496804e-13
6045.463144063948	7.0428136e-13
6048.806431293486	7.0203484e-13
6052.149718523024	7.0145175e-13
6055.493005752562	7.0117935e-13
6058.8362929821	6.933999e-13
6062.179580211638	6.9020793e-13
6065.522867441176	6.867241e-13
6068.8661546707135	6.812321e-13
6072.2094419002515	6.733345e-13
6075.552729129789	6.66899e-13
6078.896016359327	6.556851e-13
6082.239303588865	6.4426074e-13
6085.582590818403	6.351951e-13
6088.925878047941	6.194147e-13
6092.269165277479	6.1265603e-13
6095.612452507017	6.092393e-13
6098.955739736555	6.049856e-13
6102.299026966093	6.13023e-13
6105.642314195631	6.245406e-13
6108.985601425169	6.383346e-13
6112.328888654707	6.54146e-13
6115.672175884245	6.6191936e-13
6119.015463113783	6.7925895e-13
6122.358750343321	6.9639395e-13
6125.702037572859	6.985324e-13
6129.045324802397	7.1020495e-13
6132.388612031935	7.1691963e-13
6135.731899261473	7.249824e-13
6139.075186491011	7.272847e-13
6142.418473720549	7.2979497e-13
6145.761760950087	7.365268e-13
6149.105048179625	7.320726e-13
6152.448335409163	7.326514e-13
6155.7916226387	7.3040624e-13
6159.134909868238	7.241008e-13
6162.478197097776	7.166694e-13
6165.821484327314	7.05004e-13
6169.1647715568515	6.9357394e-13
6172.5080587863895	6.761495e-13
6175.851346015927	6.586547e-13
6179.194633245465	6.343376e-13
6182.537920475003	6.1605067e-13
6185.881207704541	5.932399e-13
6189.224494934079	5.7785645e-13
6192.567782163617	5.694083e-13
6195.911069393155	5.721189e-13
6199.254356622693	5.7913385e-13
6202.597643852231	5.956373e-13
6205.94093108177	6.1512985e-13
6209.284218311308	6.3324633e-13
6212.627505540846	6.5017956e-13
6215.970792770384	6.6339615e-13
6219.314079999922	6.7304295e-13
6222.65736722946	6.8335696e-13
6226.000654458998	6.8773714e-13
6229.343941688536	6.9776547e-13
6232.687228918074	7.019743e-13
6236.030516147612	7.092503e-13
6239.37380337715	7.1763163e-13
6242.717090606688	7.188772e-13
6246.060377836226	7.1682287e-13
6249.403665065763	7.201553e-13
6252.746952295301	7.144341e-13
6256.090239524839	7.1483965e-13
6259.4335267543765	7.1044673e-13
6262.7768139839145	7.0518526e-13
6266.1201012134525	7.027411e-13
6269.46338844299	6.9785497e-13
6272.806675672528	6.789458e-13
6276.149962902066	6.5291864e-13
6279.493250131604	6.371995e-13
6282.836537361142	6.2393027e-13
6286.17982459068	6.113677e-13
6289.523111820218	5.947127e-13
6292.866399049756	5.773486e-13
6296.209686279294	5.6261923e-13
6299.552973508832	5.623772e-13
6302.89626073837	5.681102e-13
6306.239547967908	5.7446056e-13
6309.582835197446	5.8615433e-13
6312.926122426984	5.917088e-13
6316.269409656522	5.9135737e-13
6319.61269688606	5.9291005e-13
6322.955984115598	5.8946245e-13
6326.299271345136	5.947454e-13
6329.642558574674	5.981983e-13
6332.985845804212	6.0390365e-13
6336.32913303375	6.0512554e-13
6339.672420263288	6.058492e-13
6343.015707492826	6.047696e-13
6346.358994722364	5.988798e-13
6349.702281951902	5.954989e-13
6353.0455691814395	5.8870237e-13
6356.3888564109775	5.700977e-13
6359.7321436405155	5.58357e-13
6363.075430870053	5.438953e-13
6366.418718099591	5.256166e-13
6369.762005329129	5.158873e-13
6373.105292558667	4.939895e-13
6376.448579788205	4.793759e-13
6379.791867017743	4.6133036e-13
6383.135154247281	4.4096603e-13
6386.478441476819	4.2245707e-13
6389.821728706357	4.0140197e-13
6393.165015935895	3.8023615e-13
6396.508303165433	3.5895026e-13
6399.851590394971	3.4083245e-13
6403.194877624509	3.2277243e-13
6406.538164854047	3.092775e-13
6409.881452083585	3.005142e-13
6413.224739313123	2.901686e-13
6416.568026542661	2.8244955e-13
6419.911313772199	2.7408875e-13
6423.254601001737	2.6604058e-13
6426.597888231275	2.5935244e-13
6429.941175460813	2.513948e-13
6433.284462690351	2.469555e-13
6436.627749919889	2.4100418e-13
6439.971037149427	2.3920658e-13
6443.314324378965	2.367998e-13
6446.6576116085025	2.370378e-13
6450.0008988380405	2.3845994e-13
6453.344186067578	2.405966e-13
6456.687473297116	2.4530283e-13
6460.030760526654	2.5096933e-13
6463.374047756192	2.5680982e-13
6466.71733498573	2.70997e-13
6470.060622215268	2.824497e-13
6473.403909444806	2.952294e-13
6476.747196674344	3.1177624e-13
6480.090483903882	3.315702e-13
6483.43377113342	3.5284807e-13
6486.777058362958	3.8205932e-13
6490.120345592496	4.1557317e-13
6493.463632822034	4.5544536e-13
6496.806920051572	5.072563e-13
6500.15020728111	5.7036374e-13
6503.493494510648	6.426718e-13
6506.836781740186	7.2211806e-13
6510.180068969724	8.0431885e-13
6513.523356199262	8.8342273e-13
6516.8666434288	9.596175e-13
6520.209930658338	1.0279738e-12
6523.553217887876	1.0956589e-12
6526.896505117414	1.149517e-12
6530.239792346952	1.2001974e-12
6533.58307957649	1.2415404e-12
6536.9263668060275	1.2759671e-12
6540.2696540355655	1.2986563e-12
6543.6129412651035	1.3247924e-12
6546.956228494641	1.3359164e-12
6550.299515724179	1.3522632e-12
6553.642802953717	1.3617333e-12
6556.986090183255	1.3762717e-12
6560.329377412793	1.383176e-12
6563.672664642331	1.3887131e-12
6567.015951871869	1.3909e-12
6570.359239101407	1.3894183e-12
6573.702526330945	1.3862092e-12
6577.045813560483	1.3759151e-12
6580.389100790021	1.3685639e-12
6583.732388019559	1.3548518e-12
6587.075675249097	1.3335896e-12
6590.418962478635	1.3191477e-12
6593.762249708173	1.3026152e-12
6597.105536937711	1.2821855e-12
6600.448824167249	1.2645105e-12
6603.792111396787	1.2439243e-12
6607.135398626325	1.218309e-12
6610.478685855863	1.1950657e-12
6613.821973085401	1.1675517e-12
6617.165260314939	1.142869e-12
6620.508547544477	1.1208368e-12
6623.851834774015	1.097638e-12
6627.195122003553	1.0735518e-12
6630.53840923309	1.0556394e-12
6633.881696462628	1.0305217e-12
6637.224983692166	1.0163017e-12
6640.5682709217035	9.958959e-13
6643.9115581512415	9.799228e-13
6647.254845380779	9.595302e-13
6650.598132610317	9.430337e-13
6653.941419839855	9.296757e-13
6657.284707069393	9.109921e-13
6660.627994298931	8.9356316e-13
6663.971281528469	8.772888e-13
6667.314568758007	8.6254495e-13
6670.657855987545	8.5123125e-13
6674.001143217083	8.3911995e-13
6677.344430446621	8.2441844e-13
6680.687717676159	8.1664374e-13
6684.031004905697	8.0341327e-13
6687.374292135235	7.948713e-13
6690.717579364773	7.814474e-13
6694.060866594311	7.7469476e-13
6697.404153823849	7.7117365e-13
6700.747441053387	7.5759386e-13
6704.090728282925	7.493917e-13
6707.434015512463	7.3978367e-13
6710.777302742001	7.3136576e-13
6714.120589971539	7.2227993e-13
6717.463877201077	7.161407e-13
6720.807164430615	7.082646e-13
6724.150451660153	7.0093405e-13
6727.493738889691	6.9532856e-13
6730.8370261192285	6.8643724e-13
6734.1803133487665	6.823182e-13
6737.5236005783045	6.7594156e-13
6740.866887807842	6.703929e-13
6744.21017503738	6.6515977e-13
6747.553462266918	6.59875e-13
6750.896749496456	6.5848683e-13
6754.240036725994	6.5608044e-13
6757.583323955532	6.4815785e-13
6760.92661118507	6.4415584e-13
6764.269898414608	6.40248e-13
6767.613185644146	6.3874025e-13
6770.956472873684	6.3703654e-13
6774.299760103222	6.3209567e-13
6777.64304733276	6.3024526e-13
6780.986334562298	6.286523e-13
6784.329621791836	6.279746e-13
6787.672909021374	6.2716645e-13
6791.016196250912	6.277911e-13
6794.35948348045	6.2329796e-13
6797.702770709988	6.263902e-13
6801.046057939526	6.2100005e-13
6804.389345169064	6.2322494e-13
6807.732632398602	6.1698633e-13
6811.07591962814	6.2040287e-13
6814.419206857678	6.2032064e-13
6817.762494087216	6.167763e-13
6821.105781316754	6.1472957e-13
6824.4490685462915	6.124897e-13
6827.7923557758295	6.12342e-13
6831.1356430053675	6.0901604e-13
6834.478930234905	6.1040626e-13
6837.822217464443	6.0729807e-13
6841.165504693981	6.033145e-13
6844.508791923519	6.0575216e-13
6847.852079153057	6.0312736e-13
6851.195366382595	6.0324044e-13
6854.538653612133	6.0019513e-13
6857.881940841671	5.987971e-13
6861.225228071209	5.8108564e-13
6864.568515300747	5.2915024e-13
6867.911802530285	4.673006e-13
6871.255089759823	4.3542074e-13
6874.598376989361	4.5827074e-13
6877.941664218899	4.997406e-13
6881.284951448437	5.2637105e-13
6884.628238677975	5.2821083e-13
6887.971525907513	5.136796e-13
6891.314813137051	5.0957757e-13
6894.658100366589	5.125505e-13
6898.001387596127	5.197122e-13
6901.344674825665	5.2756606e-13
6904.687962055203	5.3311587e-13
6908.031249284741	5.416384e-13
6911.374536514279	5.455662e-13
6914.717823743817	5.532263e-13
6918.0611109733545	5.551599e-13
6921.4043982028925	5.5679127e-13
6924.74768543243	5.538551e-13
6928.090972661968	5.6113697e-13
6931.434259891506	5.5647354e-13
6934.777547121044	5.525922e-13
6938.120834350582	5.480562e-13
6941.46412158012	5.473193e-13
6944.807408809658	5.467165e-13
6948.150696039196	5.4748523e-13
6951.493983268734	5.5204273e-13
6954.837270498272	5.558353e-13
6958.18055772781	5.5893875e-13
6961.523844957348	5.672271e-13
6964.867132186886	5.725928e-13
6968.210419416424	5.778439e-13
6971.553706645962	5.857972e-13
6974.8969938755	5.8528497e-13
6978.240281105038	5.913619e-13
6981.583568334576	5.896814e-13
6984.926855564114	5.897395e-13
6988.270142793652	5.9006836e-13
6991.61343002319	5.905265e-13
6994.956717252728	5.9101525e-13
6998.300004482266	5.930176e-13
7001.643291711804	5.896664e-13
7004.986578941342	5.9279155e-13
7008.3298661708795	5.9073005e-13
7011.6731534004175	5.891248e-13
7015.0164406299555	5.89492e-13
7018.359727859493	5.8866876e-13
7021.703015089031	5.8950544e-13
7025.046302318569	5.883665e-13
7028.389589548107	5.8773185e-13
7031.732876777645	5.9043146e-13
7035.076164007183	5.902712e-13
7038.419451236721	5.82511e-13
7041.762738466259	5.914917e-13
7045.106025695797	5.909535e-13
7048.449312925335	5.873272e-13
7051.792600154873	5.8567864e-13
7055.135887384411	5.829776e-13
7058.479174613949	5.8236364e-13
7061.822461843487	5.80865e-13
7065.165749073025	5.8044064e-13
7068.509036302563	5.78227e-13
7071.852323532101	5.780939e-13
7075.195610761639	5.756688e-13
7078.538897991177	5.755821e-13
7081.882185220715	5.758395e-13
7085.225472450253	5.74484e-13
7088.568759679791	5.721589e-13
7091.912046909329	5.7136495e-13
7095.255334138867	5.7108387e-13
7098.598621368405	5.711917e-13
7101.9419085979425	5.671001e-13
7105.2851958274805	5.69595e-13
7108.6284830570185	5.6824456e-13
7111.971770286556	5.659303e-13
7115.315057516094	5.668202e-13
7118.658344745632	5.6316806e-13
7122.00163197517	5.634648e-13
7125.344919204708	5.615301e-13
7128.688206434246	5.5877644e-13
7132.031493663784	5.5772043e-13
7135.374780893322	5.559806e-13
7138.71806812286	5.5412326e-13
7142.061355352398	5.4926766e-13
7145.404642581936	5.45561e-13
7148.747929811474	5.417705e-13
7152.091217041012	5.383548e-13
7155.43450427055	5.3217e-13
7158.777791500088	5.2932653e-13
7162.121078729626	5.30709e-13
7165.464365959164	5.2255644e-13
7168.807653188702	5.2047624e-13
7172.15094041824	5.1858734e-13
7175.494227647778	5.22944e-13
7178.837514877316	5.253635e-13
7182.180802106854	5.245598e-13
7185.524089336392	5.237394e-13
7188.86737656593	5.284781e-13
7192.210663795468	5.3744406e-13
7195.5539510250055	5.398888e-13
7198.8972382545435	5.4132247e-13
7202.240525484081	5.41589e-13
7205.583812713619	5.499921e-13
7208.927099943157	5.6167733e-13
7212.270387172695	5.6899196e-13
7215.613674402233	5.687557e-13
7218.956961631771	5.7005404e-13
7222.300248861309	5.6501337e-13
7225.643536090847	5.5986677e-13
7228.986823320385	5.4710007e-13
7232.330110549923	5.358813e-13
7235.673397779461	5.298322e-13
7239.016685008999	5.252892e-13
7242.359972238537	5.252784e-13
7245.703259468075	5.2435866e-13
7249.046546697613	5.2259233e-13
7252.389833927151	5.2380393e-13
7255.733121156689	5.2927264e-13
7259.076408386227	5.3594683e-13
7262.419695615765	5.3853845e-13
7265.762982845303	5.4225916e-13
7269.106270074841	5.479303e-13
7272.449557304379	5.48258e-13
7275.792844533917	5.522488e-13
7279.136131763455	5.6519535e-13
7282.479418992993	5.712201e-13
7285.8227062225305	5.729918e-13
7289.1659934520685	5.6881415e-13
7292.5092806816065	5.715908e-13
7295.852567911144	5.7851656e-13
7299.195855140682	5.776905e-13
7302.53914237022	5.8009327e-13
7305.882429599758	5.8073896e-13
7309.225716829296	5.8445463e-13
7312.569004058834	5.8754314e-13
7315.912291288372	5.897027e-13
7319.25557851791	5.9234974e-13
7322.598865747448	5.966437e-13
7325.942152976986	5.9787873e-13
7329.285440206524	5.974356e-13
7332.628727436062	5.945124e-13
7335.9720146656	5.948983e-13
7339.315301895138	5.954324e-13
7342.658589124676	5.907109e-13
7346.001876354214	5.883409e-13
7349.345163583752	5.8346925e-13
7352.68845081329	5.8015577e-13
7356.031738042828	5.7673376e-13
7359.375025272366	5.7322175e-13
7362.718312501904	5.6891037e-13
7366.061599731442	5.6597294e-13
7369.40488696098	5.645987e-13
7372.748174190518	5.6348627e-13
7376.091461420056	5.5989816e-13
7379.4347486495935	5.559277e-13
7382.7780358791315	5.5047004e-13
7386.1213231086695	5.4675123e-13
7389.464610338207	5.414157e-13
7392.807897567745	5.4321445e-13
7396.151184797283	5.418984e-13
7399.494472026821	5.409111e-13
7402.837759256359	5.420375e-13
7406.181046485897	5.4649145e-13
7409.524333715435	5.4863487e-13
7412.867620944973	5.519793e-13
7416.210908174511	5.5886963e-13
7419.554195404049	5.642153e-13
7422.897482633587	5.70561e-13
7426.240769863125	5.739202e-13
7429.584057092663	5.7886806e-13
7432.927344322201	5.826133e-13
7436.270631551739	5.857444e-13
7439.613918781277	5.863144e-13
7442.957206010815	5.873975e-13
7446.300493240353	5.8695686e-13
7449.643780469891	5.855441e-13
7452.987067699429	5.855493e-13
7456.330354928967	5.840485e-13
7459.673642158505	5.8345494e-13
7463.016929388043	5.8347375e-13
7466.360216617581	5.8320574e-13
7469.703503847119	5.808136e-13
7473.0467910766565	5.8185477e-13
7476.3900783061945	5.838525e-13
7479.733365535732	5.833755e-13
7483.07665276527	5.8163164e-13
7486.419939994808	5.828655e-13
7489.763227224346	5.826852e-13
7493.106514453884	5.782408e-13
7496.449801683422	5.7677626e-13
7499.79308891296	5.7657844e-13
7503.136376142498	5.7259736e-13
7506.479663372036	5.6889975e-13
7509.822950601574	5.7236773e-13
7513.166237831112	5.6768967e-13
7516.50952506065	5.6357024e-13
7519.852812290188	5.6378323e-13
7523.196099519726	5.5952904e-13
7526.539386749264	5.58675e-13
7529.882673978802	5.5657226e-13
7533.22596120834	5.531901e-13
7536.569248437878	5.5433945e-13
7539.912535667416	5.4861335e-13
7543.255822896954	5.4862267e-13
7546.599110126492	5.4319006e-13
7549.94239735603	5.4099693e-13
7553.285684585568	5.419561e-13
7556.628971815106	5.365165e-13
7559.972259044644	5.3586925e-13
7563.3155462741815	5.3130064e-13
7566.6588335037195	5.301927e-13
7570.0021207332575	5.2675074e-13
7573.345407962795	5.222325e-13
7576.688695192333	5.210019e-13
7580.031982421871	5.142393e-13
7583.375269651409	5.1102563e-13
7586.718556880947	4.96599e-13
7590.061844110485	4.3723938e-13
7593.405131340023	3.341079e-13
7596.748418569561	2.2370346e-13
7600.091705799099	1.4908028e-13
7603.434993028637	1.1984901e-13
7606.778280258175	1.2814328e-13
7610.121567487713	1.7524453e-13
7613.464854717251	2.5400442e-13
7616.808141946789	3.1797194e-13
7620.151429176327	3.188481e-13
7623.494716405865	2.7724196e-13
7626.838003635403	2.4587155e-13
7630.181290864941	2.3892926e-13
7633.524578094479	2.4691384e-13
7636.867865324017	2.6116736e-13
7640.211152553555	2.7759408e-13
7643.554439783093	2.9762718e-13
7646.897727012631	3.2022293e-13
7650.241014242169	3.4434722e-13
7653.584301471707	3.6898506e-13
7656.9275887012445	3.9420694e-13
7660.2708759307825	4.148339e-13
7663.6141631603205	4.3470956e-13
7666.957450389858	4.5307435e-13
7670.300737619396	4.6260565e-13
7673.644024848934	4.742938e-13
7676.987312078472	4.7692704e-13
7680.33059930801	4.800008e-13
7683.673886537548	4.7641876e-13
7687.017173767086	4.7075186e-13
7690.360460996624	4.609818e-13
7693.703748226162	4.5062928e-13
7697.0470354557	4.3744479e-13
7700.390322685238	4.2428772e-13
7703.733609914776	4.1216333e-13
7707.076897144314	4.051692e-13
7710.420184373852	4.030788e-13
7713.76347160339	4.0666594e-13
7717.106758832928	4.1648548e-13
7720.450046062466	4.281585e-13
7723.793333292004	4.4353914e-13
7727.136620521542	4.562326e-13
7730.47990775108	4.6898645e-13
7733.823194980618	4.8004526e-13
7737.166482210156	4.871687e-13
7740.509769439694	5.0033887e-13
7743.853056669232	5.0929183e-13
7747.19634389877	5.136308e-13
7750.5396311283075	5.189885e-13
7753.8829183578455	5.259186e-13
7757.226205587383	5.29448e-13
7760.569492816921	5.337739e-13
7763.912780046459	5.3777344e-13
7767.256067275997	5.413873e-13
7770.599354505534	5.4324866e-13
7773.942641735072	5.463522e-13
7777.28592896461	5.4833666e-13
7780.629216194148	5.4806545e-13
7783.972503423686	5.503459e-13
7787.315790653224	5.5242047e-13
7790.659077882762	5.516739e-13
7794.0023651123	5.5168717e-13
7797.345652341838	5.5071735e-13
7800.688939571376	5.488233e-13
7804.032226800914	5.492654e-13
7807.375514030452	5.4517903e-13
7810.71880125999	5.4305497e-13
7814.062088489528	5.3907323e-13
7817.405375719066	5.3588807e-13
7820.748662948604	5.345577e-13
7824.091950178142	5.3191354e-13
7827.43523740768	5.286637e-13
7830.778524637218	5.243951e-13
7834.121811866756	5.2364027e-13
7837.465099096294	5.179652e-13
7840.808386325832	5.183931e-13
7844.15167355537	5.154499e-13
7847.494960784908	5.16847e-13
7850.8382480144455	5.153207e-13
7854.1815352439835	5.115112e-13
7857.524822473521	5.16081e-13
7860.868109703059	5.1420207e-13
7864.211396932597	5.111955e-13
7867.554684162135	5.1171133e-13
7870.897971391673	5.0833843e-13
7874.241258621211	5.056126e-13
7877.584545850749	5.074233e-13
7880.927833080287	5.0251025e-13
7884.271120309825	5.007382e-13
7887.614407539363	4.99553e-13
7890.957694768901	4.951994e-13
7894.300981998439	4.94185e-13
7897.644269227977	4.93735e-13
7900.987556457515	4.9290286e-13
7904.330843687053	4.9320004e-13
7907.674130916591	4.9048157e-13
7911.017418146129	4.919388e-13
7914.360705375667	4.928324e-13
7917.703992605205	4.904782e-13
7921.047279834743	4.884722e-13
7924.390567064281	4.892975e-13
7927.733854293819	4.888154e-13
7931.077141523357	4.884368e-13
7934.420428752895	4.8873167e-13
7937.763715982433	4.885159e-13
7941.107003211971	4.8875655e-13
7944.4502904415085	4.870561e-13
7947.7935776710465	4.853112e-13
7951.136864900584	4.8486296e-13
7954.480152130122	4.827049e-13
7957.82343935966	4.808637e-13
7961.166726589198	4.789381e-13
7964.510013818736	4.7974217e-13
7967.853301048274	4.789632e-13
7971.196588277812	4.783352e-13
7974.53987550735	4.805443e-13
7977.883162736888	4.804689e-13
7981.226449966426	4.782157e-13
7984.569737195964	4.7856765e-13
7987.913024425502	4.7775125e-13
7991.25631165504	4.758641e-13
7994.599598884578	4.746329e-13
7997.942886114116	4.752996e-13
8001.286173343654	4.735118e-13
8004.629460573192	4.72617e-13
8007.97274780273	4.7265577e-13
8011.316035032268	4.7209605e-13
8014.659322261806	4.7275275e-13
8018.002609491344	4.712437e-13
8021.345896720882	4.6955636e-13
8024.68918395042	4.6907394e-13
8028.032471179958	4.695943e-13
8031.375758409496	4.6802053e-13
8034.7190456390335	4.675467e-13
8038.0623328685715	4.674433e-13
8041.4056200981095	4.662716e-13
8044.748907327647	4.668132e-13
8048.092194557185	4.659574e-13
8051.435481786723	4.673813e-13
8054.778769016261	4.6550936e-13
8058.122056245799	4.649373e-13
8061.465343475337	4.6374265e-13
8064.808630704875	4.629961e-13
8068.151917934413	4.623287e-13
8071.495205163951	4.6063067e-13
8074.838492393489	4.609737e-13
8078.181779623027	4.581839e-13
8081.525066852565	4.569731e-13
8084.868354082103	4.5585015e-13
8088.211641311641	4.5278844e-13
8091.554928541179	4.5148005e-13
8094.898215770717	4.5049508e-13
8098.241503000255	4.4784494e-13
8101.584790229793	4.4440715e-13
8104.928077459331	4.4173798e-13
8108.271364688869	4.3671355e-13
8111.614651918407	4.3190942e-13
8114.957939147945	4.26615e-13
8118.301226377483	4.2088755e-13
8121.644513607021	4.168699e-13
8124.987800836559	4.1168712e-13
8128.3310880660965	4.0580882e-13
8131.6743752956345	4.0246262e-13
8135.017662525172	3.9932093e-13
8138.36094975471	4.0034512e-13
8141.704236984248	3.9861037e-13
8145.047524213786	3.960941e-13
8148.390811443324	3.928932e-13
8151.734098672861	3.9028598e-13
8155.077385902399	3.8925812e-13
8158.420673131937	3.8443012e-13
8161.763960361475	3.827299e-13
8165.107247591013	3.8794063e-13
8168.450534820551	3.9581408e-13
8171.793822050089	3.9715488e-13
8175.137109279627	3.9494991e-13
8178.480396509165	3.941416e-13
8181.823683738703	3.969167e-13
8185.166970968241	4.0263634e-13
8188.510258197779	4.0239397e-13
8191.853545427317	4.025768e-13
8195.196832656855	4.0700836e-13
8198.540119886393	4.1487552e-13
8201.88340711593	4.2446678e-13
8205.226694345469	4.2895307e-13
8208.569981575007	4.3618852e-13
8211.913268804545	4.364677e-13
8215.256556034083	4.3405768e-13
8218.59984326362	4.2931893e-13
8221.943130493159	4.1471506e-13
8225.286417722697	3.959395e-13
8228.629704952235	3.8911013e-13
8231.972992181772	4.019852e-13
8235.31627941131	4.1863865e-13
8238.659566640848	4.2635126e-13
8242.002853870386	4.259642e-13
8245.346141099924	4.2794295e-13
8248.689428329462	4.2787632e-13
8252.032715559	4.2033987e-13
8255.37600278854	4.1522718e-13
8258.719290018078	4.1074221e-13
8262.062577247616	4.1074262e-13
8265.405864477154	4.0894385e-13
8268.749151706692	4.0133573e-13
8272.09243893623	3.910719e-13
8275.435726165768	3.838398e-13
8278.779013395306	3.821158e-13
8282.122300624844	3.8073342e-13
8285.465587854382	3.7450964e-13
8288.80887508392	3.7134073e-13
8292.152162313458	3.6717016e-13
8295.495449542996	3.6163143e-13
8298.838736772534	3.5364273e-13
8302.182024002072	3.4459428e-13
8305.52531123161	3.3407085e-13
8308.868598461147	3.242659e-13
8312.211885690685	3.116687e-13
8315.555172920223	2.9605905e-13
8318.898460149761	2.7847657e-13
8322.2417473793	2.6391836e-13
8325.585034608837	2.507502e-13
8328.928321838375	2.340502e-13
8332.271609067913	2.1494145e-13
8335.614896297451	1.973436e-13
8338.95818352699	1.8119711e-13
8342.301470756525	1.6496918e-13
8345.644757986063	1.4905357e-13
8348.988045215601	1.344577e-13
8352.33133244514	1.2207821e-13
8355.674619674677	1.118512e-13
8359.017906904215	1.0248239e-13
8362.361194133753	9.5194455e-14
8365.704481363291	8.899952e-14
8369.047768592829	8.432196e-14
8372.391055822367	8.0953914e-14
8375.734343051905	7.821853e-14
8379.077630281443	7.640003e-14
8382.42091751098	7.574694e-14
8385.764204740519	7.535951e-14
8389.107491970057	7.640147e-14
8392.450779199595	7.790478e-14
8395.794066429133	7.9218844e-14
8399.13735365867	8.1920595e-14
8402.480640888209	8.492152e-14
8405.823928117747	8.812431e-14
8409.167215347285	9.287078e-14
8412.510502576823	9.726891e-14
8415.85378980636	1.0241532e-13
8419.197077035898	1.0857488e-13
8422.540364265436	1.1483125e-13
8425.883651494974	1.2144478e-13
8429.226938724512	1.2857489e-13
8432.57022595405	1.3657062e-13
8435.913513183588	1.4496938e-13
8439.256800413126	1.5346994e-13
8442.600087642664	1.6581066e-13
8445.943374872202	1.7557692e-13
8449.28666210174	1.8672618e-13
8452.629949331278	1.9893231e-13
8455.973236560816	2.1154428e-13
8459.316523790354	2.2370124e-13
8462.659811019892	2.3834553e-13
8466.00309824943	2.5256246e-13
8469.346385478968	2.658207e-13
8472.689672708506	2.78938e-13
8476.032959938044	2.8847045e-13
8479.376247167582	2.9856572e-13
8482.71953439712	3.072913e-13
8486.062821626658	3.1284518e-13
8489.406108856196	3.1670912e-13
8492.749396085734	3.1853816e-13
8496.092683315272	3.19703e-13
8499.43597054481	3.180748e-13
8502.779257774348	3.1357873e-13
8506.122545003886	3.0879986e-13
8509.465832233423	3.03026e-13
8512.809119462961	2.9848587e-13
8516.1524066925	2.9326517e-13
8519.495693922037	2.8828147e-13
8522.838981151575	2.841782e-13
8526.182268381113	2.7993347e-13
8529.525555610651	2.7568052e-13
8532.86884284019	2.7275607e-13
8536.212130069727	2.7023314e-13
8539.555417299265	2.6946774e-13
8542.898704528803	2.6866465e-13
8546.241991758341	2.6883826e-13
8549.585278987879	2.7167412e-13
8552.928566217417	2.7314476e-13
8556.271853446955	2.7884512e-13
8559.615140676493	2.8644486e-13
8562.958427906031	2.9200942e-13
8566.301715135569	3.0177122e-13
8569.645002365107	3.12384e-13
8572.988289594645	3.2490633e-13
8576.331576824183	3.4209186e-13
8579.67486405372	3.608352e-13
8583.018151283259	3.8150543e-13
8586.361438512797	4.0532416e-13
8589.704725742335	4.2965802e-13
8593.048012971873	4.5371828e-13
8596.39130020141	4.780419e-13
8599.734587430949	5.034668e-13
8603.077874660486	5.280893e-13
8606.421161890024	5.5282704e-13
8609.764449119562	5.7246097e-13
8613.1077363491	5.916793e-13
8616.451023578638	6.102423e-13
8619.794310808176	6.283407e-13
8623.137598037714	6.4796324e-13
8626.480885267252	6.665402e-13
8629.82417249679	6.8455327e-13
8633.167459726328	6.9909074e-13
8636.510746955866	7.100871e-13
8639.854034185404	7.2199397e-13
8643.197321414942	7.2944764e-13
8646.54060864448	7.3772894e-13
8649.883895874018	7.460022e-13
8653.227183103556	7.547899e-13
8656.570470333094	7.6141735e-13
8659.913757562632	7.66088e-13
8663.25704479217	7.687206e-13
8666.600332021708	7.7159514e-13
8669.943619251246	7.6976175e-13
8673.286906480784	7.7141294e-13
8676.630193710322	7.7268655e-13
8679.97348093986	7.660057e-13
8683.316768169398	7.6223614e-13
8686.660055398936	7.6083264e-13
8690.003342628474	7.585236e-13
8693.346629858012	7.5886975e-13
8696.68991708755	7.5618987e-13
8700.033204317087	7.5449916e-13
8703.376491546625	7.516505e-13
8706.719778776163	7.467683e-13
8710.063066005701	7.4205225e-13
8713.40635323524	7.330066e-13
8716.749640464777	7.28673e-13
8720.092927694315	7.2383955e-13
8723.436214923853	7.155163e-13
8726.779502153391	7.0821604e-13
8730.12278938293	6.9952426e-13
8733.466076612467	6.8928375e-13
8736.809363842005	6.819863e-13
8740.152651071543	6.738047e-13
8743.495938301081	6.68653e-13
8746.839225530619	6.5926876e-13
8750.182512760157	6.532417e-13
8753.525799989695	6.4477617e-13
8756.869087219233	6.370502e-13
8760.21237444877	6.270168e-13
8763.555661678309	6.235494e-13
8766.898948907847	6.145478e-13
8770.242236137385	6.078494e-13
8773.585523366923	5.975433e-13
8776.92881059646	5.892046e-13
8780.272097825999	5.80132e-13
8783.615385055537	5.706819e-13
8786.958672285074	5.572394e-13
8790.301959514612	5.529433e-13
8793.64524674415	5.41384e-13
8796.988533973688	5.294114e-13
8800.331821203226	5.2395723e-13
8803.675108432764	5.18558e-13
8807.018395662302	5.1389936e-13
8810.36168289184	5.0862044e-13
8813.704970121378	5.0080003e-13
8817.048257350916	4.9423383e-13
8820.391544580454	4.8538517e-13
8823.734831809992	4.742041e-13
8827.07811903953	4.636858e-13
8830.421406269068	4.507384e-13
8833.764693498606	4.3761126e-13
8837.107980728144	4.2374996e-13
8840.451267957682	4.0910442e-13
8843.79455518722	3.977568e-13
8847.137842416758	3.8540422e-13
8850.481129646296	3.747162e-13
8853.824416875834	3.6887285e-13
8857.167704105372	3.6438772e-13
8860.51099133491	3.6462757e-13
8863.854278564448	3.6486802e-13
8867.197565793986	3.6791376e-13
8870.540853023524	3.7102857e-13
8873.884140253062	3.7211458e-13
8877.2274274826	3.7519337e-13
8880.570714712137	3.778356e-13
8883.914001941675	3.8019007e-13
8887.257289171213	3.827471e-13
8890.600576400751	3.8358834e-13
8893.94386363029	3.856157e-13
8897.287150859827	3.8544805e-13
8900.630438089365	3.8625255e-13
8903.973725318903	3.8730255e-13
8907.317012548441	3.8984967e-13
8910.66029977798	3.915372e-13
8914.003587007517	3.920237e-13
8917.346874237055	3.9325688e-13
8920.690161466593	3.929768e-13
8924.033448696131	3.932732e-13
8927.376735925669	3.9035474e-13
8930.720023155207	3.8927298e-13
8934.063310384745	3.8813175e-13
8937.406597614283	3.8666233e-13
8940.74988484382	3.8306568e-13
8944.093172073359	3.794175e-13
8947.436459302897	3.7456328e-13
8950.779746532435	3.7114065e-13
8954.123033761973	3.712434e-13
8957.46632099151	3.7051292e-13
8960.809608221049	3.6469306e-13
8964.152895450587	3.5914837e-13
8967.496182680125	3.5612613e-13
8970.839469909663	3.5386584e-13
8974.1827571392	3.517867e-13
8977.526044368738	3.4670628e-13
8980.869331598276	3.3638576e-13
8984.212618827814	3.1583026e-13
8987.555906057352	2.9767513e-13
8990.89919328689	2.9677882e-13
8994.242480516428	3.0372653e-13
8997.585767745966	3.0267e-13
9000.929054975504	2.9364423e-13
9004.272342205042	2.872745e-13
9007.61562943458	2.8392287e-13
9010.958916664118	2.7804262e-13
9014.302203893656	2.7178124e-13
9017.645491123194	2.6863567e-13
9020.988778352732	2.6780368e-13
9024.33206558227	2.714136e-13
9027.675352811808	2.7829995e-13
9031.018640041346	2.8602904e-13
9034.361927270884	2.9389696e-13
9037.705214500422	2.9639878e-13
9041.04850172996	3.000111e-13
9044.391788959498	3.0613449e-13
9047.735076189036	3.1219905e-13
9051.078363418574	3.180662e-13
9054.421650648112	3.2208085e-13
9057.76493787765	3.254351e-13
9061.108225107188	3.2607665e-13
9064.451512336726	3.24422e-13
9067.794799566263	3.2028094e-13
9071.138086795801	3.2201656e-13
9074.48137402534	3.2689286e-13
9077.824661254877	3.3104815e-13
9081.167948484415	3.3169935e-13
9084.511235713953	3.3468e-13
9087.854522943491	3.3827463e-13
9091.19781017303	3.405379e-13
9094.541097402567	3.4100427e-13
9097.884384632105	3.4002044e-13
9101.227671861643	3.3928014e-13
9104.57095909118	3.4136423e-13
9107.914246320717	3.4569057e-13
9111.257533550255	3.4760977e-13
9114.600820779793	3.4090878e-13
9117.944108009331	3.353911e-13
9121.287395238869	3.3450757e-13
9124.630682468407	3.296065e-13
9127.973969697945	3.144753e-13
9131.317256927483	2.985617e-13
9134.660544157021	2.9173205e-13
9138.003831386559	2.91519e-13
9141.347118616097	2.9403555e-13
9144.690405845635	2.9102794e-13
9148.033693075173	2.780405e-13
9151.37698030471	2.6394154e-13
9154.720267534249	2.598226e-13
9158.063554763787	2.6671411e-13
9161.406841993325	2.7493722e-13
9164.750129222863	2.785045e-13
9168.0934164524	2.7511877e-13
9171.436703681939	2.694934e-13
9174.779990911476	2.6872292e-13
9178.123278141014	2.766694e-13
9181.466565370552	2.8453078e-13
9184.80985260009	2.886486e-13
9188.153139829628	2.9484802e-13
9191.496427059166	2.967718e-13
9194.839714288704	3.0145144e-13
9198.183001518242	3.1133857e-13
9201.52628874778	3.1823602e-13
9204.869575977318	3.2319178e-13
9208.212863206856	3.276365e-13
9211.556150436394	3.2960738e-13
9214.899437665932	3.3396612e-13
9218.24272489547	3.4061352e-13
9221.586012125008	3.4832364e-13
9224.929299354546	3.5176262e-13
9228.272586584084	3.5315728e-13
9231.615873813622	3.5264445e-13
9234.95916104316	3.5164352e-13
9238.302448272698	3.5218147e-13
9241.645735502236	3.5315837e-13
9244.989022731774	3.5472203e-13
9248.332309961312	3.5641252e-13
9251.67559719085	3.5929915e-13
9255.018884420388	3.5597464e-13
9258.362171649926	3.5557378e-13
9261.705458879464	3.5483186e-13
9265.048746109002	3.5472848e-13
9268.39203333854	3.535643e-13
9271.735320568077	3.474754e-13
9275.078607797615	3.3856075e-13
9278.421895027153	3.3052594e-13
9281.765182256691	3.2467516e-13
9285.10846948623	3.2187667e-13
9288.451756715767	3.193447e-13
9291.795043945305	3.1206485e-13
9295.138331174843	3.015375e-13
9298.481618404381	2.9318589e-13
9301.82490563392	2.8547157e-13
9305.168192863457	2.7671474e-13
9308.511480092995	2.6364517e-13
9311.854767322533	2.4653183e-13
9315.198054552071	2.2995776e-13
9318.541341781609	2.176189e-13
9321.884629011147	2.1058818e-13
