4156.505859375	2.7599711e-14
4159.849146604538	2.5658666e-14
4163.192433834076	1.850331e-14
4166.535721063614	1.1189512e-14
4169.879008293152	1.334703e-14
4173.22229552269	1.9185542e-14
4176.565582752228	6.9641393e-15
4179.908869981766	7.364864e-15
4183.252157211304	5.6256375e-15
4186.595444440842	4.5822403e-15
4189.93873167038	3.4924564e-15
4193.282018899918	8.240254e-15
4196.625306129456	7.874002e-15
4199.9685933589935	6.2891946e-15
4203.3118805885315	5.781534e-15
4206.6551678180695	4.843827e-15
4209.998455047607	7.255703e-15
4213.341742277145	7.25443e-15
4216.685029506683	5.103997e-15
4220.028316736221	6.2562794e-15
4223.371603965759	5.072554e-15
4226.714891195297	6.1001026e-15
4230.058178424835	6.35767e-15
4233.401465654373	4.69026e-15
4236.744752883911	4.7431613e-15
4240.088040113449	5.2085077e-15
4243.431327342987	5.015323e-15
4246.774614572525	4.71391e-15
4250.117901802063	4.3912157e-15
4253.461189031601	4.26499e-15
4256.804476261139	4.3625636e-15
4260.147763490677	3.8259856e-15
4263.491050720215	3.8066266e-15
4266.834337949753	3.7358308e-15
4270.177625179291	3.586188e-15
4273.520912408829	3.1499908e-15
4276.864199638367	3.3583459e-15
4280.207486867905	3.163049e-15
4283.550774097443	3.3109527e-15
4286.894061326981	3.6967025e-15
4290.237348556519	3.8632063e-15
4293.5806357860565	4.0820267e-15
4296.9239230155945	4.0827496e-15
4300.267210245132	4.5873593e-15
4303.61049747467	4.831234e-15
4306.953784704208	4.9449457e-15
4310.297071933746	5.105064e-15
4313.640359163284	5.5813644e-15
4316.983646392822	5.7305565e-15
4320.32693362236	5.6685753e-15
4323.670220851898	5.4785236e-15
4327.013508081436	4.7907006e-15
4330.356795310974	4.6679478e-15
4333.700082540512	4.5831953e-15
4337.04336977005	4.241116e-15
4340.386656999588	4.0099323e-15
4343.729944229126	3.934527e-15
4347.073231458664	3.9876244e-15
4350.416518688202	4.3114146e-15
4353.75980591774	4.246343e-15
4357.103093147278	4.1197544e-15
4360.446380376816	4.3382203e-15
4363.789667606354	4.5233834e-15
4367.132954835892	4.9426185e-15
4370.47624206543	4.997412e-15
4373.819529294968	5.3651054e-15
4377.162816524506	5.5772507e-15
4380.506103754044	5.449015e-15
4383.8493909835815	5.8465924e-15
4387.1926782131195	5.9182997e-15
4390.5359654426575	6.0933572e-15
4393.879252672195	6.030636e-15
4397.222539901733	6.1151874e-15
4400.565827131271	6.1217557e-15
4403.909114360809	5.954301e-15
4407.252401590347	5.8982983e-15
4410.595688819885	6.0276584e-15
4413.938976049423	5.9265354e-15
4417.282263278961	5.907475e-15
4420.625550508499	6.035865e-15
4423.968837738037	6.2893213e-15
4427.312124967575	6.323053e-15
4430.655412197113	6.5861115e-15
4433.998699426651	6.895302e-15
4437.341986656189	7.1637574e-15
4440.685273885727	7.566583e-15
4444.028561115265	7.91842e-15
4447.371848344803	7.987452e-15
4450.715135574341	7.984547e-15
4454.058422803879	7.92856e-15
4457.401710033417	7.8934975e-15
4460.744997262955	7.644245e-15
4464.088284492493	7.41874e-15
4467.431571722031	7.387443e-15
4470.774858951569	7.209728e-15
4474.118146181107	7.091945e-15
4477.4614334106445	6.8485286e-15
4480.8047206401825	6.6683046e-15
4484.1480078697205	6.3122195e-15
4487.491295099258	6.0708672e-15
4490.834582328796	5.9677583e-15
4494.177869558334	5.6566415e-15
4497.521156787872	5.526161e-15
4500.86444401741	5.379555e-15
4504.207731246948	5.129884e-15
4507.551018476486	5.1851414e-15
4510.894305706024	5.1640367e-15
4514.237592935562	5.1071894e-15
4517.5808801651	5.2829542e-15
4520.924167394638	5.3115674e-15
4524.267454624176	5.643721e-15
4527.610741853714	6.0444877e-15
4530.954029083252	6.3225936e-15
4534.29731631279	6.5962636e-15
4537.640603542328	7.248268e-15
4540.983890771866	7.7667526e-15
4544.327178001404	8.263645e-15
4547.670465230942	9.159342e-15
4551.01375246048	9.898161e-15
4554.357039690018	1.06298425e-14
4557.700326919556	1.1745376e-14
4561.043614149093	1.3019162e-14
4564.386901378631	1.4402887e-14
4567.730188608169	1.6110028e-14
4571.073475837707	1.7727986e-14
4574.416763067245	1.9876179e-14
4577.7600502967825	2.1715651e-14
4581.1033375263205	2.3187261e-14
4584.4466247558585	2.3991443e-14
4587.789911985396	2.4014173e-14
4591.133199214934	2.3259679e-14
4594.476486444472	2.1706898e-14
4597.81977367401	2.0497977e-14
4601.163060903548	1.9269596e-14
4604.506348133086	1.86234e-14
4607.849635362624	1.8546744e-14
4611.192922592162	1.9014677e-14
4614.5362098217	1.9863636e-14
4617.879497051238	2.110421e-14
4621.222784280776	2.214472e-14
4624.566071510314	2.3110738e-14
4627.909358739852	2.339483e-14
4631.25264596939	2.3011593e-14
4634.595933198928	2.2528047e-14
4637.939220428466	2.1579469e-14
4641.282507658004	2.096908e-14
4644.625794887542	2.0825306e-14
4647.96908211708	2.092868e-14
4651.312369346618	2.202229e-14
4654.655656576156	2.3338073e-14
4657.998943805694	2.5301638e-14
4661.342231035232	2.7319128e-14
4664.68551826477	2.905032e-14
4668.028805494308	3.0091574e-14
4671.3720927238455	3.0251846e-14
4674.7153799533835	2.9913355e-14
4678.058667182921	2.9375763e-14
4681.401954412459	2.857321e-14
4684.745241641997	2.7483434e-14
4688.088528871535	2.6891973e-14
4691.431816101073	2.6658429e-14
4694.775103330611	2.68461e-14
4698.118390560149	2.6860628e-14
4701.461677789687	2.7140921e-14
4704.804965019225	2.6902187e-14
4708.148252248763	2.665628e-14
4711.491539478301	2.6057549e-14
4714.834826707839	2.5909235e-14
4718.178113937377	2.614507e-14
4721.521401166915	2.6639549e-14
4724.864688396453	2.7040019e-14
4728.207975625991	2.6757058e-14
4731.551262855529	2.6191543e-14
4734.894550085067	2.5156724e-14
4738.237837314605	2.39228e-14
4741.581124544143	2.2304614e-14
4744.924411773681	2.0904743e-14
4748.267699003219	1.976908e-14
4751.610986232757	1.8950026e-14
4754.954273462295	1.8159599e-14
4758.297560691833	1.7008806e-14
4761.640847921371	1.5823026e-14
4764.9841351509085	1.4916042e-14
4768.3274223804465	1.373383e-14
4771.670709609984	1.2646349e-14
4775.013996839522	1.1741078e-14
4778.35728406906	1.0604399e-14
4781.700571298598	9.975811e-15
4785.043858528136	9.414647e-15
4788.387145757674	9.010328e-15
4791.730432987212	8.887706e-15
4795.07372021675	9.066851e-15
4798.417007446288	9.470499e-15
4801.760294675826	1.02004205e-14
4805.103581905364	1.0755437e-14
4808.446869134902	1.1750456e-14
4811.79015636444	1.29114765e-14
4815.133443593978	1.3966067e-14
4818.476730823516	1.4884271e-14
4821.820018053054	1.5422452e-14
4825.163305282592	1.5365005e-14
4828.50659251213	1.5285435e-14
4831.849879741668	1.5275135e-14
4835.193166971206	1.5717469e-14
4838.536454200744	1.6273556e-14
4841.879741430282	1.6965035e-14
4845.22302865982	1.7962772e-14
4848.566315889358	1.8708405e-14
4851.909603118896	1.9449999e-14
4855.2528903484335	1.9676768e-14
4858.5961775779715	1.9724778e-14
4861.9394648075095	1.9779051e-14
4865.282752037047	1.9547604e-14
4868.626039266585	1.9404136e-14
4871.969326496123	1.8265593e-14
4875.312613725661	1.7250458e-14
4878.655900955199	1.5970708e-14
4881.999188184737	1.505514e-14
4885.342475414275	1.4434678e-14
4888.685762643813	1.4117585e-14
4892.029049873351	1.4512829e-14
4895.372337102889	1.5286038e-14
4898.715624332427	1.6317117e-14
4902.058911561965	1.7733282e-14
4905.402198791503	1.9709737e-14
4908.745486021041	2.2157274e-14
4912.088773250579	2.5296056e-14
4915.432060480117	2.8711727e-14
4918.775347709655	3.2313927e-14
4922.118634939193	3.563409e-14
4925.461922168731	3.8321675e-14
4928.805209398269	4.045355e-14
4932.148496627807	4.132241e-14
4935.491783857345	4.1827266e-14
4938.835071086883	4.166597e-14
4942.178358316421	4.10539e-14
4945.521645545959	3.977332e-14
4948.8649327754965	3.8278998e-14
4952.2082200050345	3.6197248e-14
4955.5515072345725	3.2980485e-14
4958.89479446411	2.9511577e-14
4962.238081693648	2.5592394e-14
4965.581368923186	2.201451e-14
4968.924656152724	1.883494e-14
4972.267943382262	1.6259231e-14
4975.6112306118	1.468182e-14
4978.954517841338	1.3815994e-14
4982.297805070876	1.3833637e-14
4985.641092300414	1.4295738e-14
4988.984379529952	1.5361707e-14
4992.32766675949	1.7100584e-14
4995.670953989028	1.9089981e-14
4999.014241218566	2.1179276e-14
5002.357528448104	2.341009e-14
5005.700815677642	2.6190411e-14
5009.04410290718	2.8938433e-14
5012.387390136718	3.1516517e-14
5015.730677366256	3.451633e-14
5019.073964595794	3.7405737e-14
5022.417251825332	4.040417e-14
5025.76053905487	4.2099923e-14
5029.103826284408	4.3633113e-14
5032.447113513946	4.4014373e-14
5035.790400743484	4.4104257e-14
5039.133687973022	4.284787e-14
5042.4769752025595	4.1507152e-14
5045.8202624320975	3.9124357e-14
5049.163549661635	3.6787695e-14
5052.506836891173	3.436439e-14
5055.850124120711	3.247102e-14
5059.193411350249	3.087927e-14
5062.536698579787	2.9583906e-14
5065.879985809325	2.9092383e-14
5069.223273038863	2.9000572e-14
5072.566560268401	2.892463e-14
5075.909847497939	2.8894015e-14
5079.253134727477	2.8588612e-14
5082.596421957015	2.7917213e-14
5085.939709186553	2.6804319e-14
5089.282996416091	2.5340693e-14
5092.626283645629	2.3690768e-14
5095.969570875167	2.175353e-14
5099.312858104705	1.9302927e-14
5102.656145334243	1.7021452e-14
5105.999432563781	1.4991768e-14
5109.342719793319	1.3159669e-14
5112.686007022857	1.1604045e-14
5116.029294252395	1.03682135e-14
5119.372581481933	9.682648e-15
5122.715868711471	9.018242e-15
5126.059155941009	8.783836e-15
5129.402443170547	8.850635e-15
5132.7457304000845	9.180469e-15
5136.0890176296225	9.745399e-15
5139.4323048591605	1.0319956e-14
5142.775592088698	1.0855098e-14
5146.118879318236	1.168761e-14
5149.462166547774	1.2572243e-14
5152.805453777312	1.3501259e-14
5156.14874100685	1.4298011e-14
5159.492028236388	1.535903e-14
5162.835315465926	1.6546756e-14
5166.178602695464	1.7423134e-14
5169.521889925002	1.8334626e-14
5172.86517715454	1.908839e-14
5176.208464384078	1.9970282e-14
5179.551751613616	2.067183e-14
5182.895038843154	2.110835e-14
5186.238326072692	2.1469063e-14
5189.58161330223	2.1586321e-14
5192.924900531768	2.143494e-14
5196.268187761306	2.1117131e-14
5199.611474990844	2.0805348e-14
5202.954762220381	2.0506024e-14
5206.298049449919	2.0257181e-14
5209.641336679457	2.0004989e-14
5212.984623908995	1.9815164e-14
5216.327911138533	2.0136211e-14
5219.671198368071	2.0470267e-14
5223.014485597609	2.1019131e-14
5226.357772827147	2.1221018e-14
5229.701060056685	2.153835e-14
5233.044347286223	2.1270483e-14
5236.3876345157605	2.1238169e-14
5239.7309217452985	2.1084393e-14
5243.074208974836	2.138546e-14
5246.417496204374	2.1457066e-14
5249.760783433912	2.234826e-14
5253.10407066345	2.2971022e-14
5256.447357892988	2.363033e-14
5259.790645122526	2.4267553e-14
5263.133932352064	2.4552824e-14
5266.477219581602	2.4507367e-14
5269.82050681114	2.3818282e-14
5273.163794040678	2.3239096e-14
5276.507081270216	2.228577e-14
5279.850368499754	2.1378388e-14
5283.193655729292	2.0541952e-14
5286.53694295883	1.9938198e-14
5289.880230188368	1.9627578e-14
5293.223517417906	2.0079387e-14
5296.566804647444	2.0624036e-14
5299.910091876982	2.1510813e-14
5303.25337910652	2.2473539e-14
5306.596666336058	2.3673543e-14
5309.939953565596	2.4450224e-14
5313.283240795134	2.5355777e-14
5316.626528024672	2.6429281e-14
5319.96981525421	2.7533026e-14
5323.313102483748	2.8030468e-14
5326.6563897132855	2.895505e-14
5329.9996769428235	2.9225642e-14
5333.3429641723615	2.8587355e-14
5336.686251401899	2.7854836e-14
5340.029538631437	2.7234725e-14
5343.372825860975	2.6808672e-14
5346.716113090513	2.6990234e-14
5350.059400320051	2.7159837e-14
5353.402687549589	2.7908809e-14
5356.745974779127	2.8618e-14
5360.089262008665	2.8918728e-14
5363.432549238203	2.915914e-14
5366.775836467741	2.9327255e-14
5370.119123697279	2.9381628e-14
5373.462410926817	2.9074297e-14
5376.805698156355	2.927496e-14
5380.148985385893	2.8950536e-14
5383.492272615431	2.8627433e-14
5386.835559844969	2.8183625e-14
5390.178847074507	2.7614624e-14
5393.522134304045	2.752437e-14
5396.865421533583	2.7310658e-14
5400.208708763121	2.7393064e-14
5403.551995992659	2.8003089e-14
5406.895283222197	2.9112878e-14
5410.238570451735	3.0416804e-14
5413.581857681273	3.2241828e-14
5416.925144910811	3.42689e-14
5420.2684321403485	3.6170973e-14
5423.6117193698865	3.834115e-14
5426.955006599424	3.983583e-14
5430.298293828962	4.142235e-14
5433.6415810585	4.2240984e-14
5436.984868288038	4.2912973e-14
5440.328155517576	4.3349195e-14
5443.671442747114	4.303143e-14
5447.014729976652	4.2139306e-14
5450.35801720619	4.1243674e-14
5453.701304435728	4.0023093e-14
5457.044591665266	3.8520995e-14
5460.387878894804	3.7272367e-14
5463.731166124342	3.6154114e-14
5467.07445335388	3.5064294e-14
5470.417740583418	3.4158643e-14
5473.761027812956	3.331013e-14
5477.104315042494	3.2277376e-14
5480.447602272032	3.1406857e-14
5483.79088950157	3.0300506e-14
5487.134176731108	2.9352497e-14
5490.477463960646	2.8272693e-14
5493.820751190184	2.7279404e-14
5497.164038419722	2.6711453e-14
5500.50732564926	2.647632e-14
5503.850612878798	2.667081e-14
5507.193900108336	2.7546162e-14
5510.537187337874	2.898207e-14
5513.8804745674115	3.1291826e-14
5517.2237617969495	3.433084e-14
5520.567049026487	3.750362e-14
5523.910336256025	4.077029e-14
5527.253623485563	4.3955792e-14
5530.596910715101	4.6397378e-14
5533.940197944639	4.7702073e-14
5537.283485174177	4.9042378e-14
5540.626772403715	4.9446612e-14
5543.970059633253	4.9640203e-14
5547.313346862791	4.888684e-14
5550.656634092329	4.8361912e-14
5553.999921321867	4.7319028e-14
5557.343208551405	4.6062824e-14
5560.686495780943	4.492848e-14
5564.029783010481	4.3848016e-14
5567.373070240019	4.2561593e-14
5570.716357469557	4.147499e-14
5574.059644699095	4.0675108e-14
5577.402931928633	3.9626048e-14
5580.746219158171	3.907738e-14
5584.089506387709	3.8447374e-14
5587.432793617247	3.7496956e-14
5590.776080846785	3.620218e-14
5594.119368076323	3.484988e-14
5597.462655305861	3.3653334e-14
5600.805942535399	3.1765396e-14
5604.1492297649365	3.017905e-14
5607.4925169944745	2.8192489e-14
5610.8358042240125	2.6440142e-14
5614.17909145355	2.4382834e-14
5617.522378683088	2.2534863e-14
5620.865665912626	2.136881e-14
5624.208953142164	2.0209954e-14
5627.552240371702	1.9534194e-14
5630.89552760124	1.932002e-14
5634.238814830778	1.951651e-14
5637.582102060316	2.03316e-14
5640.925389289854	2.1287093e-14
5644.268676519392	2.2745943e-14
5647.61196374893	2.4583788e-14
5650.955250978468	2.6686947e-14
5654.298538208006	2.8727932e-14
5657.641825437544	3.075349e-14
5660.985112667082	3.2746402e-14
5664.32839989662	3.4574055e-14
5667.671687126158	3.676359e-14
5671.014974355696	3.8436593e-14
5674.358261585234	4.0206662e-14
5677.701548814772	4.162302e-14
5681.04483604431	4.271151e-14
5684.388123273848	4.3062172e-14
5687.731410503386	4.311064e-14
5691.074697732924	4.2612903e-14
5694.417984962462	4.1868036e-14
5697.7612721919995	4.103598e-14
5701.1045594215375	3.9967012e-14
5704.447846651075	3.9196033e-14
5707.791133880613	3.804805e-14
5711.134421110151	3.6875003e-14
5714.477708339689	3.5633355e-14
5717.820995569227	3.457237e-14
5721.164282798765	3.3587482e-14
5724.507570028303	3.2533712e-14
5727.850857257841	3.0860443e-14
5731.194144487379	2.968403e-14
5734.537431716917	2.7881218e-14
5737.880718946455	2.6257035e-14
5741.224006175993	2.438339e-14
5744.567293405531	2.2320885e-14
5747.910580635069	2.039618e-14
5751.253867864607	1.8458496e-14
5754.597155094145	1.6811246e-14
5757.940442323683	1.5255177e-14
5761.283729553221	1.3841787e-14
5764.627016782759	1.25683714e-14
5767.970304012297	1.1286321e-14
5771.313591241835	1.04569224e-14
5774.656878471373	9.590747e-15
5778.000165700911	8.918542e-15
5781.343452930449	8.422735e-15
5784.686740159987	8.017251e-15
5788.030027389525	7.810651e-15
5791.3733146190625	7.743766e-15
5794.7166018486005	7.651578e-15
5798.059889078138	7.668007e-15
5801.403176307676	7.8275145e-15
5804.746463537214	8.072588e-15
5808.089750766752	8.381022e-15
5811.43303799629	8.736117e-15
5814.776325225828	9.306513e-15
5818.119612455366	9.760589e-15
5821.462899684904	1.0286034e-14
5824.806186914442	1.0969037e-14
5828.14947414398	1.1649085e-14
5831.492761373518	1.2319033e-14
5834.836048603056	1.3078839e-14
5838.179335832594	1.40896435e-14
5841.522623062132	1.5141702e-14
5844.86591029167	1.6077705e-14
5848.209197521208	1.7287843e-14
5851.552484750746	1.862039e-14
5854.895771980284	2.0126726e-14
5858.239059209822	2.183323e-14
5861.58234643936	2.3804223e-14
5864.925633668898	2.601098e-14
5868.268920898436	2.849063e-14
5871.612208127974	3.1380938e-14
5874.955495357512	3.4606968e-14
5878.29878258705	3.8413252e-14
5881.6420698165875	4.262039e-14
5884.9853570461255	4.7147846e-14
5888.3286442756635	5.1111354e-14
5891.671931505201	5.418126e-14
5895.015218734739	5.6880844e-14
5898.358505964277	5.814632e-14
5901.701793193815	5.851082e-14
5905.045080423353	5.8820895e-14
5908.388367652891	5.939779e-14
5911.731654882429	5.998585e-14
5915.074942111967	6.039585e-14
5918.418229341505	6.024312e-14
5921.761516571043	5.9889336e-14
5925.104803800581	5.906976e-14
5928.448091030119	5.7979005e-14
5931.791378259657	5.708619e-14
5935.134665489195	5.5919384e-14
5938.477952718733	5.4480634e-14
5941.821239948271	5.3116687e-14
5945.164527177809	5.229705e-14
5948.507814407347	5.1171483e-14
5951.851101636885	5.0100308e-14
5955.194388866423	4.905349e-14
5958.537676095961	4.7973744e-14
5961.880963325499	4.676651e-14
5965.224250555037	4.5464626e-14
5968.567537784575	4.481764e-14
5971.910825014113	4.412296e-14
5975.2541122436505	4.3771017e-14
5978.5973994731885	4.398243e-14
5981.940686702726	4.44173e-14
5985.283973932264	4.459029e-14
5988.627261161802	4.4703854e-14
5991.97054839134	4.427451e-14
5995.313835620878	4.3683434e-14
5998.657122850416	4.3254747e-14
6002.000410079954	4.223813e-14
6005.343697309492	4.1690514e-14
6008.68698453903	4.141367e-14
6012.030271768568	4.0518204e-14
6015.373558998106	3.989852e-14
6018.716846227644	3.947461e-14
6022.060133457182	3.9099542e-14
6025.40342068672	3.8627047e-14
6028.746707916258	3.8118234e-14
6032.089995145796	3.7598613e-14
6035.433282375334	3.7090644e-14
6038.776569604872	3.6491765e-14
6042.11985683441	3.6123008e-14
6045.463144063948	3.5978334e-14
6048.806431293486	3.556772e-14
6052.149718523024	3.4911215e-14
6055.493005752562	3.4667693e-14
6058.8362929821	3.4212613e-14
6062.179580211638	3.3684752e-14
6065.522867441176	3.332698e-14
6068.8661546707135	3.2972702e-14
6072.2094419002515	3.2414626e-14
6075.552729129789	3.210078e-14
6078.896016359327	3.1441446e-14
6082.239303588865	3.0201688e-14
6085.582590818403	2.9045177e-14
6088.925878047941	2.7579093e-14
6092.269165277479	2.643312e-14
6095.612452507017	2.534279e-14
6098.955739736555	2.46173e-14
6102.299026966093	2.4330794e-14
6105.642314195631	2.4265295e-14
6108.985601425169	2.4318941e-14
6112.328888654707	2.458358e-14
6115.672175884245	2.4724502e-14
6119.015463113783	2.5355726e-14
6122.358750343321	2.6358629e-14
6125.702037572859	2.7361399e-14
6129.045324802397	2.901626e-14
6132.388612031935	3.1155227e-14
6135.731899261473	3.3357404e-14
6139.075186491011	3.534299e-14
6142.418473720549	3.7504935e-14
6145.761760950087	3.9662633e-14
6149.105048179625	4.0965525e-14
6152.448335409163	4.2202526e-14
6155.7916226387	4.2749353e-14
6159.134909868238	4.2789275e-14
6162.478197097776	4.293338e-14
6165.821484327314	4.2590077e-14
6169.1647715568515	4.2194963e-14
6172.5080587863895	4.1579096e-14
6175.851346015927	4.091549e-14
6179.194633245465	3.9873544e-14
6182.537920475003	3.9080288e-14
6185.881207704541	3.7750212e-14
6189.224494934079	3.612132e-14
6192.567782163617	3.4784584e-14
6195.911069393155	3.3249716e-14
6199.254356622693	3.1604365e-14
6202.597643852231	3.0044977e-14
6205.94093108177	2.8426483e-14
6209.284218311308	2.712856e-14
6212.627505540846	2.5955212e-14
6215.970792770384	2.5190223e-14
6219.314079999922	2.487298e-14
6222.65736722946	2.5491223e-14
6226.000654458998	2.6655935e-14
6229.343941688536	2.849855e-14
6232.687228918074	3.078921e-14
6236.030516147612	3.3677505e-14
6239.37380337715	3.6062357e-14
6242.717090606688	3.7725858e-14
6246.060377836226	3.8854038e-14
6249.403665065763	3.947996e-14
6252.746952295301	3.9762217e-14
6256.090239524839	3.9681322e-14
6259.4335267543765	3.9456814e-14
6262.7768139839145	3.9025386e-14
6266.1201012134525	3.8315508e-14
6269.46338844299	3.781166e-14
6272.806675672528	3.7286116e-14
6276.149962902066	3.703381e-14
6279.493250131604	3.698656e-14
6282.836537361142	3.7207752e-14
6286.17982459068	3.7319015e-14
6289.523111820218	3.637186e-14
6292.866399049756	3.5941e-14
6296.209686279294	3.55454e-14
6299.552973508832	3.538121e-14
6302.89626073837	3.597399e-14
6306.239547967908	3.6560226e-14
6309.582835197446	3.7343955e-14
6312.926122426984	3.7478992e-14
6316.269409656522	3.7831913e-14
6319.61269688606	3.749711e-14
6322.955984115598	3.6492006e-14
6326.299271345136	3.5648672e-14
6329.642558574674	3.4774575e-14
6332.985845804212	3.4585063e-14
6336.32913303375	3.4402145e-14
6339.672420263288	3.4821074e-14
6343.015707492826	3.5274856e-14
6346.358994722364	3.4766613e-14
6349.702281951902	3.482286e-14
6353.0455691814395	3.442333e-14
6356.3888564109775	3.3722296e-14
6359.7321436405155	3.4162065e-14
6363.075430870053	3.4041404e-14
6366.418718099591	3.4152938e-14
6369.762005329129	3.4086076e-14
6373.105292558667	3.37453e-14
6376.448579788205	3.322809e-14
6379.791867017743	3.244368e-14
6383.135154247281	3.130937e-14
6386.478441476819	2.9979908e-14
6389.821728706357	2.8211025e-14
6393.165015935895	2.696062e-14
6396.508303165433	2.5481223e-14
6399.851590394971	2.409002e-14
6403.194877624509	2.273468e-14
6406.538164854047	2.1554115e-14
6409.881452083585	2.0423113e-14
6413.224739313123	1.8891647e-14
6416.568026542661	1.7430888e-14
6419.911313772199	1.6042292e-14
6423.254601001737	1.445736e-14
6426.597888231275	1.31274e-14
6429.941175460813	1.1747575e-14
6433.284462690351	1.0601299e-14
6436.627749919889	9.697546e-15
6439.971037149427	8.973992e-15
6443.314324378965	8.5018e-15
6446.6576116085025	8.248756e-15
6450.0008988380405	8.060604e-15
6453.344186067578	7.955638e-15
6456.687473297116	8.093641e-15
6460.030760526654	8.1508515e-15
6463.374047756192	8.359648e-15
6466.71733498573	8.919678e-15
6470.060622215268	9.316349e-15
6473.403909444806	9.891879e-15
6476.747196674344	1.05454255e-14
6480.090483903882	1.16210904e-14
6483.43377113342	1.2780212e-14
6486.777058362958	1.4182322e-14
6490.120345592496	1.5754494e-14
6493.463632822034	1.7774905e-14
6496.806920051572	2.0002654e-14
6500.15020728111	2.2800308e-14
6503.493494510648	2.5658417e-14
6506.836781740186	2.868142e-14
6510.180068969724	3.163931e-14
6513.523356199262	3.4449372e-14
6516.8666434288	3.7263907e-14
6520.209930658338	4.0153695e-14
6523.553217887876	4.3717596e-14
6526.896505117414	4.7654846e-14
6530.239792346952	5.2328103e-14
6533.58307957649	5.7959015e-14
6536.9263668060275	6.3861534e-14
6540.2696540355655	7.032205e-14
6543.6129412651035	7.692209e-14
6546.956228494641	8.261411e-14
6550.299515724179	8.8156126e-14
6553.642802953717	9.220653e-14
6556.986090183255	9.5683024e-14
6560.329377412793	9.799221e-14
6563.672664642331	9.9175374e-14
6567.015951871869	9.981384e-14
6570.359239101407	9.942814e-14
6573.702526330945	9.833028e-14
6577.045813560483	9.667531e-14
6580.389100790021	9.5219554e-14
6583.732388019559	9.3481395e-14
6587.075675249097	9.133758e-14
6590.418962478635	9.007303e-14
6593.762249708173	8.8984646e-14
6597.105536937711	8.759265e-14
6600.448824167249	8.6561726e-14
6603.792111396787	8.520816e-14
6607.135398626325	8.3413474e-14
6610.478685855863	8.1376156e-14
6613.821973085401	7.91672e-14
6617.165260314939	7.6882924e-14
6620.508547544477	7.4541075e-14
6623.851834774015	7.228324e-14
6627.195122003553	6.999798e-14
6630.53840923309	6.7506886e-14
6633.881696462628	6.51003e-14
6637.224983692166	6.313955e-14
6640.5682709217035	6.081813e-14
6643.9115581512415	5.884613e-14
6647.254845380779	5.6531846e-14
6650.598132610317	5.4601756e-14
6653.941419839855	5.285477e-14
6657.284707069393	5.0801736e-14
6660.627994298931	4.941925e-14
6663.971281528469	4.805839e-14
6667.314568758007	4.6964247e-14
6670.657855987545	4.6416708e-14
6674.001143217083	4.578215e-14
6677.344430446621	4.4790398e-14
6680.687717676159	4.389468e-14
6684.031004905697	4.3033675e-14
6687.374292135235	4.2090212e-14
6690.717579364773	4.0960016e-14
6694.060866594311	4.0281312e-14
6697.404153823849	3.9843613e-14
6700.747441053387	3.881788e-14
6704.090728282925	3.84039e-14
6707.434015512463	3.7994405e-14
6710.777302742001	3.7740027e-14
6714.120589971539	3.7185505e-14
6717.463877201077	3.702587e-14
6720.807164430615	3.6539328e-14
6724.150451660153	3.6127422e-14
6727.493738889691	3.5645264e-14
6730.8370261192285	3.500334e-14
6734.1803133487665	3.466484e-14
6737.5236005783045	3.4193602e-14
6740.866887807842	3.3682743e-14
6744.21017503738	3.3345942e-14
6747.553462266918	3.305841e-14
6750.896749496456	3.2811675e-14
6754.240036725994	3.256307e-14
6757.583323955532	3.2237373e-14
6760.92661118507	3.2067275e-14
6764.269898414608	3.1736807e-14
6767.613185644146	3.1631876e-14
6770.956472873684	3.143498e-14
6774.299760103222	3.121831e-14
6777.64304733276	3.13208e-14
6780.986334562298	3.108116e-14
6784.329621791836	3.1126045e-14
6787.672909021374	3.1123463e-14
6791.016196250912	3.133336e-14
6794.35948348045	3.1221716e-14
6797.702770709988	3.1066302e-14
6801.046057939526	3.1025936e-14
6804.389345169064	3.0869096e-14
6807.732632398602	3.06175e-14
6811.07591962814	3.0817217e-14
6814.419206857678	3.0968104e-14
6817.762494087216	3.0871403e-14
6821.105781316754	3.1068938e-14
6824.4490685462915	3.1048904e-14
6827.7923557758295	3.1017628e-14
6831.1356430053675	3.0987467e-14
6834.478930234905	3.1025177e-14
6837.822217464443	3.094786e-14
6841.165504693981	3.085339e-14
6844.508791923519	3.1033654e-14
6847.852079153057	3.121949e-14
6851.195366382595	3.0990537e-14
6854.538653612133	2.9232774e-14
6857.881940841671	2.6430711e-14
6861.225228071209	2.3692094e-14
6864.568515300747	2.1555801e-14
6867.911802530285	2.1932072e-14
6871.255089759823	2.3973118e-14
6874.598376989361	2.5442496e-14
6877.941664218899	2.6007713e-14
6881.284951448437	2.5426406e-14
6884.628238677975	2.5002617e-14
6887.971525907513	2.5215795e-14
6891.314813137051	2.5479705e-14
6894.658100366589	2.5945832e-14
6898.001387596127	2.6372583e-14
6901.344674825665	2.6997247e-14
6904.687962055203	2.7324495e-14
6908.031249284741	2.7696194e-14
6911.374536514279	2.7855654e-14
6914.717823743817	2.8119254e-14
6918.0611109733545	2.819317e-14
6921.4043982028925	2.8285446e-14
6924.74768543243	2.8167063e-14
6928.090972661968	2.8645116e-14
6931.434259891506	2.8463353e-14
6934.777547121044	2.8469448e-14
6938.120834350582	2.8580857e-14
6941.46412158012	2.8556252e-14
6944.807408809658	2.8699333e-14
6948.150696039196	2.8358673e-14
6951.493983268734	2.8394018e-14
6954.837270498272	2.83329e-14
6958.18055772781	2.8252432e-14
6961.523844957348	2.7968884e-14
6964.867132186886	2.7938143e-14
6968.210419416424	2.7843833e-14
6971.553706645962	2.7553982e-14
6974.8969938755	2.7009423e-14
6978.240281105038	2.6715074e-14
6981.583568334576	2.6865456e-14
6984.926855564114	2.7149654e-14
6988.270142793652	2.7934037e-14
6991.61343002319	2.8844653e-14
6994.956717252728	2.9745134e-14
6998.300004482266	3.0692324e-14
7001.643291711804	3.1259805e-14
7004.986578941342	3.1648224e-14
7008.3298661708795	3.188405e-14
7011.6731534004175	3.2058784e-14
7015.0164406299555	3.210415e-14
7018.359727859493	3.2097453e-14
7021.703015089031	3.193729e-14
7025.046302318569	3.1815984e-14
7028.389589548107	3.162139e-14
7031.732876777645	3.1461924e-14
7035.076164007183	3.1406982e-14
7038.419451236721	3.067892e-14
7041.762738466259	3.0992393e-14
7045.106025695797	3.0975836e-14
7048.449312925335	3.0504425e-14
7051.792600154873	3.056605e-14
7055.135887384411	3.058594e-14
7058.479174613949	3.0591232e-14
7061.822461843487	3.057024e-14
7065.165749073025	3.0570168e-14
7068.509036302563	3.041999e-14
7071.852323532101	3.0417502e-14
7075.195610761639	3.0328716e-14
7078.538897991177	3.030209e-14
7081.882185220715	3.0232537e-14
7085.225472450253	3.00861e-14
7088.568759679791	2.972585e-14
7091.912046909329	2.945188e-14
7095.255334138867	2.914688e-14
7098.598621368405	2.8918904e-14
7101.9419085979425	2.8789908e-14
7105.2851958274805	2.883857e-14
7108.6284830570185	2.9146455e-14
7111.971770286556	2.9254858e-14
7115.315057516094	2.956254e-14
7118.658344745632	2.9409072e-14
7122.00163197517	2.965664e-14
7125.344919204708	2.9608555e-14
7128.688206434246	2.9644893e-14
7132.031493663784	2.959915e-14
7135.374780893322	2.9597334e-14
7138.71806812286	2.942105e-14
7142.061355352398	2.9412707e-14
7145.404642581936	2.8988134e-14
7148.747929811474	2.9015998e-14
7152.091217041012	2.865727e-14
7155.43450427055	2.8036025e-14
7158.777791500088	2.765523e-14
7162.121078729626	2.7203603e-14
7165.464365959164	2.6578342e-14
7168.807653188702	2.6281474e-14
7172.15094041824	2.593805e-14
7175.494227647778	2.5656721e-14
7178.837514877316	2.5397951e-14
7182.180802106854	2.5252942e-14
7185.524089336392	2.5125355e-14
7188.86737656593	2.511982e-14
7192.210663795468	2.5117983e-14
7195.5539510250055	2.5364945e-14
7198.8972382545435	2.5886447e-14
7202.240525484081	2.708387e-14
7205.583812713619	2.8264558e-14
7208.927099943157	2.945159e-14
7212.270387172695	3.0636728e-14
7215.613674402233	3.1384942e-14
7218.956961631771	3.2040922e-14
7222.300248861309	3.2028443e-14
7225.643536090847	3.1915897e-14
7228.986823320385	3.165134e-14
7232.330110549923	3.1570463e-14
7235.673397779461	3.160554e-14
7239.016685008999	3.1146696e-14
7242.359972238537	3.1096968e-14
7245.703259468075	3.117052e-14
7249.046546697613	3.096796e-14
7252.389833927151	3.0667943e-14
7255.733121156689	3.0800358e-14
7259.076408386227	3.0760757e-14
7262.419695615765	3.038737e-14
7265.762982845303	3.0189623e-14
7269.106270074841	3.0124225e-14
7272.449557304379	3.022439e-14
7275.792844533917	3.047931e-14
7279.136131763455	3.080739e-14
7282.479418992993	3.0383943e-14
7285.8227062225305	3.0655928e-14
7289.1659934520685	3.1291267e-14
7292.5092806816065	3.1962907e-14
7295.852567911144	3.2816154e-14
7299.195855140682	3.3614614e-14
7302.53914237022	3.4753206e-14
7305.882429599758	3.5689347e-14
7309.225716829296	3.6706122e-14
7312.569004058834	3.7750547e-14
7315.912291288372	3.817323e-14
7319.25557851791	3.8391016e-14
7322.598865747448	3.84601e-14
7325.942152976986	3.8339063e-14
7329.285440206524	3.8026694e-14
7332.628727436062	3.8017383e-14
7335.9720146656	3.7702314e-14
7339.315301895138	3.774378e-14
7342.658589124676	3.771448e-14
7346.001876354214	3.8023238e-14
7349.345163583752	3.779887e-14
7352.68845081329	3.7653057e-14
7356.031738042828	3.714766e-14
7359.375025272366	3.669262e-14
7362.718312501904	3.645162e-14
7366.061599731442	3.5796175e-14
7369.40488696098	3.543802e-14
7372.748174190518	3.5005334e-14
7376.091461420056	3.4490338e-14
7379.4347486495935	3.392686e-14
7382.7780358791315	3.326986e-14
7386.1213231086695	3.2760083e-14
7389.464610338207	3.201831e-14
7392.807897567745	3.184475e-14
7396.151184797283	3.141641e-14
7399.494472026821	3.0977763e-14
7402.837759256359	3.0619326e-14
7406.181046485897	3.0454622e-14
7409.524333715435	3.02342e-14
7412.867620944973	3.014112e-14
7416.210908174511	3.0073973e-14
7419.554195404049	2.9769864e-14
7422.897482633587	2.973837e-14
7426.240769863125	2.927088e-14
7429.584057092663	2.9144144e-14
7432.927344322201	2.9169104e-14
7436.270631551739	2.9185235e-14
7439.613918781277	2.9659336e-14
7442.957206010815	3.0256542e-14
7446.300493240353	3.0793913e-14
7449.643780469891	3.1582525e-14
7452.987067699429	3.246235e-14
7456.330354928967	3.31842e-14
7459.673642158505	3.376977e-14
7463.016929388043	3.441534e-14
7466.360216617581	3.471648e-14
7469.703503847119	3.472215e-14
7473.0467910766565	3.466803e-14
7476.3900783061945	3.4679914e-14
7479.733365535732	3.4384008e-14
7483.07665276527	3.391431e-14
7486.419939994808	3.3217715e-14
7489.763227224346	3.2687015e-14
7493.106514453884	3.223345e-14
7496.449801683422	3.1799243e-14
7499.79308891296	3.1416787e-14
7503.136376142498	3.1351627e-14
7506.479663372036	3.1155285e-14
7509.822950601574	3.1532265e-14
7513.166237831112	3.1370363e-14
7516.50952506065	3.1276044e-14
7519.852812290188	3.1451296e-14
7523.196099519726	3.1568284e-14
7526.539386749264	3.1460633e-14
7529.882673978802	3.1444885e-14
7533.22596120834	3.114143e-14
7536.569248437878	3.0834506e-14
7539.912535667416	3.0210894e-14
7543.255822896954	2.978067e-14
7546.599110126492	2.9377877e-14
7549.94239735603	2.8815803e-14
7553.285684585568	2.846873e-14
7556.628971815106	2.7982511e-14
7559.972259044644	2.7800878e-14
7563.3155462741815	2.7302333e-14
7566.6588335037195	2.702641e-14
7570.0021207332575	2.6588112e-14
7573.345407962795	2.6239205e-14
7576.688695192333	2.5965956e-14
7580.031982421871	2.4263254e-14
7583.375269651409	2.0509356e-14
7586.718556880947	1.5608276e-14
7590.061844110485	1.01210485e-14
7593.405131340023	5.7394614e-15
7596.748418569561	3.9184146e-15
7600.091705799099	4.138026e-15
7603.434993028637	6.5035423e-15
7606.778280258175	9.6795546e-15
7610.121567487713	1.184655e-14
7613.464854717251	1.27228965e-14
7616.808141946789	1.1600419e-14
7620.151429176327	9.6199455e-15
7623.494716405865	9.119438e-15
7626.838003635403	9.637305e-15
7630.181290864941	1.0473053e-14
7633.524578094479	1.1586931e-14
7636.867865324017	1.2831083e-14
7640.211152553555	1.4315963e-14
7643.554439783093	1.599313e-14
7646.897727012631	1.7751888e-14
7650.241014242169	1.9361278e-14
7653.584301471707	2.0670213e-14
7656.9275887012445	2.2015467e-14
7660.2708759307825	2.3023968e-14
7663.6141631603205	2.3582581e-14
7666.957450389858	2.4382518e-14
7670.300737619396	2.4822907e-14
7673.644024848934	2.5059517e-14
7676.987312078472	2.5149962e-14
7680.33059930801	2.547144e-14
7683.673886537548	2.5608417e-14
7687.017173767086	2.6054374e-14
7690.360460996624	2.6912425e-14
7693.703748226162	2.7932328e-14
7697.0470354557	2.9037363e-14
7700.390322685238	3.002588e-14
7703.733609914776	3.0759995e-14
7707.076897144314	3.1400955e-14
7710.420184373852	3.1747266e-14
7713.76347160339	3.187588e-14
7717.106758832928	3.1762912e-14
7720.450046062466	3.1248363e-14
7723.793333292004	3.0685147e-14
7727.136620521542	2.959892e-14
7730.47990775108	2.8489963e-14
7733.823194980618	2.741096e-14
7737.166482210156	2.602627e-14
7740.509769439694	2.4678944e-14
7743.853056669232	2.3615955e-14
7747.19634389877	2.3001529e-14
7750.5396311283075	2.288858e-14
7753.8829183578455	2.3672785e-14
7757.226205587383	2.488798e-14
7760.569492816921	2.656453e-14
7763.912780046459	2.8318565e-14
7767.256067275997	2.9945264e-14
7770.599354505534	3.0944004e-14
7773.942641735072	3.1954833e-14
7777.28592896461	3.2790875e-14
7780.629216194148	3.2883184e-14
7783.972503423686	3.320731e-14
7787.315790653224	3.3229296e-14
7790.659077882762	3.3137057e-14
7794.0023651123	3.298772e-14
7797.345652341838	3.2630796e-14
7800.688939571376	3.2281262e-14
7804.032226800914	3.2067156e-14
7807.375514030452	3.1616718e-14
7810.71880125999	3.128584e-14
7814.062088489528	3.0865755e-14
7817.405375719066	3.0597764e-14
7820.748662948604	3.023274e-14
7824.091950178142	2.9951383e-14
7827.43523740768	2.9675173e-14
7830.778524637218	2.9581707e-14
7834.121811866756	2.9325348e-14
7837.465099096294	2.9306842e-14
7840.808386325832	2.8796132e-14
7844.15167355537	2.833924e-14
7847.494960784908	2.8059068e-14
7850.8382480144455	2.772613e-14
7854.1815352439835	2.7276126e-14
7857.524822473521	2.7334548e-14
7860.868109703059	2.7046614e-14
7864.211396932597	2.6919295e-14
7867.554684162135	2.6823831e-14
7870.897971391673	2.6827414e-14
7874.241258621211	2.6931103e-14
7877.584545850749	2.671511e-14
7880.927833080287	2.6619366e-14
7884.271120309825	2.665614e-14
7887.614407539363	2.6864433e-14
7890.957694768901	2.6861825e-14
7894.300981998439	2.6782257e-14
7897.644269227977	2.7122801e-14
7900.987556457515	2.7103516e-14
7904.330843687053	2.6863108e-14
7907.674130916591	2.6802716e-14
7911.017418146129	2.660451e-14
7914.360705375667	2.6476393e-14
7917.703992605205	2.645575e-14
7921.047279834743	2.6342398e-14
7924.390567064281	2.6229385e-14
7927.733854293819	2.5998568e-14
7931.077141523357	2.584829e-14
7934.420428752895	2.5870063e-14
7937.763715982433	2.5848364e-14
7941.107003211971	2.5844307e-14
7944.4502904415085	2.59843e-14
7947.7935776710465	2.6002807e-14
7951.136864900584	2.5994872e-14
7954.480152130122	2.5801623e-14
7957.82343935966	2.5914948e-14
7961.166726589198	2.5830282e-14
7964.510013818736	2.5721843e-14
7967.853301048274	2.5802404e-14
7971.196588277812	2.5764794e-14
7974.53987550735	2.5693296e-14
7977.883162736888	2.5812036e-14
7981.226449966426	2.5926884e-14
7984.569737195964	2.542791e-14
7987.913024425502	2.552838e-14
7991.25631165504	2.5252373e-14
7994.599598884578	2.5324417e-14
7997.942886114116	2.5376673e-14
8001.286173343654	2.507942e-14
8004.629460573192	2.5212474e-14
8007.97274780273	2.5183348e-14
8011.316035032268	2.5382625e-14
8014.659322261806	2.5257592e-14
8018.002609491344	2.512046e-14
8021.345896720882	2.5085584e-14
8024.68918395042	2.5210126e-14
8028.032471179958	2.507011e-14
8031.375758409496	2.5038064e-14
8034.7190456390335	2.5072377e-14
8038.0623328685715	2.491778e-14
8041.4056200981095	2.4780396e-14
8044.748907327647	2.4800467e-14
8048.092194557185	2.4790276e-14
8051.435481786723	2.4602543e-14
8054.778769016261	2.4557254e-14
8058.122056245799	2.4542686e-14
8061.465343475337	2.4409736e-14
8064.808630704875	2.439645e-14
8068.151917934413	2.434909e-14
8071.495205163951	2.4197083e-14
8074.838492393489	2.4076915e-14
8078.181779623027	2.3812144e-14
8081.525066852565	2.387615e-14
8084.868354082103	2.3596632e-14
8088.211641311641	2.3320277e-14
8091.554928541179	2.3284461e-14
8094.898215770717	2.3068117e-14
8098.241503000255	2.271563e-14
8101.584790229793	2.2512515e-14
8104.928077459331	2.2510046e-14
8108.271364688869	2.228472e-14
8111.614651918407	2.2127399e-14
8114.957939147945	2.180122e-14
8118.301226377483	2.1487652e-14
8121.644513607021	2.1303954e-14
8124.987800836559	2.1029929e-14
8128.3310880660965	2.0808645e-14
8131.6743752956345	2.0443328e-14
8135.017662525172	2.0103866e-14
8138.36094975471	1.962894e-14
8141.704236984248	1.9405865e-14
8145.047524213786	1.8847291e-14
8148.390811443324	1.8466343e-14
8151.734098672861	1.8019393e-14
8155.077385902399	1.7776088e-14
8158.420673131937	1.7652594e-14
8161.763960361475	1.7782732e-14
8165.107247591013	1.7948789e-14
8168.450534820551	1.8234846e-14
8171.793822050089	1.8919016e-14
8175.137109279627	1.9382868e-14
8178.480396509165	2.0203245e-14
8181.823683738703	2.0937916e-14
8185.166970968241	2.1429293e-14
8188.510258197779	2.191981e-14
8191.853545427317	2.2476609e-14
8195.196832656855	2.3106468e-14
8198.540119886393	2.3748461e-14
8201.88340711593	2.4043178e-14
8205.226694345469	2.3964075e-14
8208.569981575007	2.4365128e-14
8211.913268804545	2.4029132e-14
8215.256556034083	2.295852e-14
8218.59984326362	2.2222326e-14
8221.943130493159	2.1729597e-14
8225.286417722697	2.1717669e-14
8228.629704952235	2.2372734e-14
8231.972992181772	2.2985388e-14
8235.31627941131	2.3481197e-14
8238.659566640848	2.3773726e-14
8242.002853870386	2.388969e-14
8245.346141099924	2.3794221e-14
8248.689428329462	2.364378e-14
8252.032715559	2.3765291e-14
8255.37600278854	2.393301e-14
8258.719290018078	2.385056e-14
8262.062577247616	2.3625473e-14
8265.405864477154	2.3226968e-14
8268.749151706692	2.2599996e-14
8272.09243893623	2.2595539e-14
8275.435726165768	2.2225892e-14
8278.779013395306	2.2012021e-14
8282.122300624844	2.2091802e-14
8285.465587854382	2.1885175e-14
8288.80887508392	2.1678082e-14
8292.152162313458	2.1565303e-14
8295.495449542996	2.1654277e-14
8298.838736772534	2.1302464e-14
8302.182024002072	2.0969962e-14
8305.52531123161	2.0735109e-14
8308.868598461147	2.0136157e-14
8312.211885690685	1.9887922e-14
8315.555172920223	2.0136131e-14
8318.898460149761	2.0256237e-14
8322.2417473793	2.0705565e-14
8325.585034608837	2.1114924e-14
8328.928321838375	2.1361427e-14
8332.271609067913	2.1455609e-14
8335.614896297451	2.1048743e-14
8338.95818352699	2.1297773e-14
8342.301470756525	2.058739e-14
8345.644757986063	1.9649453e-14
8348.988045215601	1.9129607e-14
8352.33133244514	1.79417e-14
8355.674619674677	1.6945143e-14
8359.017906904215	1.5849789e-14
8362.361194133753	1.455641e-14
8365.704481363291	1.3258646e-14
8369.047768592829	1.1840804e-14
8372.391055822367	1.0388427e-14
8375.734343051905	9.250454e-15
8379.077630281443	8.1635045e-15
8382.42091751098	7.349054e-15
8385.764204740519	6.6449006e-15
8389.107491970057	5.8464154e-15
8392.450779199595	5.249578e-15
8395.794066429133	4.8040575e-15
8399.13735365867	4.7083288e-15
8402.480640888209	4.5346654e-15
8405.823928117747	4.4661413e-15
8409.167215347285	4.3627923e-15
8412.510502576823	4.4716983e-15
8415.85378980636	4.8469186e-15
8419.197077035898	4.74185e-15
8422.540364265436	4.6665836e-15
8425.883651494974	5.0160245e-15
8429.226938724512	4.9851726e-15
8432.57022595405	5.352074e-15
8435.913513183588	5.816349e-15
8439.256800413126	6.064039e-15
8442.600087642664	6.573397e-15
8445.943374872202	6.8853877e-15
8449.28666210174	7.351387e-15
8452.629949331278	7.956174e-15
8455.973236560816	8.567094e-15
8459.316523790354	9.087307e-15
8462.659811019892	9.767591e-15
8466.00309824943	1.06703315e-14
8469.346385478968	1.1735699e-14
8472.689672708506	1.2759276e-14
8476.032959938044	1.389245e-14
8479.376247167582	1.5274816e-14
8482.71953439712	1.6624133e-14
8486.062821626658	1.8157117e-14
8489.406108856196	1.9785265e-14
8492.749396085734	2.12364e-14
8496.092683315272	2.2994691e-14
8499.43597054481	2.4535556e-14
8502.779257774348	2.5898832e-14
8506.122545003886	2.7026546e-14
8509.465832233423	2.8271632e-14
8512.809119462961	2.904927e-14
8516.1524066925	2.9670707e-14
8519.495693922037	2.994756e-14
8522.838981151575	2.9591347e-14
8526.182268381113	2.9012542e-14
8529.525555610651	2.8174378e-14
8532.86884284019	2.6990837e-14
8536.212130069727	2.5782899e-14
8539.555417299265	2.41965e-14
8542.898704528803	2.2727107e-14
8546.241991758341	2.1420767e-14
8549.585278987879	2.0332379e-14
8552.928566217417	1.9354786e-14
8556.271853446955	1.8743469e-14
8559.615140676493	1.8386009e-14
8562.958427906031	1.814194e-14
8566.301715135569	1.807346e-14
8569.645002365107	1.7949292e-14
8572.988289594645	1.820684e-14
8576.331576824183	1.8339676e-14
8579.67486405372	1.8757033e-14
8583.018151283259	1.9211071e-14
8586.361438512797	1.9767496e-14
8589.704725742335	2.0410265e-14
8593.048012971873	2.1015082e-14
8596.39130020141	2.2082083e-14
8599.734587430949	2.3023989e-14
8603.077874660486	2.4121264e-14
8606.421161890024	2.5476855e-14
8609.764449119562	2.7036438e-14
8613.1077363491	2.859276e-14
8616.451023578638	3.0168583e-14
8619.794310808176	3.1698904e-14
8623.137598037714	3.3653175e-14
8626.480885267252	3.5600632e-14
8629.82417249679	3.7699573e-14
8633.167459726328	3.9661162e-14
8636.510746955866	4.1926945e-14
8639.854034185404	4.392376e-14
8643.197321414942	4.6059683e-14
8646.54060864448	4.8037915e-14
8649.883895874018	5.0372866e-14
8653.227183103556	5.221505e-14
8656.570470333094	5.362055e-14
8659.913757562632	5.4870415e-14
8663.25704479217	5.6123278e-14
8666.600332021708	5.757958e-14
8669.943619251246	5.8625874e-14
8673.286906480784	5.9590916e-14
8676.630193710322	6.040171e-14
8679.97348093986	6.089057e-14
8683.316768169398	6.1173756e-14
8686.660055398936	6.108666e-14
8690.003342628474	6.099675e-14
8693.346629858012	6.0774106e-14
8696.68991708755	6.0161525e-14
8700.033204317087	5.9249995e-14
8703.376491546625	5.8460744e-14
8706.719778776163	5.77534e-14
8710.063066005701	5.6705685e-14
8713.40635323524	5.571339e-14
8716.749640464777	5.4846613e-14
8720.092927694315	5.3717833e-14
8723.436214923853	5.2590222e-14
8726.779502153391	5.132458e-14
8730.12278938293	5.0153292e-14
8733.466076612467	4.9356498e-14
8736.809363842005	4.850349e-14
8740.152651071543	4.7695287e-14
8743.495938301081	4.723059e-14
8746.839225530619	4.6010796e-14
8750.182512760157	4.5006987e-14
8753.525799989695	4.3902565e-14
8756.869087219233	4.2878505e-14
8760.21237444877	4.173505e-14
8763.555661678309	4.107954e-14
8766.898948907847	3.932686e-14
8770.242236137385	3.805603e-14
8773.585523366923	3.726301e-14
8776.92881059646	3.6188276e-14
8780.272097825999	3.5408617e-14
8783.615385055537	3.5126592e-14
8786.958672285074	3.393471e-14
8790.301959514612	3.3855534e-14
8793.64524674415	3.3467105e-14
8796.988533973688	3.2935575e-14
8800.331821203226	3.2783184e-14
8803.675108432764	3.2451252e-14
8807.018395662302	3.1824986e-14
8810.36168289184	3.1795706e-14
8813.704970121378	3.1202996e-14
8817.048257350916	3.0144456e-14
8820.391544580454	2.98341e-14
8823.734831809992	2.904517e-14
8827.07811903953	2.8216734e-14
8830.421406269068	2.7582527e-14
8833.764693498606	2.708683e-14
8837.107980728144	2.6799558e-14
8840.451267957682	2.6181297e-14
8843.79455518722	2.5785394e-14
8847.137842416758	2.5603655e-14
8850.481129646296	2.5801572e-14
8853.824416875834	2.5713494e-14
8857.167704105372	2.53702e-14
8860.51099133491	2.541719e-14
8863.854278564448	2.5124017e-14
8867.197565793986	2.4943814e-14
8870.540853023524	2.46721e-14
8873.884140253062	2.4068987e-14
8877.2274274826	2.3163403e-14
8880.570714712137	2.1966307e-14
8883.914001941675	2.0767057e-14
8887.257289171213	2.013986e-14
8890.600576400751	1.9397027e-14
8893.94386363029	1.8747844e-14
8897.287150859827	1.8504907e-14
8900.630438089365	1.8084308e-14
8903.973725318903	1.8368651e-14
8907.317012548441	1.8944202e-14
8910.66029977798	1.926573e-14
8914.003587007517	1.968985e-14
8917.346874237055	2.0238399e-14
8920.690161466593	2.035572e-14
8924.033448696131	2.095533e-14
8927.376735925669	2.1380907e-14
8930.720023155207	2.1784888e-14
8934.063310384745	2.183373e-14
8937.406597614283	2.164004e-14
8940.74988484382	2.1365828e-14
8944.093172073359	2.125138e-14
8947.436459302897	2.0682732e-14
8950.779746532435	2.022465e-14
8954.123033761973	2.0106023e-14
8957.46632099151	1.9775394e-14
8960.809608221049	1.97582e-14
8964.152895450587	2.0065003e-14
8967.496182680125	2.033512e-14
8970.839469909663	2.0391254e-14
8974.1827571392	2.020159e-14
8977.526044368738	1.9598604e-14
8980.869331598276	1.9135626e-14
8984.212618827814	1.9149003e-14
8987.555906057352	1.9302944e-14
8990.89919328689	1.9583517e-14
8994.242480516428	1.9624207e-14
8997.585767745966	1.9196318e-14
9000.929054975504	1.9339168e-14
9004.272342205042	1.9581884e-14
9007.61562943458	1.9461815e-14
9010.958916664118	1.9003582e-14
9014.302203893656	1.8828927e-14
9017.645491123194	1.861673e-14
9020.988778352732	1.8272478e-14
9024.33206558227	1.7850857e-14
9027.675352811808	1.7147952e-14
9031.018640041346	1.6290166e-14
9034.361927270884	1.5731116e-14
9037.705214500422	1.4989195e-14
9041.04850172996	1.4717162e-14
9044.391788959498	1.4464482e-14
9047.735076189036	1.38820806e-14
9051.078363418574	1.3761683e-14
9054.421650648112	1.3399333e-14
9057.76493787765	1.2943584e-14
9061.108225107188	1.2644282e-14
9064.451512336726	1.2687392e-14
9067.794799566263	1.2791123e-14
9071.138086795801	1.319407e-14
9074.48137402534	1.3601385e-14
9077.824661254877	1.4079424e-14
9081.167948484415	1.4894219e-14
9084.511235713953	1.5369762e-14
9087.854522943491	1.6082196e-14
9091.19781017303	1.6783062e-14
9094.541097402567	1.744182e-14
9097.884384632105	1.8476706e-14
9101.227671861643	1.9415074e-14
9104.57095909118	1.9888532e-14
9107.914246320717	2.0564439e-14
9111.257533550255	2.1047549e-14
9114.600820779793	2.101194e-14
9117.944108009331	2.1063795e-14
9121.287395238869	2.072292e-14
9124.630682468407	2.0147895e-14
9127.973969697945	2.0159084e-14
9131.317256927483	2.0447203e-14
9134.660544157021	2.0638602e-14
9138.003831386559	2.0774252e-14
9141.347118616097	1.9986396e-14
9144.690405845635	1.9151266e-14
9148.033693075173	1.8717214e-14
9151.37698030471	1.8406034e-14
9154.720267534249	1.8720773e-14
9158.063554763787	1.8532806e-14
9161.406841993325	1.7797184e-14
9164.750129222863	1.6871414e-14
9168.0934164524	1.6381087e-14
9171.436703681939	1.5706015e-14
9174.779990911476	1.5616624e-14
9178.123278141014	1.5213317e-14
9181.466565370552	1.450133e-14
9184.80985260009	1.4057791e-14
9188.153139829628	1.3926072e-14
9191.496427059166	1.3440876e-14
9194.839714288704	1.3174924e-14
9198.183001518242	1.326138e-14
9201.52628874778	1.3044024e-14
9204.869575977318	1.3408423e-14
9208.212863206856	1.3893463e-14
9211.556150436394	1.431078e-14
9214.899437665932	1.4878994e-14
9218.24272489547	1.5528186e-14
9221.586012125008	1.6015997e-14
9224.929299354546	1.6414282e-14
9228.272586584084	1.6839125e-14
9231.615873813622	1.7154182e-14
9234.95916104316	1.7560968e-14
9238.302448272698	1.8050535e-14
9241.645735502236	1.8662721e-14
9244.989022731774	1.9377696e-14
9248.332309961312	1.9929564e-14
9251.67559719085	2.0688144e-14
9255.018884420388	2.123514e-14
9258.362171649926	2.1644792e-14
9261.705458879464	2.18393e-14
9265.048746109002	2.1860992e-14
9268.39203333854	2.143342e-14
9271.735320568077	2.1071366e-14
9275.078607797615	2.0613756e-14
9278.421895027153	2.028071e-14
9281.765182256691	1.9783845e-14
9285.10846948623	1.9185154e-14
9288.451756715767	1.8509181e-14
9291.795043945305	1.8069869e-14
9295.138331174843	1.7543662e-14
9298.481618404381	1.7086247e-14
9301.82490563392	1.587493e-14
9305.168192863457	1.4770181e-14
9308.511480092995	1.433597e-14
9311.854767322533	1.3226628e-14
9315.198054552071	1.3107148e-14
9318.541341781609	1.3361269e-14
9321.884629011147	1.2794805e-14
