4156.505859375	2.7107185e-13
4159.849146604538	1.7931511e-13
4163.192433834076	2.0609014e-13
4166.535721063614	1.4970237e-13
4169.879008293152	9.549807e-14
4173.22229552269	1.1049753e-13
4176.565582752228	9.2053054e-14
4179.908869981766	6.3670755e-14
4183.252157211304	5.1780506e-14
4186.595444440842	6.209736e-14
4189.93873167038	5.5470704e-14
4193.282018899918	5.0626095e-14
4196.625306129456	5.7764604e-14
4199.9685933589935	5.999961e-14
4203.3118805885315	6.197797e-14
4206.6551678180695	6.425039e-14
4209.998455047607	6.868546e-14
4213.341742277145	7.31144e-14
4216.685029506683	7.731299e-14
4220.028316736221	8.494033e-14
4223.371603965759	8.6697935e-14
4226.714891195297	8.870499e-14
4230.058178424835	8.564173e-14
4233.401465654373	8.321159e-14
4236.744752883911	7.6513604e-14
4240.088040113449	6.942546e-14
4243.431327342987	6.285502e-14
4246.774614572525	5.8643066e-14
4250.117901802063	5.488223e-14
4253.461189031601	5.333117e-14
4256.804476261139	5.0031543e-14
4260.147763490677	4.684528e-14
4263.491050720215	4.6270266e-14
4266.834337949753	4.5979805e-14
4270.177625179291	4.4698823e-14
4273.520912408829	4.4517467e-14
4276.864199638367	4.5210146e-14
4280.207486867905	4.6701236e-14
4283.550774097443	4.842031e-14
4286.894061326981	5.0077787e-14
4290.237348556519	5.3023537e-14
4293.5806357860565	5.6436918e-14
4296.9239230155945	5.948132e-14
4300.267210245132	6.276154e-14
4303.61049747467	6.608755e-14
4306.953784704208	6.946851e-14
4310.297071933746	7.1617246e-14
4313.640359163284	7.3152015e-14
4316.983646392822	7.3162356e-14
4320.32693362236	7.240524e-14
4323.670220851898	7.0707146e-14
4327.013508081436	6.869152e-14
4330.356795310974	6.5558656e-14
4333.700082540512	6.39034e-14
4337.04336977005	6.128681e-14
4340.386656999588	6.061106e-14
4343.729944229126	5.91542e-14
4347.073231458664	5.864797e-14
4350.416518688202	5.954957e-14
4353.75980591774	6.0793527e-14
4357.103093147278	6.2635586e-14
4360.446380376816	6.498647e-14
4363.789667606354	6.717446e-14
4367.132954835892	7.042853e-14
4370.47624206543	7.149557e-14
4373.819529294968	7.505992e-14
4377.162816524506	7.729165e-14
4380.506103754044	8.035478e-14
4383.8493909835815	8.243081e-14
4387.1926782131195	8.46184e-14
4390.5359654426575	8.577078e-14
4393.879252672195	8.5971e-14
4397.222539901733	8.5535915e-14
4400.565827131271	8.5137355e-14
4403.909114360809	8.47223e-14
4407.252401590347	8.436268e-14
4410.595688819885	8.380808e-14
4413.938976049423	8.382219e-14
4417.282263278961	8.3943554e-14
4420.625550508499	8.447276e-14
4423.968837738037	8.719062e-14
4427.312124967575	8.962534e-14
4430.655412197113	9.3449364e-14
4433.998699426651	9.864057e-14
4437.341986656189	1.03419226e-13
4440.685273885727	1.0745751e-13
4444.028561115265	1.08632457e-13
4447.371848344803	1.09460035e-13
4450.715135574341	1.0740041e-13
4454.058422803879	1.0399641e-13
4457.401710033417	1.00224245e-13
4460.744997262955	9.808989e-14
4464.088284492493	9.557442e-14
4467.431571722031	9.325068e-14
4470.774858951569	9.0593684e-14
4474.118146181107	8.7522234e-14
4477.4614334106445	8.383645e-14
4480.8047206401825	8.0878894e-14
4484.1480078697205	7.7614124e-14
4487.491295099258	7.513978e-14
4490.834582328796	7.323915e-14
4494.177869558334	7.144236e-14
4497.521156787872	6.98094e-14
4500.86444401741	6.823561e-14
4504.207731246948	6.733936e-14
4507.551018476486	6.759816e-14
4510.894305706024	6.76854e-14
4514.237592935562	6.837232e-14
4517.5808801651	6.993505e-14
4520.924167394638	7.2456554e-14
4524.267454624176	7.504074e-14
4527.610741853714	7.9398314e-14
4530.954029083252	8.439389e-14
4534.29731631279	8.972779e-14
4537.640603542328	9.538075e-14
4540.983890771866	1.0240674e-13
4544.327178001404	1.09450975e-13
4547.670465230942	1.1894739e-13
4551.01375246048	1.2943443e-13
4554.357039690018	1.4319725e-13
4557.700326919556	1.5977894e-13
4561.043614149093	1.7911611e-13
4564.386901378631	2.0147347e-13
4567.730188608169	2.2498491e-13
4571.073475837707	2.4838608e-13
4574.416763067245	2.6524017e-13
4577.7600502967825	2.74716e-13
4581.1033375263205	2.720604e-13
4584.4466247558585	2.6376538e-13
4587.789911985396	2.4897047e-13
4591.133199214934	2.3588567e-13
4594.476486444472	2.2584072e-13
4597.81977367401	2.2039538e-13
4601.163060903548	2.2428046e-13
4604.506348133086	2.3074029e-13
4607.849635362624	2.4331085e-13
4611.192922592162	2.5797455e-13
4614.5362098217	2.7216098e-13
4617.879497051238	2.8164493e-13
4621.222784280776	2.8383895e-13
4624.566071510314	2.7808647e-13
4627.909358739852	2.7008712e-13
4631.25264596939	2.6248654e-13
4634.595933198928	2.5758613e-13
4637.939220428466	2.5702216e-13
4641.282507658004	2.620547e-13
4644.625794887542	2.74786e-13
4647.96908211708	2.938368e-13
4651.312369346618	3.167519e-13
4654.655656576156	3.3616084e-13
4657.998943805694	3.521707e-13
4661.342231035232	3.6033958e-13
4664.68551826477	3.6540026e-13
4668.028805494308	3.641574e-13
4671.3720927238455	3.5832679e-13
4674.7153799533835	3.519528e-13
4678.058667182921	3.4494928e-13
4681.401954412459	3.4091485e-13
4684.745241641997	3.3770903e-13
4688.088528871535	3.3581013e-13
4691.431816101073	3.3465925e-13
4694.775103330611	3.2985173e-13
4698.118390560149	3.2375017e-13
4701.461677789687	3.175464e-13
4704.804965019225	3.1199853e-13
4708.148252248763	3.151874e-13
4711.491539478301	3.2119102e-13
4714.834826707839	3.2752956e-13
4718.178113937377	3.3166682e-13
4721.521401166915	3.299925e-13
4724.864688396453	3.223597e-13
4728.207975625991	3.0994808e-13
4731.551262855529	2.9640716e-13
4734.894550085067	2.820392e-13
4738.237837314605	2.6946674e-13
4741.581124544143	2.6086612e-13
4744.924411773681	2.5117893e-13
4748.267699003219	2.386983e-13
4751.610986232757	2.28717e-13
4754.954273462295	2.1803476e-13
4758.297560691833	2.084143e-13
4761.640847921371	1.9826689e-13
4764.9841351509085	1.8727164e-13
4768.3274223804465	1.7553367e-13
4771.670709609984	1.6340584e-13
4775.013996839522	1.5625599e-13
4778.35728406906	1.4945925e-13
4781.700571298598	1.4627987e-13
4785.043858528136	1.4579993e-13
4788.387145757674	1.4603784e-13
4791.730432987212	1.4691654e-13
4795.07372021675	1.4896394e-13
4798.417007446288	1.5375857e-13
4801.760294675826	1.5975116e-13
4805.103581905364	1.6796159e-13
4808.446869134902	1.7517174e-13
4811.79015636444	1.795778e-13
4815.133443593978	1.8045011e-13
4818.476730823516	1.7979357e-13
4821.820018053054	1.7775924e-13
4825.163305282592	1.7852062e-13
4828.50659251213	1.8340674e-13
4831.849879741668	1.9190078e-13
4835.193166971206	2.0289204e-13
4838.536454200744	2.1451649e-13
4841.879741430282	2.238866e-13
4845.22302865982	2.3095905e-13
4848.566315889358	2.3683624e-13
4851.909603118896	2.4383997e-13
4855.2528903484335	2.4855617e-13
4858.5961775779715	2.5115738e-13
4861.9394648075095	2.506565e-13
4865.282752037047	2.4478583e-13
4868.626039266585	2.3330163e-13
4871.969326496123	2.1970781e-13
4875.312613725661	2.0633082e-13
4878.655900955199	1.9460338e-13
4881.999188184737	1.8942499e-13
4885.342475414275	1.8767251e-13
4888.685762643813	1.9174861e-13
4892.029049873351	2.0346977e-13
4895.372337102889	2.2187357e-13
4898.715624332427	2.4614322e-13
4902.058911561965	2.7885599e-13
4905.402198791503	3.1693092e-13
4908.745486021041	3.5453744e-13
4912.088773250579	3.9237073e-13
4915.432060480117	4.2442634e-13
4918.775347709655	4.5269322e-13
4922.118634939193	4.6938777e-13
4925.461922168731	4.834062e-13
4928.805209398269	4.901199e-13
4932.148496627807	4.8875904e-13
4935.491783857345	4.887083e-13
4938.835071086883	4.7864994e-13
4942.178358316421	4.6737717e-13
4945.521645545959	4.461235e-13
4948.8649327754965	4.1802412e-13
4952.2082200050345	3.8291714e-13
4955.5515072345725	3.4354312e-13
4958.89479446411	3.0361778e-13
4962.238081693648	2.6554434e-13
4965.581368923186	2.3129258e-13
4968.924656152724	2.0435799e-13
4972.267943382262	1.8623045e-13
4975.6112306118	1.7588272e-13
4978.954517841338	1.7389661e-13
4982.297805070876	1.7804955e-13
4985.641092300414	1.8914987e-13
4988.984379529952	2.0729161e-13
4992.32766675949	2.3143792e-13
4995.670953989028	2.5916847e-13
4999.014241218566	2.8701369e-13
5002.357528448104	3.1582031e-13
5005.700815677642	3.48299e-13
5009.04410290718	3.8620547e-13
5012.387390136718	4.1881722e-13
5015.730677366256	4.4962398e-13
5019.073964595794	4.727358e-13
5022.417251825332	4.914242e-13
5025.76053905487	4.980553e-13
5029.103826284408	5.008476e-13
5032.447113513946	4.93462e-13
5035.790400743484	4.834608e-13
5039.133687973022	4.647119e-13
5042.4769752025595	4.4901325e-13
5045.8202624320975	4.3025617e-13
5049.163549661635	4.154906e-13
5052.506836891173	4.0389298e-13
5055.850124120711	3.949423e-13
5059.193411350249	3.876814e-13
5062.536698579787	3.837218e-13
5065.879985809325	3.814959e-13
5069.223273038863	3.7313132e-13
5072.566560268401	3.6492809e-13
5075.909847497939	3.5131503e-13
5079.253134727477	3.374096e-13
5082.596421957015	3.1851797e-13
5085.939709186553	2.973002e-13
5089.282996416091	2.7463811e-13
5092.626283645629	2.4998214e-13
5095.969570875167	2.2759222e-13
5099.312858104705	2.065952e-13
5102.656145334243	1.8794273e-13
5105.999432563781	1.7227292e-13
5109.342719793319	1.568827e-13
5112.686007022857	1.4368152e-13
5116.029294252395	1.3333643e-13
5119.372581481933	1.2688943e-13
5122.715868711471	1.239948e-13
5126.059155941009	1.2395402e-13
5129.402443170547	1.2767291e-13
5132.7457304000845	1.3205748e-13
5136.0890176296225	1.3877971e-13
5139.4323048591605	1.4730646e-13
5142.775592088698	1.5427668e-13
5146.118879318236	1.6332381e-13
5149.462166547774	1.7267478e-13
5152.805453777312	1.8136028e-13
5156.14874100685	1.9219595e-13
5159.492028236388	2.0292421e-13
5162.835315465926	2.139637e-13
5166.178602695464	2.2642347e-13
5169.521889925002	2.3778185e-13
5172.86517715454	2.4702796e-13
5176.208464384078	2.5490216e-13
5179.551751613616	2.6018616e-13
5182.895038843154	2.5749203e-13
5186.238326072692	2.5532555e-13
5189.58161330223	2.5202827e-13
5192.924900531768	2.4717812e-13
5196.268187761306	2.4589757e-13
5199.611474990844	2.4558402e-13
5202.954762220381	2.508519e-13
5206.298049449919	2.561672e-13
5209.641336679457	2.6365124e-13
5212.984623908995	2.7115945e-13
5216.327911138533	2.765706e-13
5219.671198368071	2.7907518e-13
5223.014485597609	2.7569868e-13
5226.357772827147	2.684608e-13
5229.701060056685	2.618689e-13
5233.044347286223	2.562569e-13
5236.3876345157605	2.5248697e-13
5239.7309217452985	2.515308e-13
5243.074208974836	2.547814e-13
5246.417496204374	2.5968114e-13
5249.760783433912	2.6901235e-13
5253.10407066345	2.762544e-13
5256.447357892988	2.8287857e-13
5259.790645122526	2.8844494e-13
5263.133932352064	2.851921e-13
5266.477219581602	2.810972e-13
5269.82050681114	2.703774e-13
5273.163794040678	2.5743413e-13
5276.507081270216	2.47343e-13
5279.850368499754	2.4171103e-13
5283.193655729292	2.4033978e-13
5286.53694295883	2.4451575e-13
5289.880230188368	2.5082226e-13
5293.223517417906	2.607221e-13
5296.566804647444	2.7160666e-13
5299.910091876982	2.8006983e-13
5303.25337910652	2.9015213e-13
5306.596666336058	3.0191233e-13
5309.939953565596	3.1732722e-13
5313.283240795134	3.2961828e-13
5316.626528024672	3.399046e-13
5319.96981525421	3.4605183e-13
5323.313102483748	3.4275138e-13
5326.6563897132855	3.4364875e-13
5329.9996769428235	3.4034475e-13
5333.3429641723615	3.3783558e-13
5336.686251401899	3.4179555e-13
5340.029538631437	3.500199e-13
5343.372825860975	3.5897378e-13
5346.716113090513	3.674973e-13
5350.059400320051	3.7135532e-13
5353.402687549589	3.7818192e-13
5356.745974779127	3.870576e-13
5360.089262008665	3.9149922e-13
5363.432549238203	3.9870098e-13
5366.775836467741	3.9635594e-13
5370.119123697279	3.9419032e-13
5373.462410926817	3.8944404e-13
5376.805698156355	3.8276354e-13
5380.148985385893	3.7598223e-13
5383.492272615431	3.6667045e-13
5386.835559844969	3.61612e-13
5390.178847074507	3.5822162e-13
5393.522134304045	3.634389e-13
5396.865421533583	3.6723632e-13
5400.208708763121	3.820484e-13
5403.551995992659	3.9574415e-13
5406.895283222197	4.1472454e-13
5410.238570451735	4.3290897e-13
5413.581857681273	4.495348e-13
5416.925144910811	4.6576274e-13
5420.2684321403485	4.7730244e-13
5423.6117193698865	4.8662224e-13
5426.955006599424	4.9039044e-13
5430.298293828962	4.9319327e-13
5433.6415810585	4.899828e-13
5436.984868288038	4.843742e-13
5440.328155517576	4.7637805e-13
5443.671442747114	4.6645565e-13
5447.014729976652	4.52262e-13
5450.35801720619	4.4213133e-13
5453.701304435728	4.3076502e-13
5457.044591665266	4.2293217e-13
5460.387878894804	4.145704e-13
5463.731166124342	4.0248455e-13
5467.07445335388	3.91862e-13
5470.417740583418	3.802615e-13
5473.761027812956	3.6605506e-13
5477.104315042494	3.5296129e-13
5480.447602272032	3.3845732e-13
5483.79088950157	3.2374168e-13
5487.134176731108	3.1013508e-13
5490.477463960646	3.0073318e-13
5493.820751190184	2.9226925e-13
5497.164038419722	2.926919e-13
5500.50732564926	3.0447644e-13
5503.850612878798	3.219695e-13
5507.193900108336	3.489913e-13
5510.537187337874	3.7913894e-13
5513.8804745674115	4.1365023e-13
5517.2237617969495	4.4250083e-13
5520.567049026487	4.6893267e-13
5523.910336256025	4.884648e-13
5527.253623485563	5.0686246e-13
5530.596910715101	5.178324e-13
5533.940197944639	5.2159405e-13
5537.283485174177	5.285901e-13
5540.626772403715	5.266914e-13
5543.970059633253	5.2396303e-13
5547.313346862791	5.1833397e-13
5550.656634092329	5.145058e-13
5553.999921321867	5.072574e-13
5557.343208551405	4.9849637e-13
5560.686495780943	4.9247943e-13
5564.029783010481	4.808741e-13
5567.373070240019	4.765861e-13
5570.716357469557	4.6698507e-13
5574.059644699095	4.5639556e-13
5577.402931928633	4.471282e-13
5580.746219158171	4.3800583e-13
5584.089506387709	4.2300264e-13
5587.432793617247	4.1017076e-13
5590.776080846785	3.9508734e-13
5594.119368076323	3.7767364e-13
5597.462655305861	3.5841761e-13
5600.805942535399	3.3816952e-13
5604.1492297649365	3.173445e-13
5607.4925169944745	2.948672e-13
5610.8358042240125	2.7674117e-13
5614.17909145355	2.5776728e-13
5617.522378683088	2.4636917e-13
5620.865665912626	2.3464206e-13
5624.208953142164	2.3009193e-13
5627.552240371702	2.2982132e-13
5630.89552760124	2.372465e-13
5634.238814830778	2.4894456e-13
5637.582102060316	2.6498335e-13
5640.925389289854	2.834552e-13
5644.268676519392	3.0253266e-13
5647.61196374893	3.2177153e-13
5650.955250978468	3.3994446e-13
5654.298538208006	3.5629277e-13
5657.641825437544	3.7566621e-13
5660.985112667082	3.9455727e-13
5664.32839989662	4.1473658e-13
5667.671687126158	4.353473e-13
5671.014974355696	4.457625e-13
5674.358261585234	4.4967694e-13
5677.701548814772	4.5444627e-13
5681.04483604431	4.572609e-13
5684.388123273848	4.553692e-13
5687.731410503386	4.5367074e-13
5691.074697732924	4.4887255e-13
5694.417984962462	4.44686e-13
5697.7612721919995	4.3963276e-13
5701.1045594215375	4.3351905e-13
5704.447846651075	4.288135e-13
5707.791133880613	4.2258997e-13
5711.134421110151	4.157751e-13
5714.477708339689	4.0944453e-13
5717.820995569227	4.0128824e-13
5721.164282798765	3.9420572e-13
5724.507570028303	3.8580844e-13
5727.850857257841	3.7570188e-13
5731.194144487379	3.6570494e-13
5734.537431716917	3.549063e-13
5737.880718946455	3.4581864e-13
5741.224006175993	3.3198636e-13
5744.567293405531	3.194446e-13
5747.910580635069	3.0640011e-13
5751.253867864607	2.9128425e-13
5754.597155094145	2.7656732e-13
5757.940442323683	2.6234524e-13
5761.283729553221	2.4920672e-13
5764.627016782759	2.3422825e-13
5767.970304012297	2.2124841e-13
5771.313591241835	2.0834337e-13
5774.656878471373	1.9636403e-13
5778.000165700911	1.8486425e-13
5781.343452930449	1.754395e-13
5784.686740159987	1.652038e-13
5788.030027389525	1.5508843e-13
5791.3733146190625	1.4815146e-13
5794.7166018486005	1.4158625e-13
5798.059889078138	1.3663783e-13
5801.403176307676	1.3306012e-13
5804.746463537214	1.3011533e-13
5808.089750766752	1.2876298e-13
5811.43303799629	1.2814934e-13
5814.776325225828	1.2828866e-13
5818.119612455366	1.2932687e-13
5821.462899684904	1.3142025e-13
5824.806186914442	1.3475752e-13
5828.14947414398	1.3843252e-13
5831.492761373518	1.4257595e-13
5834.836048603056	1.474835e-13
5838.179335832594	1.5371152e-13
5841.522623062132	1.6099439e-13
5844.86591029167	1.698838e-13
5848.209197521208	1.8066707e-13
5851.552484750746	1.9387046e-13
5854.895771980284	2.1053724e-13
5858.239059209822	2.3032143e-13
5861.58234643936	2.5756784e-13
5864.925633668898	2.896581e-13
5868.268920898436	3.2739572e-13
5871.612208127974	3.6889065e-13
5874.955495357512	4.0892612e-13
5878.29878258705	4.430032e-13
5881.6420698165875	4.710837e-13
5884.9853570461255	4.922253e-13
5888.3286442756635	5.0623763e-13
5891.671931505201	5.2239924e-13
5895.015218734739	5.4262053e-13
5898.358505964277	5.5090367e-13
5901.701793193815	5.525889e-13
5905.045080423353	5.542565e-13
5908.388367652891	5.5172034e-13
5911.731654882429	5.537509e-13
5915.074942111967	5.640945e-13
5918.418229341505	5.639167e-13
5921.761516571043	5.675958e-13
5925.104803800581	5.643057e-13
5928.448091030119	5.586957e-13
5931.791378259657	5.532999e-13
5935.134665489195	5.438407e-13
5938.477952718733	5.299732e-13
5941.821239948271	5.192474e-13
5945.164527177809	5.133514e-13
5948.507814407347	5.0545934e-13
5951.851101636885	4.94973e-13
5955.194388866423	4.88596e-13
5958.537676095961	4.8187225e-13
5961.880963325499	4.74885e-13
5965.224250555037	4.7523845e-13
5968.567537784575	4.7652296e-13
5971.910825014113	4.751564e-13
5975.2541122436505	4.7493926e-13
5978.5973994731885	4.7524647e-13
5981.940686702726	4.719141e-13
5985.283973932264	4.6702524e-13
5988.627261161802	4.645328e-13
5991.97054839134	4.5946114e-13
5995.313835620878	4.5353987e-13
5998.657122850416	4.5045003e-13
6002.000410079954	4.4294768e-13
6005.343697309492	4.4185995e-13
6008.68698453903	4.4093331e-13
6012.030271768568	4.3482787e-13
6015.373558998106	4.28955e-13
6018.716846227644	4.243109e-13
6022.060133457182	4.2068175e-13
6025.40342068672	4.159289e-13
6028.746707916258	4.1048407e-13
6032.089995145796	4.0684746e-13
6035.433282375334	4.0412704e-13
6038.776569604872	3.9879902e-13
6042.11985683441	3.9593036e-13
6045.463144063948	3.9185197e-13
6048.806431293486	3.8766977e-13
6052.149718523024	3.8464167e-13
6055.493005752562	3.8401368e-13
6058.8362929821	3.832054e-13
6062.179580211638	3.8304123e-13
6065.522867441176	3.8267843e-13
6068.8661546707135	3.7992344e-13
6072.2094419002515	3.750564e-13
6075.552729129789	3.6817554e-13
6078.896016359327	3.6069227e-13
6082.239303588865	3.5046505e-13
6085.582590818403	3.4344264e-13
6088.925878047941	3.3498047e-13
6092.269165277479	3.2867334e-13
6095.612452507017	3.2081157e-13
6098.955739736555	3.1328756e-13
6102.299026966093	3.058339e-13
6105.642314195631	3.0096447e-13
6108.985601425169	2.973034e-13
6112.328888654707	2.9786845e-13
6115.672175884245	3.0142422e-13
6119.015463113783	3.1406342e-13
6122.358750343321	3.3238549e-13
6125.702037572859	3.496017e-13
6129.045324802397	3.6993008e-13
6132.388612031935	3.859239e-13
6135.731899261473	4.0321061e-13
6139.075186491011	4.156145e-13
6142.418473720549	4.2505124e-13
6145.761760950087	4.3241913e-13
6149.105048179625	4.3617944e-13
6152.448335409163	4.3981341e-13
6155.7916226387	4.419167e-13
6159.134909868238	4.4227342e-13
6162.478197097776	4.4074645e-13
6165.821484327314	4.358216e-13
6169.1647715568515	4.3152748e-13
6172.5080587863895	4.2462488e-13
6175.851346015927	4.159163e-13
6179.194633245465	4.0558637e-13
6182.537920475003	3.926188e-13
6185.881207704541	3.7611694e-13
6189.224494934079	3.5899257e-13
6192.567782163617	3.4103764e-13
6195.911069393155	3.2279244e-13
6199.254356622693	3.050687e-13
6202.597643852231	2.8988872e-13
6205.94093108177	2.796394e-13
6209.284218311308	2.758598e-13
6212.627505540846	2.7930376e-13
6215.970792770384	2.921669e-13
6219.314079999922	3.10861e-13
6222.65736722946	3.3129638e-13
6226.000654458998	3.5413976e-13
6229.343941688536	3.712804e-13
6232.687228918074	3.8528883e-13
6236.030516147612	3.957809e-13
6239.37380337715	4.0362752e-13
6242.717090606688	4.078844e-13
6246.060377836226	4.1101543e-13
6249.403665065763	4.148239e-13
6252.746952295301	4.1965785e-13
6256.090239524839	4.225317e-13
6259.4335267543765	4.2434445e-13
6262.7768139839145	4.2386415e-13
6266.1201012134525	4.1834898e-13
6269.46338844299	4.105245e-13
6272.806675672528	4.0029528e-13
6276.149962902066	3.8954392e-13
6279.493250131604	3.8537356e-13
6282.836537361142	3.8985338e-13
6286.17982459068	3.9044362e-13
6289.523111820218	3.8784248e-13
6292.866399049756	3.8274305e-13
6296.209686279294	3.8055285e-13
6299.552973508832	3.8053913e-13
6302.89626073837	3.7818083e-13
6306.239547967908	3.7358612e-13
6309.582835197446	3.691517e-13
6312.926122426984	3.5851874e-13
6316.269409656522	3.5405538e-13
6319.61269688606	3.5113066e-13
6322.955984115598	3.5090144e-13
6326.299271345136	3.5838213e-13
6329.642558574674	3.5726752e-13
6332.985845804212	3.5817703e-13
6336.32913303375	3.5384754e-13
6339.672420263288	3.524373e-13
6343.015707492826	3.534914e-13
6346.358994722364	3.5271734e-13
6349.702281951902	3.6119184e-13
6353.0455691814395	3.6487027e-13
6356.3888564109775	3.6356603e-13
6359.7321436405155	3.6214998e-13
6363.075430870053	3.585845e-13
6366.418718099591	3.5041718e-13
6369.762005329129	3.4389015e-13
6373.105292558667	3.308543e-13
6376.448579788205	3.1814436e-13
6379.791867017743	3.0500366e-13
6383.135154247281	2.9193997e-13
6386.478441476819	2.806383e-13
6389.821728706357	2.6858865e-13
6393.165015935895	2.5867015e-13
6396.508303165433	2.4619337e-13
6399.851590394971	2.332056e-13
6403.194877624509	2.197877e-13
6406.538164854047	2.0542368e-13
6409.881452083585	1.9198496e-13
6413.224739313123	1.7519379e-13
6416.568026542661	1.6203324e-13
6419.911313772199	1.514368e-13
6423.254601001737	1.4210745e-13
6426.597888231275	1.3573462e-13
6429.941175460813	1.3110041e-13
6433.284462690351	1.2707137e-13
6436.627749919889	1.2298355e-13
6439.971037149427	1.2014177e-13
6443.314324378965	1.1696335e-13
6446.6576116085025	1.1566234e-13
6450.0008988380405	1.1367198e-13
6453.344186067578	1.1315579e-13
6456.687473297116	1.1353605e-13
6460.030760526654	1.1608714e-13
6463.374047756192	1.1757534e-13
6466.71733498573	1.2362062e-13
6470.060622215268	1.2897004e-13
6473.403909444806	1.3552676e-13
6476.747196674344	1.4334241e-13
6480.090483903882	1.5417017e-13
6483.43377113342	1.670809e-13
6486.777058362958	1.8162701e-13
6490.120345592496	1.9880617e-13
6493.463632822034	2.182427e-13
6496.806920051572	2.3631355e-13
6500.15020728111	2.5564276e-13
6503.493494510648	2.7181827e-13
6506.836781740186	2.8836376e-13
6510.180068969724	3.107274e-13
6513.523356199262	3.369877e-13
6516.8666434288	3.7490727e-13
6520.209930658338	4.2382506e-13
6523.553217887876	4.8152606e-13
6526.896505117414	5.396554e-13
6530.239792346952	6.0385865e-13
6533.58307957649	6.6579663e-13
6536.9263668060275	7.196724e-13
6540.2696540355655	7.6637915e-13
6543.6129412651035	8.0455065e-13
6546.956228494641	8.350463e-13
6550.299515724179	8.6339144e-13
6553.642802953717	8.789174e-13
6556.986090183255	8.8986446e-13
6560.329377412793	8.9766297e-13
6563.672664642331	9.0107235e-13
6567.015951871869	8.991522e-13
6570.359239101407	8.938855e-13
6573.702526330945	8.8941853e-13
6577.045813560483	8.880511e-13
6580.389100790021	8.8569375e-13
6583.732388019559	8.811867e-13
6587.075675249097	8.678029e-13
6590.418962478635	8.588388e-13
6593.762249708173	8.466357e-13
6597.105536937711	8.3178196e-13
6600.448824167249	8.1985726e-13
6603.792111396787	8.038065e-13
6607.135398626325	7.85545e-13
6610.478685855863	7.6690867e-13
6613.821973085401	7.4774437e-13
6617.165260314939	7.2906996e-13
6620.508547544477	7.085289e-13
6623.851834774015	6.905569e-13
6627.195122003553	6.7276404e-13
6630.53840923309	6.5102546e-13
6633.881696462628	6.35254e-13
6637.224983692166	6.191214e-13
6640.5682709217035	6.0135485e-13
6643.9115581512415	5.870161e-13
6647.254845380779	5.714832e-13
6650.598132610317	5.5858497e-13
6653.941419839855	5.473094e-13
6657.284707069393	5.3558487e-13
6660.627994298931	5.254588e-13
6663.971281528469	5.1338594e-13
6667.314568758007	5.025213e-13
6670.657855987545	4.9322406e-13
6674.001143217083	4.827329e-13
6677.344430446621	4.731942e-13
6680.687717676159	4.6311804e-13
6684.031004905697	4.5324785e-13
6687.374292135235	4.4726899e-13
6690.717579364773	4.3995493e-13
6694.060866594311	4.3304187e-13
6697.404153823849	4.3312e-13
6700.747441053387	4.2669305e-13
6704.090728282925	4.2207476e-13
6707.434015512463	4.1494502e-13
6710.777302742001	4.1214712e-13
6714.120589971539	4.060549e-13
6717.463877201077	4.0029256e-13
6720.807164430615	3.9615983e-13
6724.150451660153	3.9102714e-13
6727.493738889691	3.8694633e-13
6730.8370261192285	3.823852e-13
6734.1803133487665	3.7882845e-13
6737.5236005783045	3.7508042e-13
6740.866887807842	3.7025417e-13
6744.21017503738	3.680848e-13
6747.553462266918	3.653905e-13
6750.896749496456	3.618579e-13
6754.240036725994	3.5900213e-13
6757.583323955532	3.556872e-13
6760.92661118507	3.5408067e-13
6764.269898414608	3.5181154e-13
6767.613185644146	3.5110632e-13
6770.956472873684	3.4892648e-13
6774.299760103222	3.485602e-13
6777.64304733276	3.468981e-13
6780.986334562298	3.4557933e-13
6784.329621791836	3.4550815e-13
6787.672909021374	3.435206e-13
6791.016196250912	3.4420104e-13
6794.35948348045	3.434383e-13
6797.702770709988	3.4111592e-13
6801.046057939526	3.415419e-13
6804.389345169064	3.4325098e-13
6807.732632398602	3.4041658e-13
6811.07591962814	3.4271655e-13
6814.419206857678	3.4293613e-13
6817.762494087216	3.4082622e-13
6821.105781316754	3.4056747e-13
6824.4490685462915	3.4099226e-13
6827.7923557758295	3.3955266e-13
6831.1356430053675	3.4057956e-13
6834.478930234905	3.4054018e-13
6837.822217464443	3.401486e-13
6841.165504693981	3.3866592e-13
6844.508791923519	3.394649e-13
6847.852079153057	3.3894594e-13
6851.195366382595	3.3719886e-13
6854.538653612133	3.3614856e-13
6857.881940841671	3.2843674e-13
6861.225228071209	3.0408423e-13
6864.568515300747	2.7008482e-13
6867.911802530285	2.4143396e-13
6871.255089759823	2.4132682e-13
6874.598376989361	2.6513449e-13
6877.941664218899	2.8558785e-13
6881.284951448437	2.9278676e-13
6884.628238677975	2.8716894e-13
6887.971525907513	2.8094378e-13
6891.314813137051	2.8062275e-13
6894.658100366589	2.843666e-13
6898.001387596127	2.8833752e-13
6901.344674825665	2.932897e-13
6904.687962055203	2.9625797e-13
6908.031249284741	3.0129415e-13
6911.374536514279	3.0421276e-13
6914.717823743817	3.0755728e-13
6918.0611109733545	3.0860625e-13
6921.4043982028925	3.0906877e-13
6924.74768543243	3.0751863e-13
6928.090972661968	3.0939493e-13
6931.434259891506	3.0678774e-13
6934.777547121044	3.0493094e-13
6938.120834350582	3.023095e-13
6941.46412158012	3.0080842e-13
6944.807408809658	3.022511e-13
6948.150696039196	2.9897872e-13
6951.493983268734	2.9753373e-13
6954.837270498272	2.9430242e-13
6958.18055772781	2.9236477e-13
6961.523844957348	2.953317e-13
6964.867132186886	2.962656e-13
6968.210419416424	2.9968118e-13
6971.553706645962	3.0441944e-13
6974.8969938755	3.09025e-13
6978.240281105038	3.1579326e-13
6981.583568334576	3.1871134e-13
6984.926855564114	3.204864e-13
6988.270142793652	3.2497456e-13
6991.61343002319	3.2802689e-13
6994.956717252728	3.319339e-13
6998.300004482266	3.3302224e-13
7001.643291711804	3.3399406e-13
7004.986578941342	3.3561419e-13
7008.3298661708795	3.349457e-13
7011.6731534004175	3.3502652e-13
7015.0164406299555	3.337348e-13
7018.359727859493	3.3280423e-13
7021.703015089031	3.336673e-13
7025.046302318569	3.326456e-13
7028.389589548107	3.3414336e-13
7031.732876777645	3.345147e-13
7035.076164007183	3.3391389e-13
7038.419451236721	3.289699e-13
7041.762738466259	3.3338165e-13
7045.106025695797	3.3353062e-13
7048.449312925335	3.296915e-13
7051.792600154873	3.2980373e-13
7055.135887384411	3.2916793e-13
7058.479174613949	3.295339e-13
7061.822461843487	3.2888116e-13
7065.165749073025	3.2889221e-13
7068.509036302563	3.2764438e-13
7071.852323532101	3.265805e-13
7075.195610761639	3.2377933e-13
7078.538897991177	3.2225595e-13
7081.882185220715	3.2056866e-13
7085.225472450253	3.200335e-13
7088.568759679791	3.193899e-13
7091.912046909329	3.1870467e-13
7095.255334138867	3.1941295e-13
7098.598621368405	3.184809e-13
7101.9419085979425	3.1858923e-13
7105.2851958274805	3.1881464e-13
7108.6284830570185	3.1912312e-13
7111.971770286556	3.179687e-13
7115.315057516094	3.1911016e-13
7118.658344745632	3.1849667e-13
7122.00163197517	3.194435e-13
7125.344919204708	3.1627866e-13
7128.688206434246	3.1672283e-13
7132.031493663784	3.1481352e-13
7135.374780893322	3.1391236e-13
7138.71806812286	3.120084e-13
7142.061355352398	3.0948464e-13
7145.404642581936	3.0858196e-13
7148.747929811474	3.0501299e-13
7152.091217041012	3.040948e-13
7155.43450427055	2.9914832e-13
7158.777791500088	2.9651626e-13
7162.121078729626	2.878238e-13
7165.464365959164	2.760745e-13
7168.807653188702	2.648603e-13
7172.15094041824	2.5849898e-13
7175.494227647778	2.5531232e-13
7178.837514877316	2.5121441e-13
7182.180802106854	2.4815404e-13
7185.524089336392	2.483913e-13
7188.86737656593	2.5540252e-13
7192.210663795468	2.6332487e-13
7195.5539510250055	2.7086154e-13
7198.8972382545435	2.7875098e-13
7202.240525484081	2.908367e-13
7205.583812713619	3.0745046e-13
7208.927099943157	3.2153032e-13
7212.270387172695	3.2990272e-13
7215.613674402233	3.3137504e-13
7218.956961631771	3.3258075e-13
7222.300248861309	3.2832084e-13
7225.643536090847	3.207195e-13
7228.986823320385	3.1148844e-13
7232.330110549923	3.0214693e-13
7235.673397779461	2.9875074e-13
7239.016685008999	2.991212e-13
7242.359972238537	2.9963472e-13
7245.703259468075	2.9880994e-13
7249.046546697613	2.960046e-13
7252.389833927151	2.9441242e-13
7255.733121156689	2.9250146e-13
7259.076408386227	2.914211e-13
7262.419695615765	2.8888973e-13
7265.762982845303	2.8621528e-13
7269.106270074841	2.8276326e-13
7272.449557304379	2.7947132e-13
7275.792844533917	2.8439103e-13
7279.136131763455	2.9946718e-13
7282.479418992993	3.0695913e-13
7285.8227062225305	3.0898605e-13
7289.1659934520685	3.1279935e-13
7292.5092806816065	3.217465e-13
7295.852567911144	3.3222324e-13
7299.195855140682	3.339641e-13
7302.53914237022	3.359746e-13
7305.882429599758	3.3884012e-13
7309.225716829296	3.430611e-13
7312.569004058834	3.4438956e-13
7315.912291288372	3.490821e-13
7319.25557851791	3.5383475e-13
7322.598865747448	3.6037254e-13
7325.942152976986	3.6322708e-13
7329.285440206524	3.648997e-13
7332.628727436062	3.6582483e-13
7335.9720146656	3.690621e-13
7339.315301895138	3.6964068e-13
7342.658589124676	3.6587148e-13
7346.001876354214	3.6390083e-13
7349.345163583752	3.63254e-13
7352.68845081329	3.5880744e-13
7356.031738042828	3.564398e-13
7359.375025272366	3.5149628e-13
7362.718312501904	3.4905393e-13
7366.061599731442	3.4443203e-13
7369.40488696098	3.4343234e-13
7372.748174190518	3.391596e-13
7376.091461420056	3.3574196e-13
7379.4347486495935	3.3118368e-13
7382.7780358791315	3.2698564e-13
7386.1213231086695	3.2559272e-13
7389.464610338207	3.220805e-13
7392.807897567745	3.2211327e-13
7396.151184797283	3.1968777e-13
7399.494472026821	3.1707e-13
7402.837759256359	3.137523e-13
7406.181046485897	3.1008757e-13
7409.524333715435	3.0593158e-13
7412.867620944973	3.020357e-13
7416.210908174511	3.022293e-13
7419.554195404049	3.0140024e-13
7422.897482633587	3.0328978e-13
7426.240769863125	3.075895e-13
7429.584057092663	3.1390675e-13
7432.927344322201	3.205086e-13
7436.270631551739	3.2541133e-13
7439.613918781277	3.3246778e-13
7442.957206010815	3.4004917e-13
7446.300493240353	3.4461502e-13
7449.643780469891	3.491864e-13
7452.987067699429	3.5266337e-13
7456.330354928967	3.558921e-13
7459.673642158505	3.5603646e-13
7463.016929388043	3.565281e-13
7466.360216617581	3.563035e-13
7469.703503847119	3.515628e-13
7473.0467910766565	3.510607e-13
7476.3900783061945	3.49259e-13
7479.733365535732	3.4525342e-13
7483.07665276527	3.4429523e-13
7486.419939994808	3.422854e-13
7489.763227224346	3.4266074e-13
7493.106514453884	3.4149685e-13
7496.449801683422	3.4016892e-13
7499.79308891296	3.4126594e-13
7503.136376142498	3.4061884e-13
7506.479663372036	3.3971307e-13
7509.822950601574	3.437382e-13
7513.166237831112	3.4127955e-13
7516.50952506065	3.3913473e-13
7519.852812290188	3.3691902e-13
7523.196099519726	3.3520476e-13
7526.539386749264	3.3162237e-13
7529.882673978802	3.3032767e-13
7533.22596120834	3.2686573e-13
7536.569248437878	3.2633954e-13
7539.912535667416	3.2369146e-13
7543.255822896954	3.2217282e-13
7546.599110126492	3.200155e-13
7549.94239735603	3.1859815e-13
7553.285684585568	3.1819567e-13
7556.628971815106	3.1413362e-13
7559.972259044644	3.132169e-13
7563.3155462741815	3.107868e-13
7566.6588335037195	3.076971e-13
7570.0021207332575	3.0548835e-13
7573.345407962795	3.0144995e-13
7576.688695192333	2.9924495e-13
7580.031982421871	2.9592732e-13
7583.375269651409	2.886195e-13
7586.718556880947	2.629451e-13
7590.061844110485	2.1203571e-13
7593.405131340023	1.4404127e-13
7596.748418569561	8.756701e-14
7600.091705799099	6.072068e-14
7603.434993028637	5.679426e-14
7606.778280258175	7.473976e-14
7610.121567487713	1.1143481e-13
7613.464854717251	1.5031563e-13
7616.808141946789	1.6867798e-13
7620.151429176327	1.5469073e-13
7623.494716405865	1.3049472e-13
7626.838003635403	1.2308916e-13
7630.181290864941	1.2762381e-13
7633.524578094479	1.3666668e-13
7636.867865324017	1.4754055e-13
7640.211152553555	1.6046966e-13
7643.554439783093	1.7338461e-13
7646.897727012631	1.8585032e-13
7650.241014242169	1.9819838e-13
7653.584301471707	2.079279e-13
7656.9275887012445	2.1718929e-13
7660.2708759307825	2.2386735e-13
7663.6141631603205	2.296162e-13
7666.957450389858	2.367847e-13
7670.300737619396	2.4334872e-13
7673.644024848934	2.5134858e-13
7676.987312078472	2.6174543e-13
7680.33059930801	2.7335138e-13
7683.673886537548	2.821757e-13
7687.017173767086	2.9006103e-13
7690.360460996624	2.9474543e-13
7693.703748226162	3.0015004e-13
7697.0470354557	3.02154e-13
7700.390322685238	3.0363207e-13
7703.733609914776	3.0287746e-13
7707.076897144314	3.0216013e-13
7710.420184373852	3.0021314e-13
7713.76347160339	2.9303345e-13
7717.106758832928	2.8605785e-13
7720.450046062466	2.7577932e-13
7723.793333292004	2.6470368e-13
7727.136620521542	2.542296e-13
7730.47990775108	2.466905e-13
7733.823194980618	2.442896e-13
7737.166482210156	2.4482686e-13
7740.509769439694	2.544491e-13
7743.853056669232	2.6383038e-13
7747.19634389877	2.7518574e-13
7750.5396311283075	2.8454295e-13
7753.8829183578455	2.9360891e-13
7757.226205587383	3.0104744e-13
7760.569492816921	3.0848994e-13
7763.912780046459	3.1391887e-13
7767.256067275997	3.2028286e-13
7770.599354505534	3.2319977e-13
7773.942641735072	3.2624242e-13
7777.28592896461	3.291939e-13
7780.629216194148	3.3027712e-13
7783.972503423686	3.3132546e-13
7787.315790653224	3.3099342e-13
7790.659077882762	3.3075287e-13
7794.0023651123	3.3027655e-13
7797.345652341838	3.288826e-13
7800.688939571376	3.2812574e-13
7804.032226800914	3.2623036e-13
7807.375514030452	3.236819e-13
7810.71880125999	3.2360957e-13
7814.062088489528	3.2106858e-13
7817.405375719066	3.17474e-13
7820.748662948604	3.1669654e-13
7824.091950178142	3.135163e-13
7827.43523740768	3.1093143e-13
7830.778524637218	3.085871e-13
7834.121811866756	3.0566999e-13
7837.465099096294	3.0157148e-13
7840.808386325832	3.007724e-13
7844.15167355537	2.978773e-13
7847.494960784908	2.9774883e-13
7850.8382480144455	2.9701312e-13
7854.1815352439835	2.945898e-13
7857.524822473521	2.9499908e-13
7860.868109703059	2.9394298e-13
7864.211396932597	2.9092362e-13
7867.554684162135	2.9006075e-13
7870.897971391673	2.9009138e-13
7874.241258621211	2.892734e-13
7877.584545850749	2.904759e-13
7880.927833080287	2.884412e-13
7884.271120309825	2.8747217e-13
7887.614407539363	2.8573912e-13
7890.957694768901	2.842987e-13
7894.300981998439	2.8322833e-13
7897.644269227977	2.8286303e-13
7900.987556457515	2.8323855e-13
7904.330843687053	2.8221032e-13
7907.674130916591	2.8059158e-13
7911.017418146129	2.8054298e-13
7914.360705375667	2.7944696e-13
7917.703992605205	2.786126e-13
7921.047279834743	2.7743717e-13
7924.390567064281	2.7839265e-13
7927.733854293819	2.794954e-13
7931.077141523357	2.7943018e-13
7934.420428752895	2.8073128e-13
7937.763715982433	2.8061315e-13
7941.107003211971	2.7933732e-13
7944.4502904415085	2.7901422e-13
7947.7935776710465	2.7837292e-13
7951.136864900584	2.7555624e-13
7954.480152130122	2.7319913e-13
7957.82343935966	2.718709e-13
7961.166726589198	2.7013908e-13
7964.510013818736	2.719791e-13
7967.853301048274	2.7298912e-13
7971.196588277812	2.7247621e-13
7974.53987550735	2.7446892e-13
7977.883162736888	2.7321648e-13
7981.226449966426	2.7181884e-13
7984.569737195964	2.7184366e-13
7987.913024425502	2.709697e-13
7991.25631165504	2.7113264e-13
7994.599598884578	2.7054574e-13
7997.942886114116	2.6919686e-13
8001.286173343654	2.6790942e-13
8004.629460573192	2.6806067e-13
8007.97274780273	2.6744313e-13
8011.316035032268	2.6754323e-13
8014.659322261806	2.6813556e-13
8018.002609491344	2.674025e-13
8021.345896720882	2.658255e-13
8024.68918395042	2.6594864e-13
8028.032471179958	2.6570087e-13
8031.375758409496	2.6523336e-13
8034.7190456390335	2.6588015e-13
8038.0623328685715	2.653212e-13
8041.4056200981095	2.6493196e-13
8044.748907327647	2.6517506e-13
8048.092194557185	2.6649643e-13
8051.435481786723	2.665904e-13
8054.778769016261	2.6548753e-13
8058.122056245799	2.6498983e-13
8061.465343475337	2.638469e-13
8064.808630704875	2.641968e-13
8068.151917934413	2.6299292e-13
8071.495205163951	2.623362e-13
8074.838492393489	2.6166816e-13
8078.181779623027	2.59586e-13
8081.525066852565	2.597e-13
8084.868354082103	2.575031e-13
8088.211641311641	2.554998e-13
8091.554928541179	2.550078e-13
8094.898215770717	2.5426352e-13
8098.241503000255	2.5285123e-13
8101.584790229793	2.5030658e-13
8104.928077459331	2.4860965e-13
8108.271364688869	2.4589255e-13
8111.614651918407	2.4351528e-13
8114.957939147945	2.4185179e-13
8118.301226377483	2.3955902e-13
8121.644513607021	2.3641102e-13
8124.987800836559	2.3131386e-13
8128.3310880660965	2.2569411e-13
8131.6743752956345	2.1939632e-13
8135.017662525172	2.1660519e-13
8138.36094975471	2.1350036e-13
8141.704236984248	2.0860333e-13
8145.047524213786	2.0313117e-13
8148.390811443324	1.9961962e-13
8151.734098672861	1.9784231e-13
8155.077385902399	1.9672846e-13
8158.420673131937	1.9404266e-13
8161.763960361475	1.9372947e-13
8165.107247591013	2.0122306e-13
8168.450534820551	2.0659045e-13
8171.793822050089	2.0744067e-13
8175.137109279627	2.0743274e-13
8178.480396509165	2.0801726e-13
8181.823683738703	2.150185e-13
8185.166970968241	2.1941368e-13
8188.510258197779	2.2037145e-13
8191.853545427317	2.2290329e-13
8195.196832656855	2.2685807e-13
8198.540119886393	2.3225643e-13
8201.88340711593	2.4053074e-13
8205.226694345469	2.4106756e-13
8208.569981575007	2.4118164e-13
8211.913268804545	2.3878076e-13
8215.256556034083	2.346529e-13
8218.59984326362	2.2557288e-13
8221.943130493159	2.114183e-13
8225.286417722697	2.0071408e-13
8228.629704952235	2.0474265e-13
8231.972992181772	2.233702e-13
8235.31627941131	2.3901508e-13
8238.659566640848	2.4438372e-13
8242.002853870386	2.465009e-13
8245.346141099924	2.4861715e-13
8248.689428329462	2.4813165e-13
8252.032715559	2.4218545e-13
8255.37600278854	2.3843384e-13
8258.719290018078	2.4076406e-13
8262.062577247616	2.4295656e-13
8265.405864477154	2.4040123e-13
8268.749151706692	2.3350785e-13
8272.09243893623	2.2530735e-13
8275.435726165768	2.2222357e-13
8278.779013395306	2.2287113e-13
8282.122300624844	2.220247e-13
8285.465587854382	2.1892094e-13
8288.80887508392	2.1657273e-13
8292.152162313458	2.1625854e-13
8295.495449542996	2.1578923e-13
8298.838736772534	2.1543665e-13
8302.182024002072	2.1463594e-13
8305.52531123161	2.1631727e-13
8308.868598461147	2.167946e-13
8312.211885690685	2.1232696e-13
8315.555172920223	2.0792092e-13
8318.898460149761	2.0550709e-13
8322.2417473793	2.0446568e-13
8325.585034608837	2.0467314e-13
8328.928321838375	1.9738027e-13
8332.271609067913	1.9034916e-13
8335.614896297451	1.8358686e-13
8338.95818352699	1.7512275e-13
8342.301470756525	1.6559235e-13
8345.644757986063	1.5435162e-13
8348.988045215601	1.403766e-13
8352.33133244514	1.2720664e-13
8355.674619674677	1.1476933e-13
8359.017906904215	1.03046166e-13
8362.361194133753	9.2242545e-14
8365.704481363291	8.2345575e-14
8369.047768592829	7.3538865e-14
8372.391055822367	6.584763e-14
8375.734343051905	5.9473687e-14
8379.077630281443	5.4188435e-14
8382.42091751098	4.994895e-14
8385.764204740519	4.660915e-14
8389.107491970057	4.4480837e-14
8392.450779199595	4.2842984e-14
8395.794066429133	4.1778375e-14
8399.13735365867	4.1331908e-14
8402.480640888209	4.134661e-14
8405.823928117747	4.1816936e-14
8409.167215347285	4.2815374e-14
8412.510502576823	4.4739037e-14
8415.85378980636	4.6626792e-14
8419.197077035898	4.8430366e-14
8422.540364265436	5.0564625e-14
8425.883651494974	5.3101214e-14
8429.226938724512	5.6022532e-14
8432.57022595405	5.9236145e-14
8435.913513183588	6.2762146e-14
8439.256800413126	6.716532e-14
8442.600087642664	7.2640475e-14
8445.943374872202	7.751353e-14
8449.28666210174	8.2459626e-14
8452.629949331278	8.83426e-14
8455.973236560816	9.504879e-14
8459.316523790354	1.0219918e-13
8462.659811019892	1.0998042e-13
8466.00309824943	1.1854309e-13
8469.346385478968	1.273011e-13
8472.689672708506	1.3720962e-13
8476.032959938044	1.4748401e-13
8479.376247167582	1.5825358e-13
8482.71953439712	1.7054911e-13
8486.062821626658	1.8318792e-13
8489.406108856196	1.9491247e-13
8492.749396085734	2.0673685e-13
8496.092683315272	2.172582e-13
8499.43597054481	2.2497024e-13
8502.779257774348	2.3113784e-13
8506.122545003886	2.3435653e-13
8509.465832233423	2.3541908e-13
8512.809119462961	2.3436632e-13
8516.1524066925	2.3174057e-13
8519.495693922037	2.2761258e-13
8522.838981151575	2.2162585e-13
8526.182268381113	2.147823e-13
8529.525555610651	2.0671504e-13
8532.86884284019	1.9916374e-13
8536.212130069727	1.9250836e-13
8539.555417299265	1.85634e-13
8542.898704528803	1.7951915e-13
8546.241991758341	1.7428447e-13
8549.585278987879	1.69917e-13
8552.928566217417	1.6666039e-13
8556.271853446955	1.6572148e-13
8559.615140676493	1.6651605e-13
8562.958427906031	1.6595784e-13
8566.301715135569	1.6696387e-13
8569.645002365107	1.6900141e-13
8572.988289594645	1.7223502e-13
8576.331576824183	1.7654485e-13
8579.67486405372	1.8131278e-13
8583.018151283259	1.8659672e-13
8586.361438512797	1.9388583e-13
8589.704725742335	2.026352e-13
8593.048012971873	2.1103575e-13
8596.39130020141	2.213725e-13
8599.734587430949	2.3418778e-13
8603.077874660486	2.4904135e-13
8606.421161890024	2.6472745e-13
8609.764449119562	2.831618e-13
8613.1077363491	3.0138007e-13
8616.451023578638	3.2224513e-13
8619.794310808176	3.4164335e-13
8623.137598037714	3.614918e-13
8626.480885267252	3.8149396e-13
8629.82417249679	3.9951516e-13
8633.167459726328	4.1795704e-13
8636.510746955866	4.312296e-13
8639.854034185404	4.4316617e-13
8643.197321414942	4.5701203e-13
8646.54060864448	4.6825765e-13
8649.883895874018	4.817047e-13
8653.227183103556	4.929459e-13
8656.570470333094	5.0205256e-13
8659.913757562632	5.090044e-13
8663.25704479217	5.140608e-13
8666.600332021708	5.190118e-13
8669.943619251246	5.2178997e-13
8673.286906480784	5.2492835e-13
8676.630193710322	5.2870723e-13
8679.97348093986	5.2837666e-13
8683.316768169398	5.282755e-13
8686.660055398936	5.274089e-13
8690.003342628474	5.2535184e-13
8693.346629858012	5.2476957e-13
8696.68991708755	5.2153805e-13
8700.033204317087	5.1687853e-13
8703.376491546625	5.108242e-13
8706.719778776163	5.037145e-13
8710.063066005701	4.968441e-13
8713.40635323524	4.906e-13
8716.749640464777	4.87127e-13
8720.092927694315	4.8146995e-13
8723.436214923853	4.776734e-13
8726.779502153391	4.7158024e-13
8730.12278938293	4.653008e-13
8733.466076612467	4.5819956e-13
8736.809363842005	4.5224444e-13
8740.152651071543	4.4476597e-13
8743.495938301081	4.3932295e-13
8746.839225530619	4.3047982e-13
8750.182512760157	4.2320132e-13
8753.525799989695	4.1435488e-13
8756.869087219233	4.0805277e-13
8760.21237444877	3.9970772e-13
8763.555661678309	3.9390008e-13
8766.898948907847	3.873562e-13
8770.242236137385	3.811218e-13
8773.585523366923	3.747061e-13
8776.92881059646	3.6974989e-13
8780.272097825999	3.651575e-13
8783.615385055537	3.5888247e-13
8786.958672285074	3.506383e-13
8790.301959514612	3.4862307e-13
8793.64524674415	3.4175413e-13
8796.988533973688	3.340128e-13
8800.331821203226	3.2854242e-13
8803.675108432764	3.229181e-13
8807.018395662302	3.1639787e-13
8810.36168289184	3.1067995e-13
8813.704970121378	3.0365524e-13
8817.048257350916	2.9541492e-13
8820.391544580454	2.8959967e-13
8823.734831809992	2.838664e-13
8827.07811903953	2.800001e-13
8830.421406269068	2.7698604e-13
8833.764693498606	2.750276e-13
8837.107980728144	2.722664e-13
8840.451267957682	2.6800873e-13
8843.79455518722	2.6518975e-13
8847.137842416758	2.6001656e-13
8850.481129646296	2.5403494e-13
8853.824416875834	2.476665e-13
8857.167704105372	2.3975014e-13
8860.51099133491	2.305455e-13
8863.854278564448	2.2131651e-13
8867.197565793986	2.1128769e-13
8870.540853023524	2.0287129e-13
8873.884140253062	1.9587374e-13
8877.2274274826	1.911465e-13
8880.570714712137	1.8736503e-13
8883.914001941675	1.8607383e-13
8887.257289171213	1.8817517e-13
8890.600576400751	1.9138423e-13
8893.94386363029	1.9708885e-13
8897.287150859827	2.0185977e-13
8900.630438089365	2.0729341e-13
8903.973725318903	2.1019592e-13
8907.317012548441	2.1460413e-13
8910.66029977798	2.178382e-13
8914.003587007517	2.1891131e-13
8917.346874237055	2.211467e-13
8920.690161466593	2.2081292e-13
8924.033448696131	2.1970219e-13
8927.376735925669	2.1795924e-13
8930.720023155207	2.1842219e-13
8934.063310384745	2.1991745e-13
8937.406597614283	2.2133123e-13
8940.74988484382	2.1973462e-13
8944.093172073359	2.1656793e-13
8947.436459302897	2.1416052e-13
8950.779746532435	2.1156076e-13
8954.123033761973	2.1010839e-13
8957.46632099151	2.075762e-13
8960.809608221049	2.0257914e-13
8964.152895450587	1.9776936e-13
8967.496182680125	1.9720351e-13
8970.839469909663	1.9665554e-13
8974.1827571392	1.9792741e-13
8977.526044368738	1.9739047e-13
8980.869331598276	1.877245e-13
8984.212618827814	1.7561384e-13
8987.555906057352	1.7093208e-13
8990.89919328689	1.7892174e-13
8994.242480516428	1.8837044e-13
8997.585767745966	1.8390522e-13
9000.929054975504	1.7479034e-13
9004.272342205042	1.705635e-13
9007.61562943458	1.6770503e-13
9010.958916664118	1.6263722e-13
9014.302203893656	1.568894e-13
9017.645491123194	1.5229579e-13
9020.988778352732	1.5047439e-13
9024.33206558227	1.4948635e-13
9027.675352811808	1.520575e-13
9031.018640041346	1.5395568e-13
9034.361927270884	1.5208781e-13
9037.705214500422	1.477874e-13
9041.04850172996	1.442744e-13
9044.391788959498	1.4240493e-13
9047.735076189036	1.4259277e-13
9051.078363418574	1.4260565e-13
9054.421650648112	1.4394168e-13
9057.76493787765	1.4428859e-13
9061.108225107188	1.4377295e-13
9064.451512336726	1.434941e-13
9067.794799566263	1.4536488e-13
9071.138086795801	1.4877823e-13
9074.48137402534	1.5621806e-13
9077.824661254877	1.608609e-13
9081.167948484415	1.6576034e-13
9084.511235713953	1.7295072e-13
9087.854522943491	1.7695127e-13
9091.19781017303	1.8056475e-13
9094.541097402567	1.8204264e-13
9097.884384632105	1.825392e-13
9101.227671861643	1.8483645e-13
9104.57095909118	1.9055924e-13
9107.914246320717	1.9511663e-13
9111.257533550255	1.9764857e-13
9114.600820779793	1.9483686e-13
9117.944108009331	1.9280027e-13
9121.287395238869	1.9378134e-13
9124.630682468407	1.8737285e-13
9127.973969697945	1.748341e-13
9131.317256927483	1.6963397e-13
9134.660544157021	1.7346999e-13
9138.003831386559	1.8261171e-13
9141.347118616097	1.8721912e-13
9144.690405845635	1.801759e-13
9148.033693075173	1.654846e-13
9151.37698030471	1.5358536e-13
9154.720267534249	1.519872e-13
9158.063554763787	1.5681282e-13
9161.406841993325	1.5753397e-13
9164.750129222863	1.4907255e-13
9168.0934164524	1.379005e-13
9171.436703681939	1.2881283e-13
9174.779990911476	1.2589012e-13
9178.123278141014	1.2976073e-13
9181.466565370552	1.3369537e-13
9184.80985260009	1.3591557e-13
9188.153139829628	1.3983847e-13
9191.496427059166	1.4167745e-13
9194.839714288704	1.4581919e-13
9198.183001518242	1.5208375e-13
9201.52628874778	1.5611606e-13
9204.869575977318	1.5764755e-13
9208.212863206856	1.5961855e-13
9211.556150436394	1.6322315e-13
9214.899437665932	1.6782632e-13
9218.24272489547	1.7447221e-13
9221.586012125008	1.8118406e-13
9224.929299354546	1.8409232e-13
9228.272586584084	1.8734511e-13
9231.615873813622	1.8998242e-13
9234.95916104316	1.9243264e-13
9238.302448272698	1.955638e-13
9241.645735502236	1.9959411e-13
9244.989022731774	2.0252748e-13
9248.332309961312	2.0605951e-13
9251.67559719085	2.0812924e-13
9255.018884420388	2.0682062e-13
9258.362171649926	2.0771133e-13
9261.705458879464	2.0849335e-13
9265.048746109002	2.0849735e-13
9268.39203333854	2.041399e-13
9271.735320568077	1.948271e-13
9275.078607797615	1.8588725e-13
9278.421895027153	1.7837567e-13
9281.765182256691	1.7517053e-13
9285.10846948623	1.7267241e-13
9288.451756715767	1.6810627e-13
9291.795043945305	1.6112479e-13
9295.138331174843	1.5294539e-13
9298.481618404381	1.4793458e-13
9301.82490563392	1.4424802e-13
9305.168192863457	1.386228e-13
9308.511480092995	1.2820624e-13
9311.854767322533	1.1912013e-13
9315.198054552071	1.0902162e-13
9318.541341781609	1.0227007e-13
9321.884629011147	1.0217483e-13
