  3852.64258  3.97334897E-15
  3857.17163  3.30335692E-15
  3861.70068  3.57257702E-15
  3866.22949  3.66754212E-15
  3870.75854  9.20165772E-16
  3875.2876  6.89855502E-16
  3879.81665  4.67441485E-16
  3884.3457  2.59778695E-15
  3888.87451  4.66022387E-16
  3893.40356  1.10408998E-16
  3897.93262  3.92019003E-15
  3902.46167  5.15659809E-15
  3906.99048  3.92092991E-15
  3911.51953  3.43187702E-15
  3916.04858  2.2727281E-15
  3920.57764  1.19668402E-15
  3925.10645  2.83760209E-15
  3929.6355  3.922718E-15
  3934.16455  7.21787215E-16
  3938.6936  2.25926705E-15
  3943.22266  5.38786816E-15
  3947.75146  5.41393517E-15
  3952.28052  4.94090285E-15
  3956.80957  4.51651308E-15
  3961.33862  4.63437602E-15
  3965.86743  5.14302608E-15
  3970.39648  5.67000806E-15
  3974.92554  5.59718397E-15
  3979.45459  6.367621E-15
  3983.9834  6.92346096E-15
  3988.51245  7.32650719E-15
  3993.0415  6.05136897E-15
  3997.57056  6.48297207E-15
  4002.09961  7.32517735E-15
  4006.62842  5.61445582E-15
  4011.15747  5.18695914E-15
  4015.68652  5.51733714E-15
  4020.21558  5.49392812E-15
  4024.74438  5.19429614E-15
  4029.27344  4.28572286E-15
  4033.80249  4.63322491E-15
  4038.33154  5.84956591E-15
  4042.86035  5.34097303E-15
  4047.3894  6.30216696E-15
  4051.91846  7.71444998E-15
  4056.44751  7.40443084E-15
  4060.97656  6.51350506E-15
  4065.50537  8.74050927E-15
  4070.03442  9.31814762E-15
  4074.56348  1.01060704E-14
  4079.09253  9.17132123E-15
  4083.62134  9.87635758E-15
  4088.15039  9.7672682E-15
  4092.67944  9.56714227E-15
  4097.2085  9.30065639E-15
  4101.7373  7.87297558E-15
  4106.2666  8.37060659E-15
  4110.79541  8.2266923E-15
  4115.32422  7.22549004E-15
  4119.85352  7.70046885E-15
  4124.38232  7.69305901E-15
  4128.91162  6.93043501E-15
  4133.44043  5.76930488E-15
  4137.96924  5.17610103E-15
  4142.49854  5.78490215E-15
  4147.02734  4.86469021E-15
  4151.55615  5.07857916E-15
  4156.08545  4.31643416E-15
  4160.61426  4.35691979E-15
  4165.14355  4.55630118E-15
  4169.67236  4.28232584E-15
  4174.20117  4.16180406E-15
  4178.73047  4.98043599E-15
  4183.25928  4.44257515E-15
  4187.78857  4.66155689E-15
  4192.31738  4.46071309E-15
  4196.84619  4.25406712E-15
  4201.37549  4.60751703E-15
  4205.9043  4.7539758E-15
  4210.43359  4.24584286E-15
  4214.9624  4.10128186E-15
  4219.49121  4.40550899E-15
  4224.02051  5.35955396E-15
  4228.54932  4.97694579E-15
  4233.07812  4.52374801E-15
  4237.60742  4.61604792E-15
  4242.13623  4.48497085E-15
  4246.66553  4.275406E-15
  4251.19434  4.12783804E-15
  4255.72314  3.86070502E-15
  4260.25244  3.07848301E-15
  4264.78125  2.52561804E-15
  4269.31055  2.86301795E-15
  4273.83936  2.78402196E-15
  4278.36816  3.07768108E-15
  4282.89746  3.17964501E-15
  4287.42627  2.57322701E-15
  4291.95508  2.861063E-15
  4296.48438  3.71172082E-15
  4301.01318  4.02583579E-15
  4305.54248  4.15693404E-15
  4310.07129  4.88935581E-15
  4314.6001  4.38858019E-15
  4319.12939  4.68904395E-15
  4323.6582  5.03612799E-15
  4328.1875  4.32286102E-15
  4332.71631  4.742864E-15
  4337.24512  3.83589204E-15
  4341.77441  3.53700101E-15
  4346.30322  3.60294993E-15
  4350.83203  3.94273805E-15
  4355.36133  4.26988419E-15
  4359.89014  4.73515897E-15
  4364.41943  4.10522099E-15
  4368.94824  3.93062209E-15
  4373.47705  4.32032797E-15
  4378.00635  4.34833088E-15
  4382.53516  4.79016995E-15
  4387.06445  5.22947596E-15
  4391.59326  5.32010298E-15
  4396.12207  5.51313798E-15
  4400.65137  5.87388804E-15
  4405.18018  5.63249212E-15
  4409.70898  5.76700095E-15
  4414.23828  5.31250086E-15
  4418.76709  5.33124993E-15
  4423.29639  5.66198411E-15
  4427.8252  6.13207385E-15
  4432.354  6.30939808E-15
  4436.8833  6.58775597E-15
  4441.41211  6.14242882E-15
  4445.94141  6.17335696E-15
  4450.47021  5.84384082E-15
  4454.99902  6.10029783E-15
  4459.52832  5.6658271E-15
  4464.05713  5.68444192E-15
  4468.58594  5.74978585E-15
  4473.11523  4.95266813E-15
  4477.64404  5.62161283E-15
  4482.17334  5.04419004E-15
  4486.70215  4.79040584E-15
  4491.23096  4.87561482E-15
  4495.76025  4.65664113E-15
  4500.28906  4.39306608E-15
  4504.81836  4.51403509E-15
  4509.34717  4.75639197E-15
  4513.87598  4.75199798E-15
  4518.40527  5.24058183E-15
  4522.93408  5.06240295E-15
  4527.46338  4.74201993E-15
  4531.99219  5.41958404E-15
  4536.521  5.87706102E-15
  4541.05029  6.58351403E-15
  4545.5791  7.23995906E-15
  4550.10791  7.76084959E-15
  4554.63721  9.00494872E-15
  4559.16602  1.05541999E-14
  4563.69531  1.15141297E-14
  4568.22412  1.24983803E-14
  4572.75293  1.36067601E-14
  4577.28223  1.42451104E-14
  4581.81104  1.43995804E-14
  4586.34033  1.32450601E-14
  4590.86914  1.27986102E-14
  4595.39795  1.31659396E-14
  4599.92725  1.37674101E-14
  4604.45605  1.36412801E-14
  4608.98486  1.38988603E-14
  4613.51416  1.44604499E-14
  4618.04297  1.51240494E-14
  4622.57227  1.44826405E-14
  4627.10107  1.45571506E-14
  4631.62988  1.42470196E-14
  4636.15918  1.49176597E-14
  4640.68799  1.503907E-14
  4645.21729  1.63564908E-14
  4649.74609  1.77364007E-14
  4654.2749  1.82881207E-14
  4658.8042  1.85620003E-14
  4663.33301  1.81590599E-14
  4667.86182  1.79395598E-14
  4672.39111  1.718474E-14
  4676.91992  1.72294294E-14
  4681.44922  1.71263692E-14
  4685.97803  1.797296E-14
  4690.50684  1.71301605E-14
  4695.03613  1.72713796E-14
  4699.56494  1.67648708E-14
  4704.09424  1.64742707E-14
  4708.62305  1.72242998E-14
  4713.15186  1.76482093E-14
  4717.68115  1.73997898E-14
  4722.20996  1.678749E-14
  4726.73877  1.57050903E-14
  4731.26807  1.54858206E-14
  4735.79688  1.49287795E-14
  4740.32617  1.43745404E-14
  4744.85498  1.35113402E-14
  4749.38379  1.32966504E-14
  4753.91309  1.24869097E-14
  4758.44189  1.12461403E-14
  4762.97119  1.13553898E-14
  4767.5  1.07500899E-14
  4772.02881  9.76256209E-15
  4776.55811  9.31463667E-15
  4781.08691  9.64374963E-15
  4785.61572  9.00292431E-15
  4790.14502  8.59256819E-15
  4794.67383  9.33427936E-15
  4799.20312  9.1495762E-15
  4803.73193  8.80462034E-15
  4808.26074  9.23353242E-15
  4812.79004  8.94373619E-15
  4817.31885  9.42352614E-15
  4821.84814  9.58180018E-15
  4826.37695  1.08329102E-14
  4830.90576  1.15867602E-14
  4835.43506  1.23026902E-14
  4839.96387  1.29179902E-14
  4844.49268  1.34872201E-14
  4849.02197  1.42458897E-14
  4853.55078  1.50579707E-14
  4858.08008  1.44513308E-14
  4862.60889  1.41034298E-14
  4867.1377  1.35111598E-14
  4871.66699  1.31221404E-14
  4876.1958  1.23831897E-14
  4880.7251  1.21924404E-14
  4885.25391  1.22389103E-14
  4889.78271  1.320203E-14
  4894.31201  1.46763603E-14
  4898.84082  1.66887801E-14
  4903.37012  1.91570104E-14
  4907.89893  2.02895392E-14
  4912.42773  2.19772304E-14
  4916.95703  2.27652996E-14
  4921.48584  2.35953005E-14
  4926.01465  2.41178402E-14
  4930.54395  2.418636E-14
  4935.07275  2.37010305E-14
  4939.60205  2.26627595E-14
  4944.13086  2.18119403E-14
  4948.65967  2.02442501E-14
  4953.18896  1.80839603E-14
  4957.71777  1.64070807E-14
  4962.24707  1.43486094E-14
  4966.77588  1.19856102E-14
  4971.30469  1.12176199E-14
  4975.83398  1.11589798E-14
  4980.36279  1.12281603E-14
  4984.8916  1.18978796E-14
  4989.4209  1.37093799E-14
  4993.94971  1.49715293E-14
  4998.479  1.76185394E-14
  5003.00781  1.95026202E-14
  5007.53662  2.08811697E-14
  5012.06592  2.29848303E-14
  5016.59473  2.41439E-14
  5021.12402  2.45651108E-14
  5025.65283  2.47223608E-14
  5030.18164  2.46706105E-14
  5034.71094  2.40457898E-14
  5039.23975  2.29709101E-14
  5043.76855  2.26771303E-14
  5048.29785  2.31214905E-14
  5052.82666  2.24221395E-14
  5057.35596  2.14420394E-14
  5061.88477  2.12217905E-14
  5066.41357  2.07894208E-14
  5070.94287  1.96076303E-14
  5075.47168  1.892523E-14
  5080.00098  1.81430307E-14
  5084.52979  1.669918E-14
  5089.05859  1.45172401E-14
  5093.58789  1.372629E-14
  5098.1167  1.27175102E-14
  5102.64551  1.10722199E-14
  5107.1748  1.01475699E-14
  5111.70361  9.20226504E-15
  5116.23291  8.51761085E-15
  5120.76172  8.25732017E-15
  5125.29053  8.7358328E-15
  5129.81982  8.52026206E-15
  5134.34863  9.0389266E-15
  5138.87793  9.69950642E-15
  5143.40674  1.00873298E-14
  5147.93555  1.06900996E-14
  5152.46484  1.14638701E-14
  5156.99365  1.27482499E-14
  5161.52246  1.37570204E-14
  5166.05176  1.43549401E-14
  5170.58057  1.53053602E-14
  5175.10986  1.51109204E-14
  5179.63867  1.50249398E-14
  5184.16748  1.49472499E-14
  5188.69678  1.50087394E-14
  5193.22559  1.49909297E-14
  5197.75488  1.56685493E-14
  5202.28369  1.63458402E-14
  5206.8125  1.63042102E-14
  5211.3418  1.71484395E-14
  5215.87061  1.71685701E-14
  5220.39941  1.65066003E-14
  5224.92871  1.57652008E-14
  5229.45752  1.563304E-14
  5233.98682  1.56622897E-14
  5238.51562  1.52557207E-14
  5243.04443  1.56994694E-14
  5247.57373  1.64998393E-14
  5252.10254  1.66939708E-14
  5256.63184  1.67312199E-14
  5261.16064  1.62435898E-14
  5265.68945  1.58966705E-14
  5270.21875  1.53784795E-14
  5274.74756  1.49179697E-14
  5279.27686  1.48787792E-14
  5283.80566  1.49056606E-14
  5288.33447  1.59083392E-14
  5292.86377  1.64949807E-14
  5297.39258  1.69338708E-14
  5301.92139  1.80597707E-14
  5306.45068  1.90716397E-14
  5310.97949  1.87519898E-14
  5315.50879  1.90177193E-14
  5320.0376  2.01510307E-14
  5324.56641  2.02924903E-14
  5329.0957  2.02799102E-14
  5333.62451  2.05019598E-14
  5338.15381  2.06231499E-14
  5342.68262  2.13426604E-14
  5347.21143  2.15895908E-14
  5351.74072  2.30010696E-14
  5356.26953  2.32126804E-14
  5360.79834  2.25764096E-14
  5365.32764  2.19751704E-14
  5369.85645  2.15340102E-14
  5374.38574  2.14033401E-14
  5378.91455  2.16223795E-14
  5383.44336  2.12353498E-14
  5387.97266  2.09153001E-14
  5392.50146  2.18175308E-14
  5397.03076  2.28318697E-14
  5401.55957  2.36784808E-14
  5406.08838  2.44535396E-14
  5410.61768  2.44387792E-14
  5415.14648  2.54440803E-14
  5419.67529  2.55798394E-14
  5424.20459  2.54837807E-14
  5428.7334  2.56675496E-14
  5433.2627  2.46117908E-14
  5437.7915  2.41949202E-14
  5442.32031  2.38097895E-14
  5446.84961  2.31069199E-14
  5451.37842  2.23599808E-14
  5455.90771  2.23183492E-14
  5460.43652  2.20691605E-14
  5464.96533  2.15345794E-14
  5469.49463  2.06905195E-14
  5474.02344  2.02442602E-14
  5478.55225  1.92381697E-14
  5483.08154  1.85087795E-14
  5487.61035  1.84264699E-14
  5492.13965  1.82987306E-14
  5496.66846  1.90793595E-14
  5501.19727  2.00845505E-14
  5505.72656  2.16599301E-14
  5510.25537  2.30229501E-14
  5514.78467  2.36407505E-14
  5519.31348  2.51765602E-14
  5523.84229  2.57925903E-14
  5528.37158  2.66711295E-14
  5532.90039  2.66596895E-14
  5537.4292  2.69690699E-14
  5541.9585  2.64169806E-14
  5546.4873  2.60353296E-14
  5551.0166  2.62054393E-14
  5555.54541  2.64270095E-14
  5560.07422  2.60124496E-14
  5564.60352  2.63330702E-14
  5569.13232  2.50010008E-14
  5573.66162  2.38863206E-14
  5578.19043  2.44473207E-14
  5582.71924  2.34198206E-14
  5587.24854  2.21569301E-14
  5591.77734  2.10301001E-14
  5596.30615  1.97537502E-14
  5600.83545  1.83485192E-14
  5605.36426  1.71264099E-14
  5609.89355  1.67514098E-14
  5614.42236  1.62634205E-14
  5618.95117  1.59018205E-14
  5623.48047  1.58753795E-14
  5628.00928  1.60940902E-14
  5632.53857  1.72557603E-14
  5637.06738  1.77229006E-14
  5641.59619  1.886876E-14
  5646.12549  1.97157405E-14
  5650.6543  2.07341705E-14
  5655.18359  2.14430406E-14
  5659.7124  2.21395507E-14
  5664.24121  2.32802499E-14
  5668.77051  2.31712808E-14
  5673.29932  2.42493895E-14
  5677.82812  2.425571E-14
  5682.35742  2.43538405E-14
  5686.88623  2.38606403E-14
  5691.41553  2.40046207E-14
  5695.94434  2.36437507E-14
  5700.47314  2.38241501E-14
  5705.00244  2.31876303E-14
  5709.53125  2.23800504E-14
  5714.06055  2.19860903E-14
  5718.58936  2.25891405E-14
  5723.11816  2.21623799E-14
  5727.64746  2.18740804E-14
  5732.17627  2.12773101E-14
  5736.70508  2.06786492E-14
  5741.23438  2.02672894E-14
  5745.76318  1.94604905E-14
  5750.29248  1.84905005E-14
  5754.82129  1.78274398E-14
  5759.3501  1.72621401E-14
  5763.87939  1.681655E-14
  5768.4082  1.63871805E-14
  5772.9375  1.55559396E-14
  5777.46631  1.51135699E-14
  5781.99512  1.43131492E-14
  5786.52441  1.34911698E-14
  5791.05322  1.31776803E-14
  5795.58203  1.24111799E-14
  5800.11133  1.15666898E-14
  5804.64014  1.13228196E-14
  5809.16943  1.10611796E-14
  5813.69824  1.07260104E-14
  5818.22705  1.05441804E-14
  5822.75635  1.08063396E-14
  5827.28516  1.00407201E-14
  5831.81445  9.66434862E-15
  5836.34326  1.02432804E-14
  5840.87207  1.07704398E-14
  5845.40137  1.17793899E-14
  5849.93018  1.262362E-14
  5854.45898  1.45422699E-14
  5858.98828  1.69326494E-14
  5863.51709  1.97451207E-14
  5868.04639  2.24292901E-14
  5872.5752  2.43606201E-14
  5877.104  2.56286996E-14
  5881.6333  2.60103506E-14
  5886.16211  2.70051993E-14
  5890.69141  2.76663305E-14
  5895.22021  2.79595208E-14
  5899.74902  2.84893399E-14
  5904.27832  2.89512101E-14
  5908.80713  2.80571007E-14
  5913.33594  2.75572395E-14
  5917.86523  2.81740505E-14
  5922.39404  2.82312693E-14
  5926.92334  2.83385393E-14
  5931.45215  2.832993E-14
  5935.98096  2.83219306E-14
  5940.51025  2.764167E-14
  5945.03906  2.66375599E-14
  5949.56836  2.69582703E-14
  5954.09717  2.74478401E-14
  5958.62598  2.68246E-14
  5963.15527  2.69989092E-14
  5967.68408  2.67172504E-14
  5972.21289  2.60189107E-14
  5976.74219  2.59458796E-14
  5981.271  2.57791394E-14
  5985.80029  2.58224194E-14
  5990.3291  2.48356193E-14
  5994.85791  2.52550801E-14
  5999.38721  2.55544894E-14
  6003.91602  2.53411404E-14
  6008.44531  2.50467304E-14
  6012.97412  2.42820206E-14
  6017.50293  2.40999593E-14
  6022.03223  2.45562102E-14
  6026.56104  2.35534401E-14
  6031.09033  2.38388902E-14
  6035.61914  2.33004805E-14
  6040.14795  2.25734704E-14
  6044.67725  2.26567608E-14
  6049.20605  2.29977306E-14
  6053.73486  2.32369208E-14
  6058.26416  2.26321799E-14
  6062.79297  2.24237505E-14
  6067.32227  2.20812697E-14
  6071.85107  2.21443398E-14
  6076.37988  2.20842106E-14
  6080.90918  2.11127401E-14
  6085.43799  2.09096504E-14
  6089.96729  2.00944506E-14
  6094.49609  1.95728206E-14
  6099.0249  1.96724994E-14
  6103.5542  1.955516E-14
  6108.08301  1.957546E-14
  6112.61182  2.04060096E-14
  6117.14111  2.10507796E-14
  6121.66992  2.20796993E-14
  6126.19922  2.27131902E-14
  6130.72803  2.36111603E-14
  6135.25684  2.41543303E-14
  6139.78613  2.39298107E-14
  6144.31494  2.45308907E-14
  6148.84424  2.46777408E-14
  6153.37305  2.41792704E-14
  6157.90186  2.43679707E-14
  6162.43115  2.41246605E-14
  6166.95996  2.351469E-14
  6171.48877  2.292556E-14
  6176.01807  2.19762292E-14
  6180.54688  2.13410104E-14
  6185.07617  2.08572597E-14
  6189.60498  2.01646103E-14
  6194.13379  1.88913098E-14
  6198.66309  1.8617957E-14
  6203.19189  1.88295289E-14
  6207.72119  1.9148906E-14
  6212.25  2.01043931E-14
  6216.77881  2.08837837E-14
  6221.30811  2.12243587E-14
  6225.83691  2.18769942E-14
  6230.36572  2.27001662E-14
  6234.89502  2.35190912E-14
  6239.42383  2.33059557E-14
  6243.95312  2.36206284E-14
  6248.48193  2.36661361E-14
  6253.01074  2.28977265E-14
  6257.54004  2.34657197E-14
  6262.06885  2.36478724E-14
  6266.59814  2.33096115E-14
  6271.12695  2.35516274E-14
  6275.65576  2.28988581E-14
  6280.18506  2.27468394E-14
  6284.71387  2.22519248E-14
  6289.24268  2.06815969E-14
  6293.77197  1.92313799E-14
  6298.30078  1.9605511E-14
  6302.83008  1.88003638E-14
  6307.35889  1.93765614E-14
  6311.8877  2.02352241E-14
  6316.41699  2.02278956E-14
  6320.9458  1.98512386E-14
  6325.4751  2.00243756E-14
  6330.00391  2.03705427E-14
  6334.53271  2.01112422E-14
  6339.06201  2.02384784E-14
  6343.59082  2.04009817E-14
  6348.12012  1.99146831E-14
  6352.64893  2.01177779E-14
  6357.17773  2.01499279E-14
  6361.70703  1.88528375E-14
  6366.23584  1.86455093E-14
  6370.76465  1.86029018E-14
  6375.29395  1.75964081E-14
  6379.82275  1.67527074E-14
  6384.35205  1.57730748E-14
  6388.88086  1.48486553E-14
  6393.40967  1.34375501E-14
  6397.93896  1.2694365E-14
  6402.46777  1.20255402E-14
  6406.99707  1.06875703E-14
  6411.52588  1.032817E-14
  6416.05469  9.82550087E-15
  6420.58398  9.6457266E-15
  6425.11279  9.09739389E-15
  6429.6416  9.41254012E-15
  6434.1709  8.86036104E-15
  6438.69971  8.28812422E-15
  6443.229  8.40695616E-15
  6447.75781  8.23320938E-15
  6452.28662  8.08622036E-15
  6456.81592  8.12925895E-15
  6461.34473  8.38764212E-15
  6465.87402  8.47154158E-15
  6470.40283  9.05097395E-15
  6474.93164  9.73726714E-15
  6479.46094  1.01466297E-14
  6483.98975  1.07709099E-14
  6488.51855  1.208849E-14
  6493.04785  1.35656502E-14
  6497.57666  1.49840704E-14
  6502.10596  1.774316E-14
  6506.63477  2.10771206E-14
  6511.16357  2.38964901E-14
  6515.69287  2.75450405E-14
  6520.22168  3.15415486E-14
  6524.75098  3.49806616E-14
  6529.27979  3.79158984E-14
  6533.80859  4.02090911E-14
  6538.33789  4.29525596E-14
  6542.8667  4.44985811E-14
  6547.39551  4.56676797E-14
  6551.9248  4.59752611E-14
  6556.45361  4.64330892E-14
  6560.98291  4.73458011E-14
  6565.51172  4.73752405E-14
  6570.04053  4.75619808E-14
  6574.56982  4.77656685E-14
  6579.09863  4.71714004E-14
  6583.62793  4.69947296E-14
  6588.15674  4.63000305E-14
  6592.68555  4.56506103E-14
  6597.21484  4.46225088E-14
  6601.74365  4.3865939E-14
  6606.27246  4.2814639E-14
  6610.80176  4.18642714E-14
  6615.33057  4.0751409E-14
  6619.85986  3.97586999E-14
  6624.38867  3.84126189E-14
  6628.91748  3.6956139E-14
  6633.44678  3.6290449E-14
  6637.97559  3.55152614E-14
  6642.50488  3.45626E-14
  6647.03369  3.30673192E-14
  6651.5625  3.20311608E-14
  6656.0918  3.21853614E-14
  6660.62061  3.13179794E-14
  6665.14941  3.02785784E-14
  6669.67871  2.97441311E-14
  6674.20752  2.91057292E-14
  6678.73682  2.85988511E-14
  6683.26562  2.77205898E-14
  6687.79443  2.70711001E-14
  6692.32373  2.73460996E-14
  6696.85254  2.67371388E-14
  6701.38184  2.62244975E-14
  6705.91064  2.67013415E-14
  6710.43945  2.58562855E-14
  6714.96875  2.46007489E-14
  6719.49756  2.47650208E-14
  6724.02686  2.43024239E-14
  6728.55566  2.40910858E-14
  6733.08447  2.3803059E-14
  6737.61377  2.37967012E-14
  6742.14258  2.32543155E-14
  6746.67139  2.29872799E-14
  6751.20068  2.3064824E-14
  6755.72949  2.33204755E-14
  6760.25879  2.34436663E-14
  6764.7876  2.25374444E-14
  6769.31641  2.18588677E-14
  6773.8457  2.21152984E-14
  6778.37451  2.28186E-14
  6782.90381  2.24960889E-14
  6787.43262  2.23892153E-14
  6791.96143  2.13121333E-14
  6796.49072  2.11123911E-14
  6801.01953  2.20068087E-14
  6805.54834  2.21990496E-14
  6810.07764  2.21553665E-14
  6814.60645  2.15422755E-14
  6819.13574  2.20855591E-14
  6823.66455  2.27125176E-14
  6828.19336  2.19862309E-14
  6832.72266  2.19681281E-14
  6837.25146  2.13121774E-14
  6841.78076  2.17098136E-14
  6846.30957  2.18931386E-14
  6850.83838  2.18332466E-14
  6855.36768  2.17616384E-14
  6859.89648  2.18395231E-14
  6864.42529  2.17193308E-14
  6868.95459  2.27324991E-14
  6873.4834  2.29133254E-14
  6878.0127  2.14226592E-14
  6882.5415  2.1244806E-14
  6887.07031  2.17935885E-14
  6891.59961  2.18616832E-14
  6896.12842  2.16248291E-14
  6900.65771  2.14275788E-14
  6905.18652  2.09616429E-14
  6909.71533  2.12652992E-14
  6914.24463  2.1442263E-14
  6918.77344  2.10134983E-14
  6923.30225  1.98270863E-14
  6927.83154  1.94168954E-14
  6932.36035  2.02343516E-14
  6936.88965  2.06290775E-14
  6941.41846  1.99890628E-14
  6945.94727  1.94979971E-14
  6950.47656  1.98636307E-14
  6955.00537  2.02755157E-14
  6959.53467  2.0431441E-14
  6964.06348  1.96274898E-14
  6968.59229  1.94816646E-14
  6973.12158  2.05032219E-14
  6977.65039  2.06381153E-14
  6982.1792  2.0612972E-14
  6986.7085  2.03445676E-14
  6991.2373  2.0201397E-14
  6995.7666  2.05270574E-14
  7000.29541  2.05076536E-14
  7004.82422  2.04487204E-14
  7009.35352  2.04425015E-14
  7013.88232  2.03965161E-14
  7018.41162  2.02886193E-14
  7022.94043  2.01621912E-14
  7027.46924  1.99700824E-14
  7031.99854  1.98281892E-14
  7036.52734  1.99271226E-14
  7041.05615  2.01278525E-14
  7045.58545  2.00917198E-14
  7050.11426  1.98457905E-14
  7054.64355  1.96549049E-14
  7059.17236  1.9520745E-14
  7063.70117  1.93001438E-14
  7068.23047  1.9052866E-14
  7072.75928  1.88965664E-14
  7077.28857  1.89275407E-14
  7081.81738  1.90358627E-14
  7086.34619  1.90117697E-14
  7090.87549  1.88541606E-14
  7095.4043  1.8601245E-14
  7099.93359  1.83524494E-14
  7104.4624  1.81979421E-14
  7108.99121  1.81256784E-14
  7113.52051  1.82520777E-14
  7118.04932  1.85015577E-14
  7122.57812  1.84968872E-14
  7127.10742  1.81681503E-14
  7131.63623  1.7803611E-14
  7136.16553  1.75905382E-14
  7140.69434  1.7537021E-14
  7145.22314  1.75361858E-14
  7149.75244  1.75345713E-14
  7154.28125  1.74880099E-14
  7158.81055  1.73444158E-14
  7163.33936  1.71229913E-14
  7167.86816  1.69988637E-14
  7172.39746  1.7003502E-14
  7176.92627  1.70470971E-14
  7181.45508  1.7181916E-14
  7185.98438  1.7380801E-14
  7190.51318  1.75501601E-14
  7195.04248  1.76507284E-14
  7199.57129  1.77771955E-14
  7204.1001  1.80094739E-14
  7208.62939  1.80943263E-14
  7213.1582  1.79626906E-14
  7217.6875  1.78755868E-14
  7222.21631  1.78073126E-14
  7226.74512  1.76007551E-14
  7231.27441  1.73346631E-14
  7235.80322  1.71275059E-14
  7240.33203  1.68798454E-14
  7244.86133  1.65920676E-14
  7249.39014  1.65582151E-14
  7253.91943  1.66752767E-14
  7258.44824  1.65435801E-14
  7262.97705  1.6368539E-14
  7267.50635  1.64039535E-14
  7272.03516  1.66954548E-14
  7276.56445  1.70585033E-14
  7281.09326  1.717279E-14
  7285.62207  1.71769761E-14
  7290.15137  1.72742104E-14
  7294.68018  1.73759797E-14
  7299.20898  1.73713837E-14
  7303.73828  1.72218281E-14
  7308.26709  1.70929673E-14
  7312.79639  1.71275534E-14
  7317.3252  1.71950653E-14
  7321.854  1.72617183E-14
  7326.3833  1.74067846E-14
  7330.91211  1.74381654E-14
  7335.44141  1.72205169E-14
  7339.97021  1.69756109E-14
  7344.49902  1.68145391E-14
  7349.02832  1.66709975E-14
  7353.55713  1.66925427E-14
  7358.08594  1.67898634E-14
  7362.61523  1.66805995E-14
  7367.14404  1.63619152E-14
  7371.67334  1.60242862E-14
  7376.20215  1.58544103E-14
  7380.73096  1.58697874E-14
  7385.26025  1.59065571E-14
  7389.78906  1.58848002E-14
  7394.31836  1.57584923E-14
  7398.84717  1.5469317E-14
  7403.37598  1.51275155E-14
  7407.90527  1.49113916E-14
  7412.43408  1.48778881E-14
  7416.96289  1.49554458E-14
  7421.49219  1.51705142E-14
  7426.021  1.54844958E-14
  7430.55029  1.57712063E-14
  7435.0791  1.59345735E-14
  7439.60791  1.58946241E-14
  7444.13721  1.57583483E-14
  7448.66602  1.57302624E-14
  7453.19531  1.57220919E-14
  7457.72412  1.55786842E-14
  7462.25293  1.54195961E-14
  7466.78223  1.54180495E-14
  7471.31104  1.55669104E-14
  7475.84033  1.57068335E-14
  7480.36914  1.56830386E-14
  7484.89795  1.5581371E-14
  7489.42725  1.56413138E-14
  7493.95605  1.57967409E-14
  7498.48486  1.57353311E-14
  7503.01416  1.54173515E-14
  7507.54297  1.50576285E-14
  7512.07227  1.47479092E-14
  7516.60107  1.45673726E-14
  7521.12988  1.4677204E-14
  7525.65918  1.50268846E-14
  7530.18799  1.52460425E-14
  7534.71729  1.50519974E-14
  7539.24609  1.46393212E-14
  7543.7749  1.43651231E-14
  7548.3042  1.43871646E-14
  7552.83301  1.46184707E-14
  7557.36182  1.48844932E-14
  7561.89111  1.50737018E-14
  7566.41992  1.50666087E-14
  7570.94922  1.48133052E-14
  7575.47803  1.44852036E-14
  7580.00684  1.42015839E-14
  7584.53613  1.38647172E-14
  7589.06494  1.32708413E-14
  7593.59424  1.2261809E-14
  7598.12305  1.09400361E-14
  7602.65186  9.54906659E-15
  7607.18115  8.60535499E-15
  7611.70996  8.6686436E-15
  7616.23877  9.47609724E-15
  7620.76807  1.02718119E-14
  7625.29688  1.06955884E-14
  7629.82617  1.08162372E-14
  7634.35498  1.06995381E-14
  7638.88379  1.04120585E-14
  7643.41309  1.02160059E-14
  7647.94189  1.03371655E-14
  7652.47119  1.07122935E-14
  7657.  1.11380064E-14
  7661.52881  1.15391934E-14
  7666.05811  1.19261273E-14
  7670.58691  1.2263454E-14
  7675.11572  1.24827542E-14
  7679.64502  1.2517524E-14
  7684.17383  1.24237423E-14
  7688.70312  1.22660552E-14
  7693.23193  1.20351693E-14
  7697.76074  1.17439712E-14
  7702.29004  1.13532934E-14
  7706.81885  1.08460045E-14
  7711.34814  1.03378288E-14
  7715.87695  1.00111358E-14
  7720.40576  9.99343786E-15
  7724.93506  1.03637378E-14
  7729.46387  1.09727858E-14
  7733.99268  1.15853685E-14
  7738.52197  1.21085054E-14
  7743.05078  1.24641152E-14
  7747.58008  1.27570201E-14
  7752.10889  1.31417645E-14
  7756.6377  1.34588529E-14
  7761.16699  1.35663592E-14
  7765.6958  1.35145547E-14
  7770.2251  1.33267497E-14
  7774.75391  1.31993441E-14
  7779.28271  1.34220604E-14
  7783.81201  1.39828606E-14
  7788.34082  1.45508317E-14
  7792.86963  1.46761164E-14
  7797.39893  1.42713617E-14
  7801.92773  1.37763827E-14
  7806.45703  1.35596363E-14
  7810.98584  1.3627044E-14
  7815.51465  1.38151167E-14
  7820.04395  1.38532586E-14
  7824.57275  1.36482935E-14
  7829.10205  1.34169087E-14
  7833.63086  1.33112998E-14
  7838.15967  1.33444747E-14
  7842.68896  1.34665575E-14
  7847.21777  1.35450614E-14
  7851.74707  1.35094089E-14
  7856.27588  1.34523096E-14
  7860.80469  1.34527018E-14
  7865.33398  1.3372763E-14
  7869.86279  1.30423092E-14
  7874.3916  1.25248958E-14
  7878.9209  1.19772805E-14
  7883.44971  1.15042846E-14
  7887.979  1.1279798E-14
  7892.50781  1.14248753E-14
  7897.03662  1.17759755E-14
  7901.56592  1.20214423E-14
  7906.09473  1.19162458E-14
  7910.62402  1.15101528E-14
  7915.15283  1.11925697E-14
  7919.68164  1.11688934E-14
  7924.21094  1.1254924E-14
  7928.73975  1.12831599E-14
  7933.26855  1.12242021E-14
  7937.79785  1.11891765E-14
  7942.32666  1.12335314E-14
  7946.85596  1.1233594E-14
  7951.38477  1.11052084E-14
  7955.91357  1.1020949E-14
  7960.44287  1.11310878E-14
  7964.97168  1.12311673E-14
  7969.50098  1.11361294E-14
  7974.02979  1.10388476E-14
  7978.55859  1.10827578E-14
  7983.08789  1.11337704E-14
  7987.6167  1.10874538E-14
  7992.14551  1.10393304E-14
  7996.6748  1.1096733E-14
  8001.20361  1.11537392E-14
  8005.73291  1.11588654E-14
  8010.26172  1.11776297E-14
  8014.79053  1.11067839E-14
  8019.31982  1.09633211E-14
  8023.84863  1.09266894E-14
  8028.37793  1.1057263E-14
  8032.90674  1.11706121E-14
  8037.43555  1.11073463E-14
  8041.96484  1.08978065E-14
  8046.49365  1.06539008E-14
  8051.02246  1.05516588E-14
  8055.55176  1.06689407E-14
  8060.08057  1.09263676E-14
  8064.60986  1.12636137E-14
  8069.13867  1.15523156E-14
  8073.66748  1.16534403E-14
  8078.19678  1.16368198E-14
  8082.72559  1.14522615E-14
  8087.25488  1.10313056E-14
  8091.78369  1.0596444E-14
  8096.3125  1.02683449E-14
  8100.8418  1.00941611E-14
  8105.37061  1.00322023E-14
  8109.89941  1.00291073E-14
  8114.42871  1.00707847E-14
  8118.95752  1.01480934E-14
  8123.48682  1.01744708E-14
  8128.01562  1.00334983E-14
  8132.54443  9.82509769E-15
  8137.07373  9.63483206E-15
  8141.60254  9.36594399E-15
  8146.13184  9.00125311E-15
  8150.66064  8.79169801E-15
  8155.18945  8.98742022E-15
  8159.71875  9.36008422E-15
  8164.24756  9.55006693E-15
  8168.77686  9.43215741E-15
  8173.30566  9.1265835E-15
  8177.83447  8.97641048E-15
  8182.36377  9.06552936E-15
  8186.89258  9.25150646E-15
  8191.42139  9.41406055E-15
  8195.9502  9.47841726E-15
  8200.47949  9.53562333E-15
  8205.00879  9.66713282E-15
  8209.53711  9.87184967E-15
  8214.06641  1.01330272E-14
  8218.5957  1.02640547E-14
  8223.125  1.00592777E-14
  8227.65332  9.62875714E-15
  8232.18262  9.23996309E-15
  8236.71191  9.02914082E-15
  8241.24023  9.07499834E-15
  8245.76953  9.32629608E-15
  8250.29883  9.52938917E-15
  8254.82715  9.61086272E-15
  8259.35645  9.70575074E-15
  8263.88574  9.84072714E-15
  8268.41406  9.91814256E-15
  8272.94336  9.84790151E-15
  8277.47266  9.54561916E-15
  8282.00195  9.10177305E-15
  8286.53027  8.7733572E-15
  8291.05957  8.68521241E-15
  8295.58887  8.70416139E-15
  8300.11719  8.64754316E-15
  8304.64648  8.49485446E-15
  8309.17578  8.32727069E-15
  8313.7041  8.17286082E-15
  8318.2334  7.91019675E-15
  8322.7627  7.51672792E-15
  8327.29102  7.06195593E-15
  8331.82031  6.50722093E-15
  8336.34961  5.86387187E-15
  8340.87891  5.31315519E-15
  8345.40723  4.91824175E-15
  8349.93652  4.54771015E-15
  8354.46582  4.19730406E-15
  8358.99414  3.85229229E-15
  8363.52344  3.45848465E-15
  8368.05273  3.10870261E-15
  8372.58105  2.77189309E-15
  8377.11035  2.39841784E-15
  8381.63965  2.10358684E-15
  8386.16895  1.92709376E-15
  8390.69727  1.88359375E-15
  8395.22656  1.95246621E-15
  8399.75586  2.03256186E-15
  8404.28418  2.05491019E-15
  8408.81348  2.1220871E-15
  8413.34277  2.34242875E-15
  8417.87109  2.61623935E-15
  8422.40039  2.87928289E-15
  8426.92969  3.18321694E-15
  8431.45801  3.48413789E-15
  8435.9873  3.76543372E-15
  8440.5166  4.00426101E-15
  8445.0459  4.13180681E-15
  8449.57422  4.29353759E-15
  8454.10352  4.67138374E-15
  8458.63281  5.18330335E-15
  8463.16113  5.63047322E-15
  8467.69043  6.04207405E-15
  8472.21973  6.53953185E-15
  8476.74805  7.08685065E-15
  8481.27734  7.57732127E-15
  8485.80664  7.94816669E-15
  8490.33496  8.1724517E-15
  8494.86426  8.30821753E-15
  8499.39355  8.44917398E-15
  8503.92285  8.49657818E-15
  8508.45117  8.31143287E-15
  8512.98047  7.96536909E-15
  8517.50977  7.62131616E-15
  8522.03809  7.39928342E-15
  8526.56738  7.28701089E-15
  8531.09668  7.22264147E-15
  8535.625  7.24465925E-15
  8540.1543  7.33169612E-15
  8544.68359  7.373166E-15
  8549.21191  7.29367281E-15
  8553.74121  7.1492935E-15
  8558.27051  7.16144927E-15
  8562.7998  7.40592924E-15
  8567.32812  7.72590525E-15
  8571.85742  8.08209023E-15
  8576.38672  8.56345905E-15
  8580.91504  9.10884408E-15
  8585.44434  9.56201179E-15
  8589.97363  9.96151488E-15
  8594.50195  1.05716513E-14
  8599.03125  1.15073398E-14
  8603.56055  1.25269253E-14
  8608.08887  1.33951789E-14
  8612.61816  1.41064672E-14
  8617.14746  1.47750939E-14
  8621.67676  1.56170819E-14
  8626.20508  1.66952972E-14
  8630.73438  1.77423587E-14
  8635.26367  1.84709747E-14
  8639.79199  1.8832153E-14
  8644.32129  1.90600336E-14
  8648.85059  1.93618535E-14
  8653.37891  1.97819276E-14
  8657.9082  2.016995E-14
  8662.4375  2.03133375E-14
  8666.96582  2.04075411E-14
  8671.49512  2.07726394E-14
  8676.02441  2.12655211E-14
  8680.55371  2.15647694E-14
