4156.505859375	2.3334695e-13
4159.849146604538	1.7789134e-13
4163.192433834076	1.5956964e-13
4166.535721063614	1.5660723e-13
4169.879008293152	1.4879168e-13
4173.22229552269	1.5063615e-13
4176.565582752228	1.6115383e-13
4179.908869981766	1.5953086e-13
4183.252157211304	1.6780826e-13
4186.595444440842	1.7555629e-13
4189.93873167038	1.8913721e-13
4193.282018899918	1.9758097e-13
4196.625306129456	2.0498893e-13
4199.9685933589935	2.1433566e-13
4203.3118805885315	2.2298234e-13
4206.6551678180695	2.3114648e-13
4209.998455047607	2.3965728e-13
4213.341742277145	2.4584954e-13
4216.685029506683	2.5177966e-13
4220.028316736221	2.550348e-13
4223.371603965759	2.6054433e-13
4226.714891195297	2.6437928e-13
4230.058178424835	2.649139e-13
4233.401465654373	2.74381e-13
4236.744752883911	2.761982e-13
4240.088040113449	2.8132425e-13
4243.431327342987	2.8650682e-13
4246.774614572525	2.9162407e-13
4250.117901802063	3.0360165e-13
4253.461189031601	3.086006e-13
4256.804476261139	3.1638133e-13
4260.147763490677	3.2106552e-13
4263.491050720215	3.2676818e-13
4266.834337949753	3.314321e-13
4270.177625179291	3.3614143e-13
4273.520912408829	3.4309908e-13
4276.864199638367	3.4701934e-13
4280.207486867905	3.5273536e-13
4283.550774097443	3.59199e-13
4286.894061326981	3.6130587e-13
4290.237348556519	3.689535e-13
4293.5806357860565	3.7011423e-13
4296.9239230155945	3.7525256e-13
4300.267210245132	3.7962136e-13
4303.61049747467	3.8070645e-13
4306.953784704208	3.860714e-13
4310.297071933746	3.867093e-13
4313.640359163284	3.8888757e-13
4316.983646392822	3.8992678e-13
4320.32693362236	3.9113114e-13
4323.670220851898	3.8830704e-13
4327.013508081436	3.915989e-13
4330.356795310974	3.858917e-13
4333.700082540512	3.8773848e-13
4337.04336977005	3.8345607e-13
4340.386656999588	3.8537692e-13
4343.729944229126	3.7863606e-13
4347.073231458664	3.760502e-13
4350.416518688202	3.7264414e-13
4353.75980591774	3.6909394e-13
4357.103093147278	3.659677e-13
4360.446380376816	3.612841e-13
4363.789667606354	3.5738383e-13
4367.132954835892	3.536338e-13
4370.47624206543	3.4692792e-13
4373.819529294968	3.4621392e-13
4377.162816524506	3.3982363e-13
4380.506103754044	3.3760348e-13
4383.8493909835815	3.3405746e-13
4387.1926782131195	3.2967522e-13
4390.5359654426575	3.2821556e-13
4393.879252672195	3.273677e-13
4397.222539901733	3.2598373e-13
4400.565827131271	3.2272023e-13
4403.909114360809	3.2300256e-13
4407.252401590347	3.2271443e-13
4410.595688819885	3.2133703e-13
4413.938976049423	3.21683e-13
4417.282263278961	3.209448e-13
4420.625550508499	3.2177052e-13
4423.968837738037	3.2175938e-13
4427.312124967575	3.198753e-13
4430.655412197113	3.2112e-13
4433.998699426651	3.2170688e-13
4437.341986656189	3.2429465e-13
4440.685273885727	3.2221632e-13
4444.028561115265	3.2300467e-13
4447.371848344803	3.2735175e-13
4450.715135574341	3.287921e-13
4454.058422803879	3.2841254e-13
4457.401710033417	3.2995525e-13
4460.744997262955	3.3282204e-13
4464.088284492493	3.3337905e-13
4467.431571722031	3.3534002e-13
4470.774858951569	3.379885e-13
4474.118146181107	3.3787594e-13
4477.4614334106445	3.4023275e-13
4480.8047206401825	3.4017735e-13
4484.1480078697205	3.4643696e-13
4487.491295099258	3.4541242e-13
4490.834582328796	3.471368e-13
4494.177869558334	3.4941177e-13
4497.521156787872	3.492956e-13
4500.86444401741	3.535663e-13
4504.207731246948	3.513721e-13
4507.551018476486	3.541072e-13
4510.894305706024	3.5393433e-13
4514.237592935562	3.5500867e-13
4517.5808801651	3.5448613e-13
4520.924167394638	3.5621758e-13
4524.267454624176	3.5539296e-13
4527.610741853714	3.5604053e-13
4530.954029083252	3.5602497e-13
4534.29731631279	3.5699997e-13
4537.640603542328	3.5508735e-13
4540.983890771866	3.5636796e-13
4544.327178001404	3.534842e-13
4547.670465230942	3.5457086e-13
4551.01375246048	3.5255178e-13
4554.357039690018	3.5114842e-13
4557.700326919556	3.538596e-13
4561.043614149093	3.519877e-13
4564.386901378631	3.4792083e-13
4567.730188608169	3.493946e-13
4571.073475837707	3.450869e-13
4574.416763067245	3.446338e-13
4577.7600502967825	3.437376e-13
4581.1033375263205	3.4129543e-13
4584.4466247558585	3.3999472e-13
4587.789911985396	3.370948e-13
4591.133199214934	3.3702503e-13
4594.476486444472	3.321239e-13
4597.81977367401	3.3136455e-13
4601.163060903548	3.298964e-13
4604.506348133086	3.2535799e-13
4607.849635362624	3.230797e-13
4611.192922592162	3.186645e-13
4614.5362098217	3.1680488e-13
4617.879497051238	3.1368191e-13
4621.222784280776	3.1097894e-13
4624.566071510314	3.0721782e-13
4627.909358739852	3.0561274e-13
4631.25264596939	3.040022e-13
4634.595933198928	3.023983e-13
4637.939220428466	3.0040838e-13
4641.282507658004	2.9805406e-13
4644.625794887542	2.9746127e-13
4647.96908211708	2.9546753e-13
4651.312369346618	2.9475137e-13
4654.655656576156	2.9116314e-13
4657.998943805694	2.8880636e-13
4661.342231035232	2.8506567e-13
4664.68551826477	2.8345674e-13
4668.028805494308	2.8020815e-13
4671.3720927238455	2.7500948e-13
4674.7153799533835	2.7287775e-13
4678.058667182921	2.6978298e-13
4681.401954412459	2.6742709e-13
4684.745241641997	2.633853e-13
4688.088528871535	2.6022636e-13
4691.431816101073	2.561167e-13
4694.775103330611	2.5348655e-13
4698.118390560149	2.488207e-13
4701.461677789687	2.4529082e-13
4704.804965019225	2.3923805e-13
4708.148252248763	2.374223e-13
4711.491539478301	2.3428376e-13
4714.834826707839	2.3014023e-13
4718.178113937377	2.292851e-13
4721.521401166915	2.264372e-13
4724.864688396453	2.2554422e-13
4728.207975625991	2.2576246e-13
4731.551262855529	2.2485308e-13
4734.894550085067	2.2697893e-13
4738.237837314605	2.2955097e-13
4741.581124544143	2.3378673e-13
4744.924411773681	2.3757358e-13
4748.267699003219	2.4207307e-13
4751.610986232757	2.4860084e-13
4754.954273462295	2.5545405e-13
4758.297560691833	2.6208612e-13
4761.640847921371	2.6850972e-13
4764.9841351509085	2.7705385e-13
4768.3274223804465	2.8306708e-13
4771.670709609984	2.8900452e-13
4775.013996839522	2.9996386e-13
4778.35728406906	3.0435853e-13
4781.700571298598	3.1032522e-13
4785.043858528136	3.1650607e-13
4788.387145757674	3.2138016e-13
4791.730432987212	3.2583566e-13
4795.07372021675	3.31445e-13
4798.417007446288	3.3588423e-13
4801.760294675826	3.4054652e-13
4805.103581905364	3.427397e-13
4808.446869134902	3.4785578e-13
4811.79015636444	3.504121e-13
4815.133443593978	3.5134019e-13
4818.476730823516	3.5558302e-13
4821.820018053054	3.5587549e-13
4825.163305282592	3.583917e-13
4828.50659251213	3.5970166e-13
4831.849879741668	3.5948292e-13
4835.193166971206	3.607043e-13
4838.536454200744	3.5997526e-13
4841.879741430282	3.630842e-13
4845.22302865982	3.6143438e-13
4848.566315889358	3.6241176e-13
4851.909603118896	3.623148e-13
4855.2528903484335	3.6126066e-13
4858.5961775779715	3.6100897e-13
4861.9394648075095	3.5978346e-13
4865.282752037047	3.5906383e-13
4868.626039266585	3.5783838e-13
4871.969326496123	3.5711308e-13
4875.312613725661	3.5193777e-13
4878.655900955199	3.5101772e-13
4881.999188184737	3.499525e-13
4885.342475414275	3.5065676e-13
4888.685762643813	3.4712977e-13
4892.029049873351	3.4565599e-13
4895.372337102889	3.4478922e-13
4898.715624332427	3.4208668e-13
4902.058911561965	3.4223964e-13
4905.402198791503	3.4051532e-13
4908.745486021041	3.4127578e-13
4912.088773250579	3.3922986e-13
4915.432060480117	3.374535e-13
4918.775347709655	3.388534e-13
4922.118634939193	3.359288e-13
4925.461922168731	3.3521317e-13
4928.805209398269	3.346255e-13
4932.148496627807	3.3277005e-13
4935.491783857345	3.305622e-13
4938.835071086883	3.2995294e-13
4942.178358316421	3.3018282e-13
4945.521645545959	3.260199e-13
4948.8649327754965	3.2554656e-13
4952.2082200050345	3.250338e-13
4955.5515072345725	3.220744e-13
4958.89479446411	3.2182167e-13
4962.238081693648	3.1747023e-13
4965.581368923186	3.1669594e-13
4968.924656152724	3.138652e-13
4972.267943382262	3.116942e-13
4975.6112306118	3.1078363e-13
4978.954517841338	3.0879433e-13
4982.297805070876	3.0556365e-13
4985.641092300414	3.028938e-13
4988.984379529952	3.0093202e-13
4992.32766675949	3.0100765e-13
4995.670953989028	3.0050672e-13
4999.014241218566	2.9686502e-13
5002.357528448104	2.942339e-13
5005.700815677642	2.912246e-13
5009.04410290718	2.9121337e-13
5012.387390136718	2.8752887e-13
5015.730677366256	2.8481666e-13
5019.073964595794	2.8440713e-13
5022.417251825332	2.839912e-13
5025.76053905487	2.801365e-13
5029.103826284408	2.8009e-13
5032.447113513946	2.7857328e-13
5035.790400743484	2.788493e-13
5039.133687973022	2.7691329e-13
5042.4769752025595	2.786703e-13
5045.8202624320975	2.7672157e-13
5049.163549661635	2.7987047e-13
5052.506836891173	2.7947566e-13
5055.850124120711	2.8012626e-13
5059.193411350249	2.8086593e-13
5062.536698579787	2.818439e-13
5065.879985809325	2.8299764e-13
5069.223273038863	2.8300078e-13
5072.566560268401	2.8457103e-13
5075.909847497939	2.8517686e-13
5079.253134727477	2.8605026e-13
5082.596421957015	2.870556e-13
5085.939709186553	2.8728143e-13
5089.282996416091	2.881351e-13
5092.626283645629	2.886317e-13
5095.969570875167	2.8916943e-13
5099.312858104705	2.8863102e-13
5102.656145334243	2.9069488e-13
5105.999432563781	2.9182063e-13
5109.342719793319	2.9113233e-13
5112.686007022857	2.9084704e-13
5116.029294252395	2.9137993e-13
5119.372581481933	2.9231698e-13
5122.715868711471	2.9103908e-13
5126.059155941009	2.9177293e-13
5129.402443170547	2.924646e-13
5132.7457304000845	2.914345e-13
5136.0890176296225	2.9298143e-13
5139.4323048591605	2.9273106e-13
5142.775592088698	2.9250062e-13
5146.118879318236	2.9147014e-13
5149.462166547774	2.9370703e-13
5152.805453777312	2.9217956e-13
5156.14874100685	2.924557e-13
5159.492028236388	2.915849e-13
5162.835315465926	2.9223745e-13
5166.178602695464	2.9295267e-13
5169.521889925002	2.9232603e-13
5172.86517715454	2.927194e-13
5176.208464384078	2.9300054e-13
5179.551751613616	2.9413104e-13
5182.895038843154	2.9107448e-13
5186.238326072692	2.937869e-13
5189.58161330223	2.933712e-13
5192.924900531768	2.9235658e-13
5196.268187761306	2.9336985e-13
5199.611474990844	2.9145235e-13
5202.954762220381	2.9313845e-13
5206.298049449919	2.9216104e-13
5209.641336679457	2.9218072e-13
5212.984623908995	2.9038648e-13
5216.327911138533	2.907414e-13
5219.671198368071	2.9161263e-13
5223.014485597609	2.918439e-13
5226.357772827147	2.903006e-13
5229.701060056685	2.8966467e-13
5233.044347286223	2.900134e-13
5236.3876345157605	2.9036455e-13
5239.7309217452985	2.8800896e-13
5243.074208974836	2.8904434e-13
5246.417496204374	2.8680752e-13
5249.760783433912	2.879473e-13
5253.10407066345	2.8644502e-13
5256.447357892988	2.851368e-13
5259.790645122526	2.8592642e-13
5263.133932352064	2.824997e-13
5266.477219581602	2.8409244e-13
5269.82050681114	2.8373907e-13
5273.163794040678	2.818692e-13
5276.507081270216	2.81579e-13
5279.850368499754	2.8011125e-13
5283.193655729292	2.8034964e-13
5286.53694295883	2.7840252e-13
5289.880230188368	2.7750526e-13
5293.223517417906	2.769806e-13
5296.566804647444	2.7559335e-13
5299.910091876982	2.7573625e-13
5303.25337910652	2.7382222e-13
5306.596666336058	2.7389793e-13
5309.939953565596	2.7205045e-13
5313.283240795134	2.708113e-13
5316.626528024672	2.7042122e-13
5319.96981525421	2.694705e-13
5323.313102483748	2.651189e-13
5326.6563897132855	2.6941348e-13
5329.9996769428235	2.6743077e-13
5333.3429641723615	2.6549552e-13
5336.686251401899	2.6428163e-13
5340.029538631437	2.628905e-13
5343.372825860975	2.6241438e-13
5346.716113090513	2.6165214e-13
5350.059400320051	2.60146e-13
5353.402687549589	2.59104e-13
5356.745974779127	2.581728e-13
5360.089262008665	2.5636326e-13
5363.432549238203	2.5657807e-13
5366.775836467741	2.5408785e-13
5370.119123697279	2.5362405e-13
5373.462410926817	2.5326098e-13
5376.805698156355	2.528636e-13
5380.148985385893	2.5112348e-13
5383.492272615431	2.506345e-13
5386.835559844969	2.5069579e-13
5390.178847074507	2.4921758e-13
5393.522134304045	2.4970493e-13
5396.865421533583	2.4737975e-13
5400.208708763121	2.47349e-13
5403.551995992659	2.4618233e-13
5406.895283222197	2.4624253e-13
5410.238570451735	2.4528806e-13
5413.581857681273	2.4317207e-13
5416.925144910811	2.4460913e-13
5420.2684321403485	2.4401786e-13
5423.6117193698865	2.441182e-13
5426.955006599424	2.4225812e-13
5430.298293828962	2.4243495e-13
5433.6415810585	2.4103655e-13
5436.984868288038	2.407852e-13
5440.328155517576	2.4160974e-13
5443.671442747114	2.412627e-13
5447.014729976652	2.4043376e-13
5450.35801720619	2.3969964e-13
5453.701304435728	2.3877693e-13
5457.044591665266	2.390951e-13
5460.387878894804	2.3821182e-13
5463.731166124342	2.3750622e-13
5467.07445335388	2.3776649e-13
5470.417740583418	2.369178e-13
5473.761027812956	2.3688918e-13
5477.104315042494	2.3644102e-13
5480.447602272032	2.368554e-13
5483.79088950157	2.3486017e-13
5487.134176731108	2.361484e-13
5490.477463960646	2.3473018e-13
5493.820751190184	2.337277e-13
5497.164038419722	2.3466103e-13
5500.50732564926	2.341958e-13
5503.850612878798	2.3352452e-13
5507.193900108336	2.3248778e-13
5510.537187337874	2.32371e-13
5513.8804745674115	2.3247886e-13
5517.2237617969495	2.3219534e-13
5520.567049026487	2.3118657e-13
5523.910336256025	2.3055416e-13
5527.253623485563	2.3083244e-13
5530.596910715101	2.2978475e-13
5533.940197944639	2.2847073e-13
5537.283485174177	2.296625e-13
5540.626772403715	2.288591e-13
5543.970059633253	2.276793e-13
5547.313346862791	2.2608995e-13
5550.656634092329	2.2680732e-13
5553.999921321867	2.2736916e-13
5557.343208551405	2.2573664e-13
5560.686495780943	2.2483468e-13
5564.029783010481	2.2488806e-13
5567.373070240019	2.2363886e-13
5570.716357469557	2.2440795e-13
5574.059644699095	2.2272985e-13
5577.402931928633	2.2110762e-13
5580.746219158171	2.2171986e-13
5584.089506387709	2.2049589e-13
5587.432793617247	2.2015273e-13
5590.776080846785	2.1927451e-13
5594.119368076323	2.18604e-13
5597.462655305861	2.186498e-13
5600.805942535399	2.176615e-13
5604.1492297649365	2.1719592e-13
5607.4925169944745	2.1685031e-13
5610.8358042240125	2.1734715e-13
5614.17909145355	2.1617418e-13
5617.522378683088	2.1735165e-13
5620.865665912626	2.1718239e-13
5624.208953142164	2.165657e-13
5627.552240371702	2.1641737e-13
5630.89552760124	2.1704509e-13
5634.238814830778	2.1694044e-13
5637.582102060316	2.1654498e-13
5640.925389289854	2.152036e-13
5644.268676519392	2.149486e-13
5647.61196374893	2.1600125e-13
5650.955250978468	2.1523947e-13
5654.298538208006	2.1459704e-13
5657.641825437544	2.1446667e-13
5660.985112667082	2.1441251e-13
5664.32839989662	2.1332546e-13
5667.671687126158	2.1510337e-13
5671.014974355696	2.1382062e-13
5674.358261585234	2.1335027e-13
5677.701548814772	2.1244039e-13
5681.04483604431	2.1290981e-13
5684.388123273848	2.1211085e-13
5687.731410503386	2.1199481e-13
5691.074697732924	2.1045726e-13
5694.417984962462	2.117736e-13
5697.7612721919995	2.1044772e-13
5701.1045594215375	2.1051138e-13
5704.447846651075	2.1018816e-13
5707.791133880613	2.101703e-13
5711.134421110151	2.0955621e-13
5714.477708339689	2.0902629e-13
5717.820995569227	2.0872907e-13
5721.164282798765	2.084239e-13
5724.507570028303	2.0842327e-13
5727.850857257841	2.0696556e-13
5731.194144487379	2.0715543e-13
5734.537431716917	2.060835e-13
5737.880718946455	2.0720222e-13
5741.224006175993	2.0548342e-13
5744.567293405531	2.0596492e-13
5747.910580635069	2.051315e-13
5751.253867864607	2.0441004e-13
5754.597155094145	2.0522165e-13
5757.940442323683	2.0500951e-13
5761.283729553221	2.062792e-13
5764.627016782759	2.0618381e-13
5767.970304012297	2.069012e-13
5771.313591241835	2.0800688e-13
5774.656878471373	2.0798538e-13
5778.000165700911	2.0722443e-13
5781.343452930449	2.1133636e-13
5784.686740159987	2.104145e-13
5788.030027389525	2.1023117e-13
5791.3733146190625	2.1188452e-13
5794.7166018486005	2.1204724e-13
5798.059889078138	2.132062e-13
5801.403176307676	2.1322534e-13
5804.746463537214	2.1409232e-13
5808.089750766752	2.1477385e-13
5811.43303799629	2.1447411e-13
5814.776325225828	2.1587609e-13
5818.119612455366	2.1582028e-13
5821.462899684904	2.1621194e-13
5824.806186914442	2.1588849e-13
5828.14947414398	2.164886e-13
5831.492761373518	2.1652519e-13
5834.836048603056	2.1669037e-13
5838.179335832594	2.1599711e-13
5841.522623062132	2.1652161e-13
5844.86591029167	2.1722594e-13
5848.209197521208	2.1653084e-13
5851.552484750746	2.1619615e-13
5854.895771980284	2.1691367e-13
5858.239059209822	2.1693416e-13
5861.58234643936	2.1665e-13
5864.925633668898	2.1641606e-13
5868.268920898436	2.1648867e-13
5871.612208127974	2.1678238e-13
5874.955495357512	2.1501846e-13
5878.29878258705	2.1354197e-13
5881.6420698165875	2.138212e-13
5884.9853570461255	2.1051638e-13
5888.3286442756635	2.0837165e-13
5891.671931505201	2.0783543e-13
5895.015218734739	2.1103792e-13
5898.358505964277	2.1036203e-13
5901.701793193815	2.0796903e-13
5905.045080423353	2.0557953e-13
5908.388367652891	2.0238745e-13
5911.731654882429	2.0316724e-13
5915.074942111967	2.0854974e-13
5918.418229341505	2.0834225e-13
5921.761516571043	2.094558e-13
5925.104803800581	2.1096493e-13
5928.448091030119	2.0987196e-13
5931.791378259657	2.0992392e-13
5935.134665489195	2.0884305e-13
5938.477952718733	2.0665198e-13
5941.821239948271	2.0573257e-13
5945.164527177809	2.0574715e-13
5948.507814407347	2.0742281e-13
5951.851101636885	2.0660836e-13
5955.194388866423	2.0586996e-13
5958.537676095961	2.0569905e-13
5961.880963325499	2.0459127e-13
5965.224250555037	2.0301945e-13
5968.567537784575	2.0444402e-13
5971.910825014113	2.0398879e-13
5975.2541122436505	2.0207628e-13
5978.5973994731885	2.0345534e-13
5981.940686702726	2.0361188e-13
5985.283973932264	2.0109354e-13
5988.627261161802	2.0208784e-13
5991.97054839134	2.0145588e-13
5995.313835620878	2.0054421e-13
5998.657122850416	2.010194e-13
6002.000410079954	1.9917013e-13
6005.343697309492	1.9974369e-13
6008.68698453903	2.0126709e-13
6012.030271768568	1.9903927e-13
6015.373558998106	1.9879476e-13
6018.716846227644	1.9894369e-13
6022.060133457182	1.9874726e-13
6025.40342068672	1.97885e-13
6028.746707916258	1.9762539e-13
6032.089995145796	1.9759343e-13
6035.433282375334	1.973073e-13
6038.776569604872	1.96295e-13
6042.11985683441	1.9667265e-13
6045.463144063948	1.967008e-13
6048.806431293486	1.9605151e-13
6052.149718523024	1.9610672e-13
6055.493005752562	1.9613801e-13
6058.8362929821	1.9483483e-13
6062.179580211638	1.9547767e-13
6065.522867441176	1.9562065e-13
6068.8661546707135	1.9533878e-13
6072.2094419002515	1.9498452e-13
6075.552729129789	1.949788e-13
6078.896016359327	1.947404e-13
6082.239303588865	1.9399827e-13
6085.582590818403	1.9422697e-13
6088.925878047941	1.9278074e-13
6092.269165277479	1.9340679e-13
6095.612452507017	1.9421417e-13
6098.955739736555	1.9259752e-13
6102.299026966093	1.9319592e-13
6105.642314195631	1.9272827e-13
6108.985601425169	1.9218255e-13
6112.328888654707	1.9241276e-13
6115.672175884245	1.9005615e-13
6119.015463113783	1.9113804e-13
6122.358750343321	1.9209473e-13
6125.702037572859	1.8981671e-13
6129.045324802397	1.9032696e-13
6132.388612031935	1.8963246e-13
6135.731899261473	1.8966584e-13
6139.075186491011	1.8817905e-13
6142.418473720549	1.8745617e-13
6145.761760950087	1.8798645e-13
6149.105048179625	1.8572252e-13
6152.448335409163	1.8521512e-13
6155.7916226387	1.8492655e-13
6159.134909868238	1.8348722e-13
6162.478197097776	1.8216544e-13
6165.821484327314	1.8122077e-13
6169.1647715568515	1.8068712e-13
6172.5080587863895	1.7906153e-13
6175.851346015927	1.7805335e-13
6179.194633245465	1.7641358e-13
6182.537920475003	1.7628268e-13
6185.881207704541	1.7428393e-13
6189.224494934079	1.7352839e-13
6192.567782163617	1.7242047e-13
6195.911069393155	1.72188e-13
6199.254356622693	1.7054671e-13
6202.597643852231	1.6971159e-13
6205.94093108177	1.691882e-13
6209.284218311308	1.6838196e-13
6212.627505540846	1.6819578e-13
6215.970792770384	1.6690146e-13
6219.314079999922	1.660572e-13
6222.65736722946	1.6570873e-13
6226.000654458998	1.6374556e-13
6229.343941688536	1.6349446e-13
6232.687228918074	1.6207016e-13
6236.030516147612	1.6113819e-13
6239.37380337715	1.6172904e-13
6242.717090606688	1.6106569e-13
6246.060377836226	1.6021058e-13
6249.403665065763	1.6107211e-13
6252.746952295301	1.6027175e-13
6256.090239524839	1.604608e-13
6259.4335267543765	1.5946143e-13
6262.7768139839145	1.5864796e-13
6266.1201012134525	1.5871415e-13
6269.46338844299	1.5759926e-13
6272.806675672528	1.5400327e-13
6276.149962902066	1.5081759e-13
6279.493250131604	1.5244003e-13
6282.836537361142	1.5379477e-13
6286.17982459068	1.5384319e-13
6289.523111820218	1.5316413e-13
6292.866399049756	1.5209446e-13
6296.209686279294	1.502937e-13
6299.552973508832	1.5021179e-13
6302.89626073837	1.4936553e-13
6306.239547967908	1.4800051e-13
6309.582835197446	1.4779291e-13
6312.926122426984	1.4642943e-13
6316.269409656522	1.4599236e-13
6319.61269688606	1.4655172e-13
6322.955984115598	1.4505367e-13
6326.299271345136	1.4499627e-13
6329.642558574674	1.4451541e-13
6332.985845804212	1.4460633e-13
6336.32913303375	1.4385654e-13
6339.672420263288	1.4342394e-13
6343.015707492826	1.4303844e-13
6346.358994722364	1.422225e-13
6349.702281951902	1.4280471e-13
6353.0455691814395	1.4382777e-13
6356.3888564109775	1.4232578e-13
6359.7321436405155	1.4375102e-13
6363.075430870053	1.4509941e-13
6366.418718099591	1.4578947e-13
6369.762005329129	1.4910836e-13
6373.105292558667	1.4944654e-13
6376.448579788205	1.5265442e-13
6379.791867017743	1.5534908e-13
6383.135154247281	1.5843938e-13
6386.478441476819	1.6223802e-13
6389.821728706357	1.660564e-13
6393.165015935895	1.705866e-13
6396.508303165433	1.7598768e-13
6399.851590394971	1.8208087e-13
6403.194877624509	1.8783065e-13
6406.538164854047	1.9365464e-13
6409.881452083585	2.0195087e-13
6413.224739313123	2.0734884e-13
6416.568026542661	2.1532675e-13
6419.911313772199	2.2225365e-13
6423.254601001737	2.2917722e-13
6426.597888231275	2.3688628e-13
6429.941175460813	2.4284657e-13
6433.284462690351	2.5108317e-13
6436.627749919889	2.5618456e-13
6439.971037149427	2.6392262e-13
6443.314324378965	2.703177e-13
6446.6576116085025	2.7644065e-13
6450.0008988380405	2.8157888e-13
6453.344186067578	2.8589354e-13
6456.687473297116	2.9058852e-13
6460.030760526654	2.9509292e-13
6463.374047756192	2.9609545e-13
6466.71733498573	3.0561648e-13
6470.060622215268	3.083916e-13
6473.403909444806	3.1044492e-13
6476.747196674344	3.1376694e-13
6480.090483903882	3.1842053e-13
6483.43377113342	3.2015116e-13
6486.777058362958	3.244422e-13
6490.120345592496	3.2678835e-13
6493.463632822034	3.2866394e-13
6496.806920051572	3.3149552e-13
6500.15020728111	3.334859e-13
6503.493494510648	3.3343185e-13
6506.836781740186	3.3291978e-13
6510.180068969724	3.3177646e-13
6513.523356199262	3.31055e-13
6516.8666434288	3.3206706e-13
6520.209930658338	3.3254996e-13
6523.553217887876	3.3427671e-13
6526.896505117414	3.3303617e-13
6530.239792346952	3.3383103e-13
6533.58307957649	3.3316183e-13
6536.9263668060275	3.3253928e-13
6540.2696540355655	3.304809e-13
6543.6129412651035	3.3062355e-13
6546.956228494641	3.2848689e-13
6550.299515724179	3.2760537e-13
6553.642802953717	3.2660251e-13
6556.986090183255	3.2742e-13
6560.329377412793	3.2521972e-13
6563.672664642331	3.2421193e-13
6567.015951871869	3.2293338e-13
6570.359239101407	3.2127464e-13
6573.702526330945	3.204835e-13
6577.045813560483	3.1872167e-13
6580.389100790021	3.1769902e-13
6583.732388019559	3.160544e-13
6587.075675249097	3.135215e-13
6590.418962478635	3.1161824e-13
6593.762249708173	3.0974428e-13
6597.105536937711	3.0721394e-13
6600.448824167249	3.0602558e-13
6603.792111396787	3.0295878e-13
6607.135398626325	2.9939186e-13
6610.478685855863	2.9657835e-13
6613.821973085401	2.9242388e-13
6617.165260314939	2.9027578e-13
6620.508547544477	2.8752491e-13
6623.851834774015	2.8460223e-13
6627.195122003553	2.8175273e-13
6630.53840923309	2.7956137e-13
6633.881696462628	2.7553562e-13
6637.224983692166	2.7456e-13
6640.5682709217035	2.7100712e-13
6643.9115581512415	2.689403e-13
6647.254845380779	2.6541825e-13
6650.598132610317	2.62088e-13
6653.941419839855	2.603917e-13
6657.284707069393	2.5770466e-13
6660.627994298931	2.5402177e-13
6663.971281528469	2.50946e-13
6667.314568758007	2.4890807e-13
6670.657855987545	2.472019e-13
6674.001143217083	2.4485015e-13
6677.344430446621	2.4124374e-13
6680.687717676159	2.3999823e-13
6684.031004905697	2.3749947e-13
6687.374292135235	2.3560537e-13
6690.717579364773	2.3236708e-13
6694.060866594311	2.316532e-13
6697.404153823849	2.3151294e-13
6700.747441053387	2.2820686e-13
6704.090728282925	2.2619615e-13
6707.434015512463	2.2383014e-13
6710.777302742001	2.2174967e-13
6714.120589971539	2.1858539e-13
6717.463877201077	2.1687207e-13
6720.807164430615	2.1484896e-13
6724.150451660153	2.1318894e-13
6727.493738889691	2.1158028e-13
6730.8370261192285	2.0875581e-13
6734.1803133487665	2.0823695e-13
6737.5236005783045	2.0653202e-13
6740.866887807842	2.0507493e-13
6744.21017503738	2.0317686e-13
6747.553462266918	2.0222395e-13
6750.896749496456	2.0186694e-13
6754.240036725994	2.006145e-13
6757.583323955532	1.983861e-13
6760.92661118507	1.9694256e-13
6764.269898414608	1.9568086e-13
6767.613185644146	1.9478805e-13
6770.956472873684	1.9377871e-13
6774.299760103222	1.919203e-13
6777.64304733276	1.9103054e-13
6780.986334562298	1.9016501e-13
6784.329621791836	1.8926705e-13
6787.672909021374	1.8759389e-13
6791.016196250912	1.8685124e-13
6794.35948348045	1.8531739e-13
6797.702770709988	1.8524268e-13
6801.046057939526	1.8285003e-13
6804.389345169064	1.8317398e-13
6807.732632398602	1.8071171e-13
6811.07591962814	1.8119072e-13
6814.419206857678	1.8030075e-13
6817.762494087216	1.7898458e-13
6821.105781316754	1.7761534e-13
6824.4490685462915	1.7665364e-13
6827.7923557758295	1.7683317e-13
6831.1356430053675	1.7541624e-13
6834.478930234905	1.7505672e-13
6837.822217464443	1.7406069e-13
6841.165504693981	1.7250364e-13
6844.508791923519	1.7279429e-13
6847.852079153057	1.7169832e-13
6851.195366382595	1.7098462e-13
6854.538653612133	1.6989741e-13
6857.881940841671	1.6780006e-13
6861.225228071209	1.5464099e-13
6864.568515300747	1.339662e-13
6867.911802530285	1.241637e-13
6871.255089759823	1.2764391e-13
6874.598376989361	1.3996024e-13
6877.941664218899	1.482769e-13
6881.284951448437	1.4832962e-13
6884.628238677975	1.4534542e-13
6887.971525907513	1.4260851e-13
6891.314813137051	1.4348039e-13
6894.658100366589	1.4450417e-13
6898.001387596127	1.4612397e-13
6901.344674825665	1.483738e-13
6904.687962055203	1.4975022e-13
6908.031249284741	1.5121841e-13
6911.374536514279	1.5214536e-13
6914.717823743817	1.5377829e-13
6918.0611109733545	1.5411207e-13
6921.4043982028925	1.5426385e-13
6924.74768543243	1.5289429e-13
6928.090972661968	1.5511052e-13
6931.434259891506	1.5415695e-13
6934.777547121044	1.5299646e-13
6938.120834350582	1.5256183e-13
6941.46412158012	1.5375881e-13
6944.807408809658	1.540728e-13
6948.150696039196	1.5383819e-13
6951.493983268734	1.5374801e-13
6954.837270498272	1.5395123e-13
6958.18055772781	1.5419053e-13
6961.523844957348	1.5589454e-13
6964.867132186886	1.5585624e-13
6968.210419416424	1.5618625e-13
6971.553706645962	1.5696807e-13
6974.8969938755	1.556116e-13
6978.240281105038	1.5593378e-13
6981.583568334576	1.5408664e-13
6984.926855564114	1.5277059e-13
6988.270142793652	1.5292552e-13
6991.61343002319	1.5273863e-13
6994.956717252728	1.5253785e-13
6998.300004482266	1.527358e-13
7001.643291711804	1.5166209e-13
7004.986578941342	1.5287097e-13
7008.3298661708795	1.5227975e-13
7011.6731534004175	1.5135903e-13
7015.0164406299555	1.5155622e-13
7018.359727859493	1.5126156e-13
7021.703015089031	1.513365e-13
7025.046302318569	1.5119266e-13
7028.389589548107	1.5154516e-13
7031.732876777645	1.521695e-13
7035.076164007183	1.5157546e-13
7038.419451236721	1.4925715e-13
7041.762738466259	1.5173419e-13
7045.106025695797	1.5162711e-13
7048.449312925335	1.5031844e-13
7051.792600154873	1.503302e-13
7055.135887384411	1.499324e-13
7058.479174613949	1.4971528e-13
7061.822461843487	1.496287e-13
7065.165749073025	1.502464e-13
7068.509036302563	1.4936206e-13
7071.852323532101	1.4909161e-13
7075.195610761639	1.4878124e-13
7078.538897991177	1.4861381e-13
7081.882185220715	1.4881193e-13
7085.225472450253	1.4812789e-13
7088.568759679791	1.4801105e-13
7091.912046909329	1.4769764e-13
7095.255334138867	1.4728118e-13
7098.598621368405	1.4704081e-13
7101.9419085979425	1.4600894e-13
7105.2851958274805	1.4668904e-13
7108.6284830570185	1.461678e-13
7111.971770286556	1.4592903e-13
7115.315057516094	1.4588355e-13
7118.658344745632	1.4505758e-13
7122.00163197517	1.4509647e-13
7125.344919204708	1.4454681e-13
7128.688206434246	1.4389333e-13
7132.031493663784	1.4401468e-13
7135.374780893322	1.4361356e-13
7138.71806812286	1.4335053e-13
7142.061355352398	1.4239674e-13
7145.404642581936	1.4218119e-13
7148.747929811474	1.4200419e-13
7152.091217041012	1.416085e-13
7155.43450427055	1.4003151e-13
7158.777791500088	1.3932441e-13
7162.121078729626	1.3685575e-13
7165.464365959164	1.3203936e-13
7168.807653188702	1.2891749e-13
7172.15094041824	1.2777194e-13
7175.494227647778	1.2754756e-13
7178.837514877316	1.248147e-13
7182.180802106854	1.2270524e-13
7185.524089336392	1.2288118e-13
7188.86737656593	1.2327758e-13
7192.210663795468	1.244931e-13
7195.5539510250055	1.2321384e-13
7198.8972382545435	1.2351155e-13
7202.240525484081	1.2575145e-13
7205.583812713619	1.3034758e-13
7208.927099943157	1.3389631e-13
7212.270387172695	1.3436855e-13
7215.613674402233	1.3419777e-13
7218.956961631771	1.3388765e-13
7222.300248861309	1.331175e-13
7225.643536090847	1.3016907e-13
7228.986823320385	1.2552341e-13
7232.330110549923	1.2419414e-13
7235.673397779461	1.2429401e-13
7239.016685008999	1.2378625e-13
7242.359972238537	1.2572713e-13
7245.703259468075	1.253427e-13
7249.046546697613	1.243735e-13
7252.389833927151	1.2612201e-13
7255.733121156689	1.2677028e-13
7259.076408386227	1.2605479e-13
7262.419695615765	1.2620719e-13
7265.762982845303	1.2649044e-13
7269.106270074841	1.2419178e-13
7272.449557304379	1.2230313e-13
7275.792844533917	1.2503655e-13
7279.136131763455	1.2882967e-13
7282.479418992993	1.2709765e-13
7285.8227062225305	1.2495654e-13
7289.1659934520685	1.2494263e-13
7292.5092806816065	1.2714673e-13
7295.852567911144	1.2729791e-13
7299.195855140682	1.2534766e-13
7302.53914237022	1.2618414e-13
7305.882429599758	1.2632217e-13
7309.225716829296	1.264735e-13
7312.569004058834	1.2714428e-13
7315.912291288372	1.2850173e-13
7319.25557851791	1.3018598e-13
7322.598865747448	1.3050638e-13
7325.942152976986	1.3068023e-13
7329.285440206524	1.3113082e-13
7332.628727436062	1.3134674e-13
7335.9720146656	1.322731e-13
7339.315301895138	1.3236767e-13
7342.658589124676	1.3172503e-13
7346.001876354214	1.3184682e-13
7349.345163583752	1.318377e-13
7352.68845081329	1.317181e-13
7356.031738042828	1.3154029e-13
7359.375025272366	1.3143908e-13
7362.718312501904	1.3116572e-13
7366.061599731442	1.3129913e-13
7369.40488696098	1.3209307e-13
7372.748174190518	1.3245367e-13
7376.091461420056	1.3191314e-13
7379.4347486495935	1.31469e-13
7382.7780358791315	1.3176978e-13
7386.1213231086695	1.3190097e-13
7389.464610338207	1.3147593e-13
7392.807897567745	1.3246556e-13
7396.151184797283	1.327695e-13
7399.494472026821	1.3241929e-13
7402.837759256359	1.3213283e-13
7406.181046485897	1.3268877e-13
7409.524333715435	1.3231548e-13
7412.867620944973	1.3150067e-13
7416.210908174511	1.3165479e-13
7419.554195404049	1.31878e-13
7422.897482633587	1.3169442e-13
7426.240769863125	1.3187525e-13
7429.584057092663	1.3176844e-13
7432.927344322201	1.3175843e-13
7436.270631551739	1.3148765e-13
7439.613918781277	1.3091504e-13
7442.957206010815	1.3146072e-13
7446.300493240353	1.3107939e-13
7449.643780469891	1.3059901e-13
7452.987067699429	1.3046155e-13
7456.330354928967	1.3018036e-13
7459.673642158505	1.3009036e-13
7463.016929388043	1.2994862e-13
7466.360216617581	1.298767e-13
7469.703503847119	1.2894518e-13
7473.0467910766565	1.2910646e-13
7476.3900783061945	1.2958378e-13
7479.733365535732	1.2851699e-13
7483.07665276527	1.2801781e-13
7486.419939994808	1.2828776e-13
7489.763227224346	1.2814642e-13
7493.106514453884	1.266252e-13
7496.449801683422	1.2694579e-13
7499.79308891296	1.2676364e-13
7503.136376142498	1.2567918e-13
7506.479663372036	1.254151e-13
7509.822950601574	1.2635642e-13
7513.166237831112	1.2505166e-13
7516.50952506065	1.246452e-13
7519.852812290188	1.2451922e-13
7523.196099519726	1.2363235e-13
7526.539386749264	1.23244e-13
7529.882673978802	1.2292527e-13
7533.22596120834	1.2208007e-13
7536.569248437878	1.2201844e-13
7539.912535667416	1.2067909e-13
7543.255822896954	1.206176e-13
7546.599110126492	1.1978688e-13
7549.94239735603	1.1921208e-13
7553.285684585568	1.1913836e-13
7556.628971815106	1.1782792e-13
7559.972259044644	1.1788506e-13
7563.3155462741815	1.17227e-13
7566.6588335037195	1.1730005e-13
7570.0021207332575	1.1680404e-13
7573.345407962795	1.1590289e-13
7576.688695192333	1.1605768e-13
7580.031982421871	1.1485713e-13
7583.375269651409	1.1440466e-13
7586.718556880947	1.04558696e-13
7590.061844110485	8.045543e-14
7593.405131340023	5.516584e-14
7596.748418569561	3.778444e-14
7600.091705799099	2.946515e-14
7603.434993028637	3.0036974e-14
7606.778280258175	3.913124e-14
7610.121567487713	5.735228e-14
7613.464854717251	7.5382077e-14
7616.808141946789	7.645964e-14
7620.151429176327	6.681814e-14
7623.494716405865	6.0366026e-14
7626.838003635403	5.892597e-14
7630.181290864941	6.05236e-14
7633.524578094479	6.403027e-14
7636.867865324017	6.8583865e-14
7640.211152553555	7.3685754e-14
7643.554439783093	7.909284e-14
7646.897727012631	8.453702e-14
7650.241014242169	9.025939e-14
7653.584301471707	9.5069386e-14
7656.9275887012445	9.9892256e-14
7660.2708759307825	1.0303757e-13
7663.6141631603205	1.0636229e-13
7666.957450389858	1.09881607e-13
7670.300737619396	1.11423444e-13
7673.644024848934	1.1424035e-13
7676.987312078472	1.1546704e-13
7680.33059930801	1.1688908e-13
7683.673886537548	1.1764381e-13
7687.017173767086	1.1942641e-13
7690.360460996624	1.2003949e-13
7693.703748226162	1.2162503e-13
7697.0470354557	1.2195883e-13
7700.390322685238	1.2267173e-13
7703.733609914776	1.2315359e-13
7707.076897144314	1.2385523e-13
7710.420184373852	1.246654e-13
7713.76347160339	1.2453362e-13
7717.106758832928	1.2475054e-13
7720.450046062466	1.2509362e-13
7723.793333292004	1.2526354e-13
7727.136620521542	1.258877e-13
7730.47990775108	1.2617e-13
7733.823194980618	1.2657089e-13
7737.166482210156	1.2598405e-13
7740.509769439694	1.275482e-13
7743.853056669232	1.2777137e-13
7747.19634389877	1.2752122e-13
7750.5396311283075	1.2755926e-13
7753.8829183578455	1.2796833e-13
7757.226205587383	1.2784377e-13
7760.569492816921	1.2799692e-13
7763.912780046459	1.2799743e-13
7767.256067275997	1.2832388e-13
7770.599354505534	1.2822537e-13
7773.942641735072	1.285649e-13
7777.28592896461	1.2845515e-13
7780.629216194148	1.2790878e-13
7783.972503423686	1.2851567e-13
7787.315790653224	1.286336e-13
7790.659077882762	1.280976e-13
7794.0023651123	1.2822058e-13
7797.345652341838	1.2845721e-13
7800.688939571376	1.283835e-13
7804.032226800914	1.2843432e-13
7807.375514030452	1.2825602e-13
7810.71880125999	1.2825448e-13
7814.062088489528	1.2782954e-13
7817.405375719066	1.2795113e-13
7820.748662948604	1.2822225e-13
7824.091950178142	1.2776195e-13
7827.43523740768	1.2720201e-13
7830.778524637218	1.2689697e-13
7834.121811866756	1.2722593e-13
7837.465099096294	1.2660164e-13
7840.808386325832	1.2714161e-13
7844.15167355537	1.2603543e-13
7847.494960784908	1.263099e-13
7850.8382480144455	1.2593282e-13
7854.1815352439835	1.2533528e-13
7857.524822473521	1.2602404e-13
7860.868109703059	1.2509887e-13
7864.211396932597	1.2462034e-13
7867.554684162135	1.2459338e-13
7870.897971391673	1.2369252e-13
7874.241258621211	1.2354518e-13
7877.584545850749	1.2420165e-13
7880.927833080287	1.2271862e-13
7884.271120309825	1.223165e-13
7887.614407539363	1.2179949e-13
7890.957694768901	1.1980092e-13
7894.300981998439	1.2109939e-13
7897.644269227977	1.2117693e-13
7900.987556457515	1.2055191e-13
7904.330843687053	1.203865e-13
7907.674130916591	1.2015267e-13
7911.017418146129	1.2057851e-13
7914.360705375667	1.2041803e-13
7917.703992605205	1.1970782e-13
7921.047279834743	1.191855e-13
7924.390567064281	1.195178e-13
7927.733854293819	1.197984e-13
7931.077141523357	1.1964676e-13
7934.420428752895	1.1939066e-13
7937.763715982433	1.1912095e-13
7941.107003211971	1.192001e-13
7944.4502904415085	1.1858139e-13
7947.7935776710465	1.1795209e-13
7951.136864900584	1.1733568e-13
7954.480152130122	1.1611327e-13
7957.82343935966	1.1589224e-13
7961.166726589198	1.1563661e-13
7964.510013818736	1.1594314e-13
7967.853301048274	1.1576037e-13
7971.196588277812	1.1537518e-13
7974.53987550735	1.1577574e-13
7977.883162736888	1.1576292e-13
7981.226449966426	1.1490844e-13
7984.569737195964	1.1512633e-13
7987.913024425502	1.14706e-13
7991.25631165504	1.1421197e-13
7994.599598884578	1.1344067e-13
7997.942886114116	1.13529974e-13
8001.286173343654	1.1302303e-13
8004.629460573192	1.12536445e-13
8007.97274780273	1.12490495e-13
8011.316035032268	1.1279065e-13
8014.659322261806	1.12534514e-13
8018.002609491344	1.12093515e-13
8021.345896720882	1.1160767e-13
8024.68918395042	1.1189655e-13
8028.032471179958	1.1227159e-13
8031.375758409496	1.11600446e-13
8034.7190456390335	1.1151771e-13
8038.0623328685715	1.1155767e-13
8041.4056200981095	1.11594585e-13
8044.748907327647	1.1168367e-13
8048.092194557185	1.1203921e-13
8051.435481786723	1.123202e-13
8054.778769016261	1.1134314e-13
8058.122056245799	1.1162217e-13
8061.465343475337	1.1099983e-13
8064.808630704875	1.1107417e-13
8068.151917934413	1.1115595e-13
8071.495205163951	1.1078655e-13
8074.838492393489	1.1112533e-13
8078.181779623027	1.10546134e-13
8081.525066852565	1.1050184e-13
8084.868354082103	1.1013614e-13
8088.211641311641	1.0943358e-13
8091.554928541179	1.09430145e-13
8094.898215770717	1.0925549e-13
8098.241503000255	1.09145874e-13
8101.584790229793	1.0849728e-13
8104.928077459331	1.07883185e-13
8108.271364688869	1.0758135e-13
8111.614651918407	1.07536986e-13
8114.957939147945	1.0679378e-13
8118.301226377483	1.0612268e-13
8121.644513607021	1.0591176e-13
8124.987800836559	1.04157094e-13
8128.3310880660965	1.0149128e-13
8131.6743752956345	1.0146718e-13
8135.017662525172	1.01094426e-13
8138.36094975471	1.0068959e-13
8141.704236984248	9.9124254e-14
8145.047524213786	9.7295205e-14
8148.390811443324	9.696757e-14
8151.734098672861	9.680601e-14
8155.077385902399	9.542681e-14
8158.420673131937	9.268284e-14
8161.763960361475	9.345145e-14
8165.107247591013	9.568947e-14
8168.450534820551	9.73606e-14
8171.793822050089	9.480825e-14
8175.137109279627	9.4231995e-14
8178.480396509165	9.682003e-14
8181.823683738703	9.708365e-14
8185.166970968241	9.7267524e-14
8188.510258197779	9.705724e-14
8191.853545427317	9.5909385e-14
8195.196832656855	9.673581e-14
8198.540119886393	1.00373364e-13
8201.88340711593	1.0228843e-13
8205.226694345469	1.0094433e-13
8208.569981575007	1.0138145e-13
8211.913268804545	1.0091807e-13
8215.256556034083	9.922982e-14
8218.59984326362	9.420791e-14
8221.943130493159	8.6038984e-14
8225.286417722697	8.30188e-14
8228.629704952235	8.7782077e-14
8231.972992181772	9.393025e-14
8235.31627941131	9.661795e-14
8238.659566640848	9.797786e-14
8242.002853870386	9.928503e-14
8245.346141099924	9.993523e-14
8248.689428329462	9.8422376e-14
8252.032715559	9.619505e-14
8255.37600278854	9.6377143e-14
8258.719290018078	9.7749865e-14
8262.062577247616	9.86646e-14
8265.405864477154	9.7166314e-14
8268.749151706692	9.4407365e-14
8272.09243893623	9.298093e-14
8275.435726165768	9.304594e-14
8278.779013395306	9.402446e-14
8282.122300624844	9.3907195e-14
8285.465587854382	9.330973e-14
8288.80887508392	9.427459e-14
8292.152162313458	9.496746e-14
8295.495449542996	9.510525e-14
8298.838736772534	9.4451865e-14
8302.182024002072	9.5487833e-14
8305.52531123161	9.5930364e-14
8308.868598461147	9.579428e-14
8312.211885690685	9.42813e-14
8315.555172920223	9.351587e-14
8318.898460149761	9.451758e-14
8322.2417473793	9.597953e-14
8325.585034608837	9.679989e-14
8328.928321838375	9.6266636e-14
8332.271609067913	9.614374e-14
8335.614896297451	9.6984954e-14
8338.95818352699	9.848588e-14
8342.301470756525	9.867289e-14
8345.644757986063	9.8456155e-14
8348.988045215601	9.815411e-14
8352.33133244514	9.8289303e-14
8355.674619674677	9.8717536e-14
8359.017906904215	9.896464e-14
8362.361194133753	9.927852e-14
8365.704481363291	9.97071e-14
8369.047768592829	9.942753e-14
8372.391055822367	9.9675314e-14
8375.734343051905	1.0025663e-13
8379.077630281443	1.0022164e-13
8382.42091751098	1.0067316e-13
8385.764204740519	1.00748e-13
8389.107491970057	1.01003604e-13
8392.450779199595	1.0134727e-13
8395.794066429133	1.0119399e-13
8399.13735365867	1.0137841e-13
8402.480640888209	1.0128288e-13
8405.823928117747	1.0096076e-13
8409.167215347285	1.0130956e-13
8412.510502576823	1.0162077e-13
8415.85378980636	1.01407306e-13
8419.197077035898	1.022282e-13
8422.540364265436	1.0202128e-13
8425.883651494974	1.0201591e-13
8429.226938724512	1.0206996e-13
8432.57022595405	1.01903864e-13
8435.913513183588	1.0188838e-13
8439.256800413126	1.0187326e-13
8442.600087642664	1.0340901e-13
8445.943374872202	1.0274503e-13
8449.28666210174	1.0264902e-13
8452.629949331278	1.0244879e-13
8455.973236560816	1.02810196e-13
8459.316523790354	1.02454496e-13
8462.659811019892	1.0274195e-13
8466.00309824943	1.0238039e-13
8469.346385478968	1.0262452e-13
8472.689672708506	1.0273715e-13
8476.032959938044	1.0192115e-13
8479.376247167582	1.02282034e-13
8482.71953439712	1.0248528e-13
8486.062821626658	1.0228542e-13
8489.406108856196	1.02358206e-13
8492.749396085734	1.0243883e-13
8496.092683315272	1.0260923e-13
8499.43597054481	1.02445674e-13
8502.779257774348	1.02315956e-13
8506.122545003886	1.0215664e-13
8509.465832233423	1.0214066e-13
8512.809119462961	1.02420785e-13
8516.1524066925	1.02332585e-13
8519.495693922037	1.0197017e-13
8522.838981151575	1.0260795e-13
8526.182268381113	1.021687e-13
8529.525555610651	1.0186603e-13
8532.86884284019	1.0249695e-13
8536.212130069727	1.0225183e-13
8539.555417299265	1.02417e-13
8542.898704528803	1.02116564e-13
8546.241991758341	1.01712265e-13
8549.585278987879	1.01991474e-13
8552.928566217417	1.01494917e-13
8556.271853446955	1.0180606e-13
8559.615140676493	1.02269233e-13
8562.958427906031	1.0136309e-13
8566.301715135569	1.0150609e-13
8569.645002365107	1.01496075e-13
8572.988289594645	1.0143214e-13
8576.331576824183	1.0156428e-13
8579.67486405372	1.0147921e-13
8583.018151283259	1.0131476e-13
8586.361438512797	1.0120745e-13
8589.704725742335	1.01113135e-13
8593.048012971873	1.0080276e-13
8596.39130020141	1.008178e-13
8599.734587430949	1.0086206e-13
8603.077874660486	1.0061236e-13
8606.421161890024	1.0064307e-13
8609.764449119562	1.0079764e-13
8613.1077363491	1.00159166e-13
8616.451023578638	1.00477325e-13
8619.794310808176	1.001249e-13
8623.137598037714	1.001923e-13
8626.480885267252	1.0035426e-13
8629.82417249679	1.004079e-13
8633.167459726328	1.0030273e-13
8636.510746955866	9.964884e-14
8639.854034185404	9.9621456e-14
8643.197321414942	9.927329e-14
8646.54060864448	9.9175246e-14
8649.883895874018	9.902452e-14
8653.227183103556	9.892322e-14
8656.570470333094	9.898398e-14
8659.913757562632	9.8574645e-14
8663.25704479217	9.815245e-14
8666.600332021708	9.826878e-14
8669.943619251246	9.802332e-14
8673.286906480784	9.828215e-14
8676.630193710322	9.869417e-14
8679.97348093986	9.800521e-14
8683.316768169398	9.7688906e-14
8686.660055398936	9.7837374e-14
8690.003342628474	9.758125e-14
8693.346629858012	9.795587e-14
8696.68991708755	9.78985e-14
8700.033204317087	9.737084e-14
8703.376491546625	9.790342e-14
8706.719778776163	9.773443e-14
8710.063066005701	9.730787e-14
8713.40635323524	9.736083e-14
8716.749640464777	9.7722815e-14
8720.092927694315	9.731841e-14
8723.436214923853	9.73134e-14
8726.779502153391	9.684631e-14
8730.12278938293	9.686719e-14
8733.466076612467	9.6653676e-14
8736.809363842005	9.675406e-14
8740.152651071543	9.672454e-14
8743.495938301081	9.654936e-14
8746.839225530619	9.604916e-14
8750.182512760157	9.623298e-14
8753.525799989695	9.6215035e-14
8756.869087219233	9.59159e-14
8760.21237444877	9.560744e-14
8763.555661678309	9.566521e-14
8766.898948907847	9.519705e-14
8770.242236137385	9.5390004e-14
8773.585523366923	9.47422e-14
8776.92881059646	9.451579e-14
8780.272097825999	9.4677684e-14
8783.615385055537	9.456478e-14
8786.958672285074	9.328791e-14
8790.301959514612	9.4418797e-14
8793.64524674415	9.385171e-14
8796.988533973688	9.2905725e-14
8800.331821203226	9.2988266e-14
8803.675108432764	9.307446e-14
8807.018395662302	9.284041e-14
8810.36168289184	9.2571506e-14
8813.704970121378	9.204254e-14
8817.048257350916	9.1958166e-14
8820.391544580454	9.241801e-14
8823.734831809992	9.1882394e-14
8827.07811903953	9.193951e-14
8830.421406269068	9.198564e-14
8833.764693498606	9.179274e-14
8837.107980728144	9.196326e-14
8840.451267957682	9.1445345e-14
8843.79455518722	9.160982e-14
8847.137842416758	9.125263e-14
8850.481129646296	9.067028e-14
8853.824416875834	9.0818425e-14
8857.167704105372	9.0955414e-14
8860.51099133491	9.090677e-14
8863.854278564448	9.059325e-14
8867.197565793986	9.06674e-14
8870.540853023524	9.041221e-14
8873.884140253062	9.005322e-14
8877.2274274826	9.023526e-14
8880.570714712137	9.016812e-14
8883.914001941675	9.016552e-14
8887.257289171213	8.9923566e-14
8890.600576400751	8.981118e-14
8893.94386363029	8.9695856e-14
8897.287150859827	8.9277605e-14
8900.630438089365	8.943451e-14
8903.973725318903	8.9163675e-14
8907.317012548441	8.917091e-14
8910.66029977798	8.9019565e-14
8914.003587007517	8.853866e-14
8917.346874237055	8.855529e-14
8920.690161466593	8.730773e-14
8924.033448696131	8.628705e-14
8927.376735925669	8.5595634e-14
8930.720023155207	8.575918e-14
8934.063310384745	8.564307e-14
8937.406597614283	8.524014e-14
8940.74988484382	8.397521e-14
8944.093172073359	8.223097e-14
8947.436459302897	8.0572755e-14
8950.779746532435	8.005171e-14
8954.123033761973	7.968491e-14
8957.46632099151	7.727427e-14
8960.809608221049	7.6061926e-14
8964.152895450587	7.557882e-14
8967.496182680125	7.4905956e-14
8970.839469909663	7.598734e-14
8974.1827571392	7.681881e-14
8977.526044368738	7.577424e-14
8980.869331598276	7.114408e-14
8984.212618827814	6.570113e-14
8987.555906057352	6.766892e-14
8990.89919328689	7.2970825e-14
8994.242480516428	7.298751e-14
8997.585767745966	7.093829e-14
9000.929054975504	7.086027e-14
9004.272342205042	7.1872575e-14
9007.61562943458	7.191993e-14
9010.958916664118	7.1248224e-14
9014.302203893656	7.182551e-14
9017.645491123194	7.1714004e-14
9020.988778352732	7.1919365e-14
9024.33206558227	7.384138e-14
9027.675352811808	7.633062e-14
9031.018640041346	7.813468e-14
9034.361927270884	7.808949e-14
9037.705214500422	7.74403e-14
9041.04850172996	7.8081245e-14
9044.391788959498	7.820732e-14
9047.735076189036	7.794678e-14
9051.078363418574	7.80125e-14
9054.421650648112	7.6632616e-14
9057.76493787765	7.573363e-14
9061.108225107188	7.397601e-14
9064.451512336726	7.168203e-14
9067.794799566263	7.09791e-14
9071.138086795801	7.172537e-14
9074.48137402534	7.152791e-14
9077.824661254877	7.175401e-14
9081.167948484415	7.156222e-14
9084.511235713953	7.225554e-14
9087.854522943491	7.308814e-14
9091.19781017303	7.249391e-14
9094.541097402567	7.240258e-14
9097.884384632105	7.279889e-14
9101.227671861643	7.245846e-14
9104.57095909118	7.45399e-14
9107.914246320717	7.630325e-14
9111.257533550255	7.459316e-14
9114.600820779793	7.4376953e-14
9117.944108009331	7.619837e-14
9121.287395238869	7.537832e-14
9124.630682468407	7.2303396e-14
9127.973969697945	6.9153545e-14
9131.317256927483	6.872023e-14
9134.660544157021	7.2331416e-14
9138.003831386559	7.630382e-14
9141.347118616097	7.7478456e-14
9144.690405845635	7.4788706e-14
9148.033693075173	6.958788e-14
9151.37698030471	6.866484e-14
9154.720267534249	7.2360195e-14
9158.063554763787	7.5700256e-14
9161.406841993325	7.694828e-14
9164.750129222863	7.5540594e-14
9168.0934164524	7.1356454e-14
9171.436703681939	7.0210425e-14
9174.779990911476	7.281359e-14
9178.123278141014	7.422955e-14
9181.466565370552	7.583507e-14
9184.80985260009	7.723433e-14
9188.153139829628	7.7081394e-14
9191.496427059166	7.695636e-14
9194.839714288704	7.8732044e-14
9198.183001518242	7.939202e-14
9201.52628874778	7.868968e-14
9204.869575977318	7.81663e-14
9208.212863206856	7.695501e-14
9211.556150436394	7.619332e-14
9214.899437665932	7.734045e-14
9218.24272489547	7.805096e-14
9221.586012125008	7.856457e-14
9224.929299354546	7.754337e-14
9228.272586584084	7.6362636e-14
9231.615873813622	7.582488e-14
9234.95916104316	7.529818e-14
9238.302448272698	7.4974755e-14
9241.645735502236	7.5050656e-14
9244.989022731774	7.515602e-14
9248.332309961312	7.5926366e-14
9251.67559719085	7.631087e-14
9255.018884420388	7.452415e-14
9258.362171649926	7.5073384e-14
9261.705458879464	7.5821375e-14
9265.048746109002	7.512637e-14
9268.39203333854	7.319652e-14
9271.735320568077	6.995854e-14
9275.078607797615	6.778369e-14
9278.421895027153	6.621155e-14
9281.765182256691	6.553155e-14
9285.10846948623	6.5064816e-14
9288.451756715767	6.322905e-14
9291.795043945305	6.030314e-14
9295.138331174843	5.81715e-14
9298.481618404381	5.749865e-14
9301.82490563392	5.5300555e-14
9305.168192863457	5.384194e-14
9308.511480092995	5.064659e-14
9311.854767322533	4.564328e-14
9315.198054552071	4.4425706e-14
9318.541341781609	4.233675e-14
9321.884629011147	4.214377e-14
