3497.31298828125  5.411435E-15
3500.1480782032  5.097341E-15
3502.98316812516  5.422987E-15
3505.81825804711  4.920772E-15
3508.65334796906  5.106596E-15
3511.48843789101  4.651692E-15
3514.32352781296  5.112958E-15
3517.15861773491  4.472440E-15
3519.99370765686  4.364956E-15
3522.82879757882  4.083513E-15
3525.66388750077  4.299115E-15
3528.49897742272  4.640559E-15
3531.33406734467  3.842170E-15
3534.16915726662  4.306080E-15
3537.00424718857  4.432441E-15
3539.83933711052  4.870160E-15
3542.67442703247  4.778788E-15
3545.50951695443  4.760423E-15
3548.34460687638  4.804457E-15
3551.17969679833  4.902495E-15
3554.01478672028  5.070790E-15
3556.84987664223  4.835405E-15
3559.68496656418  4.817273E-15
3562.52005648613  4.499597E-15
3565.35514640809  4.842055E-15
3568.19023633004  4.730080E-15
3571.02532625199  4.660525E-15
3573.86041617394  4.607350E-15
3576.69550609589  5.067602E-15
3579.53059601784  4.836629E-15
3582.36568593979  5.111142E-15
3585.20077586174  5.461393E-15
3588.0358657837  4.666244E-15
3590.87095570565  4.446388E-15
3593.7060456276  4.816005E-15
3596.54113554955  4.755940E-15
3599.3762254715  4.621308E-15
3602.21131539345  4.388105E-15
3605.0464053154  4.718497E-15
3607.88149523735  4.796466E-15
3610.7165851593  4.626910E-15
3613.55167508126  4.627859E-15
3616.38676500321  4.607913E-15
3619.22185492516  4.395457E-15
3622.05694484711  4.975272E-15
3624.89203476906  4.327717E-15
3627.72712469101  4.318813E-15
3630.56221461296  4.857559E-15
3633.39730453492  4.458543E-15
3636.23239445687  4.356162E-15
3639.06748437882  4.236456E-15
3641.90257430077  4.408898E-15
3644.73766422272  4.304461E-15
3647.57275414467  4.351846E-15
3650.40784406662  4.665911E-15
3653.24293398858  4.181647E-15
3656.07802391053  4.492304E-15
3658.91311383248  4.573309E-15
3661.74820375443  3.783579E-15
3664.58329367638  4.209242E-15
3667.41838359833  4.245729E-15
3670.25347352028  4.149381E-15
3673.08856344223  4.211652E-15
3675.92365336419  3.801096E-15
3678.75874328614  4.448059E-15
3681.59383320809  4.445685E-15
3684.42892313004  4.246315E-15
3687.26401305199  4.441446E-15
3690.09910297394  4.300296E-15
3692.93419289589  4.693958E-15
3695.76928281784  4.183222E-15
3698.6043727398  3.795233E-15
3701.43946266175  3.875416E-15
3704.2745525837  3.790588E-15
3707.10964250565  3.667342E-15
3709.9447324276  3.659697E-15
3712.77982234955  3.619523E-15
3715.6149122715  3.457095E-15
3718.45000219345  3.535704E-15
3721.28509211541  3.345370E-15
3724.12018203736  3.981956E-15
3726.95527195931  3.741126E-15
3729.79036188126  3.838633E-15
3732.62545180321  3.886751E-15
3735.46054172516  3.899266E-15
3738.29563164711  4.297503E-15
3741.13072156906  4.111991E-15
3743.96581149102  4.218353E-15
3746.80090141297  4.101729E-15
3749.63599133492  4.138031E-15
3752.47108125687  3.525164E-15
3755.30617117882  3.346495E-15
3758.14126110077  3.870155E-15
3760.97635102272  3.939678E-15
3763.81144094467  3.730978E-15
3766.64653086663  3.272396E-15
3769.48162078858  3.819787E-15
3772.31671071053  3.263881E-15
3775.15180063248  3.650130E-15
3777.98689055443  3.729242E-15
3780.82198047638  3.555029E-15
3783.65707039833  3.460309E-15
3786.49216032029  3.472651E-15
3789.32725024224  3.364445E-15
3792.16234016419  3.466383E-15
3794.99743008614  3.364156E-15
3797.83252000809  3.512959E-15
3800.66760993004  2.971706E-15
3803.50269985199  3.108157E-15
3806.33778977394  2.811105E-15
3809.1728796959  3.089184E-15
3812.00796961785  3.051395E-15
3814.8430595398  3.063311E-15
3817.67814946175  2.873167E-15
3820.5132393837  2.999052E-15
3823.34832930565  2.997848E-15
3826.1834192276  3.011150E-15
3829.01850914955  2.794506E-15
3831.85359907151  2.701581E-15
3834.68868899346  3.182096E-15
3837.52377891541  2.736778E-15
3840.35886883736  2.878657E-15
3843.19395875931  3.044978E-15
3846.02904868126  2.969500E-15
3848.86413860321  2.829233E-15
3851.69922852517  2.625314E-15
3854.53431844712  3.050646E-15
3857.36940836907  3.357062E-15
3860.20449829102  2.983550E-15
3863.03958821297  3.458497E-15
3865.87467813492  2.743451E-15
3868.70976805687  3.419014E-15
3871.54485797882  3.115059E-15
3874.37994790078  3.284674E-15
3877.21503782273  3.178969E-15
3880.05012774468  3.137842E-15
3882.88521766663  3.314877E-15
3885.72030758858  3.425832E-15
3888.55539751053  3.373116E-15
3891.39048743248  3.433236E-15
3894.22557735443  3.028488E-15
3897.06066727639  3.595950E-15
3899.89575719834  3.587293E-15
3902.73084712029  3.525917E-15
3905.56593704224  3.696327E-15
3908.40102696419  4.223132E-15
3911.23611688614  3.966376E-15
3914.07120680809  3.961665E-15
3916.90629673005  3.782178E-15
3919.741386652  4.156151E-15
3922.57647657395  3.837777E-15
3925.4115664959  3.863949E-15
3928.24665641785  3.914594E-15
3931.0817463398  4.002606E-15
3933.91683626175  4.031842E-15
3936.7519261837  3.903470E-15
3939.58701610566  4.035197E-15
3942.42210602761  4.107306E-15
3945.25719594956  4.140864E-15
3948.09228587151  4.102546E-15
3950.92737579346  3.829147E-15
3953.76246571541  4.380123E-15
3956.59755563736  4.120622E-15
3959.43264555931  4.282035E-15
3962.26773548127  4.236392E-15
3965.10282540322  4.140012E-15
3967.93791532517  4.058807E-15
3970.77300524712  4.088250E-15
3973.60809516907  4.032296E-15
3976.44318509102  4.014404E-15
3979.27827501297  3.878053E-15
3982.11336493492  3.656892E-15
3984.94845485688  3.896048E-15
3987.78354477883  3.697199E-15
3990.61863470078  4.019921E-15
3993.45372462273  3.717232E-15
3996.28881454468  3.485797E-15
3999.12390446663  3.501115E-15
4001.95899438858  3.305145E-15
4004.79408431054  3.367207E-15
4007.62917423249  3.453661E-15
4010.46426415444  3.301652E-15
4013.29935407639  2.950648E-15
4016.13444399834  3.470975E-15
4018.96953392029  3.401690E-15
4021.80462384224  3.353383E-15
4024.63971376419  3.187163E-15
4027.47480368615  3.150813E-15
4030.3098936081  3.160196E-15
4033.14498353005  3.017205E-15
4035.980073452  3.013980E-15
4038.81516337395  3.333656E-15
4041.6502532959  3.164012E-15
4044.48534321785  3.294843E-15
4047.3204331398  3.347089E-15
4050.15552306176  3.128971E-15
4052.99061298371  3.371593E-15
4055.82570290566  3.278333E-15
4058.66079282761  3.558276E-15
4061.49588274956  3.292896E-15
4064.33097267151  3.064780E-15
4067.16606259346  3.279807E-15
4070.00115251542  3.317895E-15
4072.83624243737  2.992429E-15
4075.67133235932  3.172397E-15
4078.50642228127  2.986981E-15
4081.34151220322  3.107201E-15
4084.17660212517  3.053215E-15
4087.01169204712  3.083594E-15
4089.84678196907  3.324765E-15
4092.68187189103  3.011193E-15
4095.51696181298  3.105204E-15
4098.35205173493  3.317832E-15
4101.18714165688  3.332295E-15
4104.02223157883  3.391329E-15
4106.85732150078  3.311429E-15
4109.69241142273  3.294735E-15
4112.52750134468  3.458278E-15
4115.36259126664  3.332372E-15
4118.19768118859  3.091006E-15
4121.03277111054  3.322661E-15
4123.86786103249  3.005192E-15
4126.70295095444  3.169142E-15
4129.53804087639  2.886239E-15
4132.37313079834  3.173352E-15
4135.2082207203  3.048139E-15
4138.04331064225  2.892808E-15
4140.8784005642  2.635357E-15
4143.71349048615  3.065296E-15
4146.5485804081  3.078247E-15
4149.38367033005  2.757104E-15
4152.218760252  2.945273E-15
4155.05385017395  3.044654E-15
4157.88894009591  2.925026E-15
4160.72403001786  3.122549E-15
4163.55911993981  2.941803E-15
4166.39420986176  3.055789E-15
4169.22929978371  3.064210E-15
4172.06438970566  3.070513E-15
4174.89947962761  2.995726E-15
4177.73456954956  2.768489E-15
4180.56965947151  2.807797E-15
4183.40474939347  2.693602E-15
4186.23983931542  3.028035E-15
4189.07492923737  2.813666E-15
4191.91001915932  2.956401E-15
4194.74510908127  2.930900E-15
4197.58019900322  2.915130E-15
4200.41528892518  2.872579E-15
4203.25037884713  2.567564E-15
4206.08546876908  2.604228E-15
4208.92055869103  2.696826E-15
4211.75564861298  2.353987E-15
4214.59073853493  2.573970E-15
4217.42582845688  2.651336E-15
4220.26091837883  2.305901E-15
4223.09600830078  2.621416E-15
4225.93109822274  2.335458E-15
4228.76618814469  2.556154E-15
4231.60127806664  2.525178E-15
4234.43636798859  2.463811E-15
4237.27145791054  2.457480E-15
4240.10654783249  2.533901E-15
4242.94163775444  2.442310E-15
4245.77672767639  2.421893E-15
4248.61181759835  2.495810E-15
4251.4469075203  2.584924E-15
4254.28199744225  2.809148E-15
4257.1170873642  2.611115E-15
4259.95217728615  2.588143E-15
4262.7872672081  2.871830E-15
4265.62235713005  2.615394E-15
4268.45744705201  2.864326E-15
4271.29253697396  2.942561E-15
4274.12762689591  2.871303E-15
4276.96271681786  2.713349E-15
4279.79780673981  3.026008E-15
4282.63289666176  3.136041E-15
4285.46798658371  3.090818E-15
4288.30307650567  3.143423E-15
4291.13816642762  3.005063E-15
4293.97325634957  3.179053E-15
4296.80834627152  3.262520E-15
4299.64343619347  3.118398E-15
4302.47852611542  3.411799E-15
4305.31361603737  3.235894E-15
4308.14870595932  3.357016E-15
4310.98379588127  3.385696E-15
4313.81888580323  3.079592E-15
4316.65397572518  3.288324E-15
4319.48906564713  3.159724E-15
4322.32415556908  3.289033E-15
4325.15924549103  3.304069E-15
4327.99433541298  3.416285E-15
4330.82942533493  3.189902E-15
4333.66451525689  3.322469E-15
4336.49960517884  3.330465E-15
4339.33469510079  3.204016E-15
4342.16978502274  3.150979E-15
4345.00487494469  3.333282E-15
4347.83996486664  3.362327E-15
4350.67505478859  3.096290E-15
4353.51014471055  3.155638E-15
4356.3452346325  3.055689E-15
4359.18032455445  3.052106E-15
4362.0154144764  2.947590E-15
4364.85050439835  3.106503E-15
4367.6855943203  2.928760E-15
4370.52068424225  2.857552E-15
4373.3557741642  2.747672E-15
4376.19086408615  2.793593E-15
4379.02595400811  2.754484E-15
4381.86104393006  2.709137E-15
4384.69613385201  2.601276E-15
4387.53122377396  2.714399E-15
4390.36631369591  2.593890E-15
4393.20140361786  2.489595E-15
4396.03649353981  2.590538E-15
4398.87158346176  2.288114E-15
4401.70667338372  2.432290E-15
4404.54176330567  2.578432E-15
4407.37685322762  2.382840E-15
4410.21194314957  2.528987E-15
4413.04703307152  2.585772E-15
4415.88212299347  2.549112E-15
4418.71721291542  2.583446E-15
4421.55230283737  2.437077E-15
4424.38739275933  2.624336E-15
4427.22248268128  2.541664E-15
4430.05757260323  2.376295E-15
4432.89266252518  2.367342E-15
4435.72775244713  2.467304E-15
4438.56284236908  2.422241E-15
4441.39793229103  2.483907E-15
4444.23302221299  2.374495E-15
4447.06811213494  2.255527E-15
4449.90320205689  2.221530E-15
4452.73829197884  2.368038E-15
4455.57338190079  2.353634E-15
4458.40847182274  2.457756E-15
4461.24356174469  2.439833E-15
4464.07865166664  2.387336E-15
4466.9137415886  2.454065E-15
4469.74883151055  2.370604E-15
4472.5839214325  2.605772E-15
4475.41901135445  2.291756E-15
4478.2541012764  2.684541E-15
4481.08919119835  2.460384E-15
4483.9242811203  2.578569E-15
4486.75937104226  2.850021E-15
4489.59446096421  2.468647E-15
4492.42955088616  2.662658E-15
4495.26464080811  2.550631E-15
4498.09973073006  2.427147E-15
4500.93482065201  2.506058E-15
4503.76991057396  2.776112E-15
4506.60500049591  2.728744E-15
4509.44009041787  2.673350E-15
4512.27518033982  2.654250E-15
4515.11027026177  2.537073E-15
4517.94536018372  2.747319E-15
4520.78045010567  2.793485E-15
4523.61554002762  2.737204E-15
4526.45062994957  2.726296E-15
4529.28571987152  2.918906E-15
4532.12080979348  2.824334E-15
4534.95589971543  2.787725E-15
4537.79098963738  2.836314E-15
4540.62607955933  2.976112E-15
4543.46116948128  2.613993E-15
4546.29625940323  2.929607E-15
4549.13134932518  2.693975E-15
4551.96643924713  2.869332E-15
4554.80152916909  2.642399E-15
4557.63661909104  2.803732E-15
4560.47170901299  2.781653E-15
4563.30679893494  2.615538E-15
4566.14188885689  2.608773E-15
4568.97697877884  2.640968E-15
4571.81206870079  2.823963E-15
4574.64715862275  2.506888E-15
4577.4822485447  2.656762E-15
4580.31733846665  2.637852E-15
4583.1524283886  2.576330E-15
4585.98751831055  2.464392E-15
4588.8226082325  2.542748E-15
4591.65769815445  2.621024E-15
4594.4927880764  2.519786E-15
4597.32787799836  2.493968E-15
4600.16296792031  2.614407E-15
4602.99805784226  2.543276E-15
4605.83314776421  2.493857E-15
4608.66823768616  2.424155E-15
4611.50332760811  2.558061E-15
4614.33841753006  2.288324E-15
4617.17350745201  2.408867E-15
4620.00859737397  2.450669E-15
4622.84368729592  2.197246E-15
4625.67877721787  2.334909E-15
4628.51386713982  2.280161E-15
4631.34895706177  2.170856E-15
4634.18404698372  2.327497E-15
4637.01913690567  2.369144E-15
4639.85422682762  2.247139E-15
4642.68931674958  2.093885E-15
4645.52440667153  2.228644E-15
4648.35949659348  2.019769E-15
4651.19458651543  2.036139E-15
4654.02967643738  2.061410E-15
4656.86476635933  2.116046E-15
4659.69985628128  1.995900E-15
4662.53494620324  2.126264E-15
4665.37003612519  2.119467E-15
4668.20512604714  2.205449E-15
4671.04021596909  1.991217E-15
4673.87530589104  1.961337E-15
4676.71039581299  1.937680E-15
4679.54548573494  1.896133E-15
4682.38057565689  1.869579E-15
4685.21566557885  1.745002E-15
4688.0507555008  1.906533E-15
4690.88584542275  1.810497E-15
4693.7209353447  1.703118E-15
4696.55602526665  1.782019E-15
4699.3911151886  1.896481E-15
4702.22620511055  1.653016E-15
4705.0612950325  1.637912E-15
4707.89638495446  1.708763E-15
4710.73147487641  1.492979E-15
4713.56656479836  1.622597E-15
4716.40165472031  1.611073E-15
4719.23674464226  1.628030E-15
4722.07183456421  1.510038E-15
4724.90692448616  1.471057E-15
4727.74201440812  1.563437E-15
4730.57710433007  1.444384E-15
4733.41219425202  1.400727E-15
4736.24728417397  1.414047E-15
4739.08237409592  1.401199E-15
4741.91746401787  1.392348E-15
4744.75255393982  1.396882E-15
4747.58764386177  1.501215E-15
4750.42273378373  1.656757E-15
4753.25782370568  1.648455E-15
4756.09291362763  1.831530E-15
4758.92800354958  1.761460E-15
4761.76309347153  1.627352E-15
4764.59818339348  1.639435E-15
4767.43327331543  1.643417E-15
4770.26836323738  1.764085E-15
4773.10345315934  1.850729E-15
4775.93854308129  1.851618E-15
4778.77363300324  1.910866E-15
4781.60872292519  1.831349E-15
4784.44381284714  2.004971E-15
4787.27890276909  2.140694E-15
4790.11399269104  1.990655E-15
4792.949082613  1.969960E-15
4795.78417253495  1.924417E-15
4798.6192624569  2.074160E-15
4801.45435237885  2.127194E-15
4804.2894423008  2.018875E-15
4807.12453222275  2.125886E-15
4809.9596221447  2.211627E-15
4812.79471206665  2.214236E-15
4815.6298019886  2.219772E-15
4818.46489191056  2.086604E-15
4821.29998183251  2.236770E-15
4824.13507175446  2.389682E-15
4826.97016167641  2.307338E-15
4829.80525159836  2.243179E-15
4832.64034152031  2.209568E-15
4835.47543144226  2.287578E-15
4838.31052136422  2.384681E-15
4841.14561128617  2.218078E-15
4843.98070120812  2.191253E-15
4846.81579113007  2.220199E-15
4849.65088105202  2.191914E-15
4852.48597097397  2.276191E-15
4855.32106089592  2.318531E-15
4858.15615081787  2.192601E-15
4860.99124073983  2.200438E-15
4863.82633066178  2.353275E-15
4866.66142058373  2.379245E-15
4869.49651050568  2.293157E-15
4872.33160042763  2.103932E-15
4875.16669034958  2.189538E-15
4878.00178027153  2.259222E-15
4880.83687019349  2.172644E-15
4883.67196011544  2.092955E-15
4886.50705003739  2.126596E-15
4889.34213995934  2.268593E-15
4892.17722988129  2.049491E-15
4895.01231980324  2.114389E-15
4897.84740972519  2.142990E-15
4900.68249964714  2.133753E-15
4903.5175895691  1.987564E-15
4906.35267949105  1.990977E-15
4909.187769413  2.043720E-15
4912.02285933495  2.071526E-15
4914.8579492569  2.144286E-15
4917.69303917885  2.146121E-15
4920.5281291008  2.124518E-15
4923.36321902275  2.177685E-15
4926.19830894471  2.103655E-15
4929.03339886666  2.000010E-15
4931.86848878861  2.056572E-15
4934.70357871056  2.123634E-15
4937.53866863251  2.227856E-15
4940.37375855446  2.076128E-15
4943.20884847641  2.058762E-15
4946.04393839836  2.091445E-15
4948.87902832032  2.236879E-15
4951.71411824227  2.058315E-15
4954.54920816422  2.027402E-15
4957.38429808617  2.097312E-15
4960.21938800812  2.054557E-15
4963.05447793007  2.170432E-15
4965.88956785202  2.127756E-15
4968.72465777397  2.052366E-15
4971.55974769593  1.962395E-15
4974.39483761788  1.828829E-15
4977.22992753983  1.934988E-15
4980.06501746178  1.836722E-15
4982.90010738373  2.189683E-15
4985.73519730568  2.145425E-15
4988.57028722763  1.898409E-15
4991.40537714959  1.924797E-15
4994.24046707154  2.237159E-15
4997.07555699349  1.796896E-15
4999.91064691544  1.874786E-15
5002.74573683739  1.790478E-15
5005.58082675934  1.920083E-15
5008.41591668129  1.905282E-15
5011.25100660324  1.825261E-15
5014.0860965252  1.799333E-15
5016.92118644715  1.734036E-15
5019.7562763691  1.791246E-15
5022.59136629105  1.608737E-15
5025.426456213  1.733512E-15
5028.26154613495  1.651113E-15
5031.0966360569  1.595682E-15
5033.93172597886  1.603654E-15
5036.76681590081  1.647183E-15
5039.60190582276  1.692609E-15
5042.43699574471  1.779633E-15
5045.27208566666  1.641995E-15
5048.10717558861  1.496286E-15
5050.94226551056  1.681846E-15
5053.77735543251  1.559070E-15
5056.61244535447  1.656118E-15
5059.44753527642  1.596251E-15
5062.28262519837  1.622571E-15
5065.11771512032  1.689497E-15
5067.95280504227  1.713440E-15
5070.78789496422  1.803826E-15
5073.62298488617  1.591554E-15
5076.45807480813  1.700426E-15
5079.29316473008  1.730737E-15
5082.12825465203  1.601969E-15
5084.96334457398  1.763412E-15
5087.79843449593  1.670168E-15
5090.63352441788  1.677942E-15
5093.46861433983  1.707448E-15
5096.30370426178  1.715321E-15
5099.13879418374  1.648775E-15
5101.97388410569  1.794846E-15
5104.80897402764  1.630911E-15
5107.64406394959  1.758555E-15
5110.47915387154  1.639895E-15
5113.31424379349  1.838653E-15
5116.14933371544  1.709911E-15
5118.98442363739  1.752680E-15
5121.81951355935  1.797502E-15
5124.6546034813  1.809971E-15
5127.48969340325  1.714033E-15
5130.3247833252  1.869657E-15
5133.15987324715  1.864015E-15
5135.9949631691  1.918649E-15
5138.83005309105  1.784636E-15
5141.665143013  1.776663E-15
5144.50023293495  1.774294E-15
5147.33532285691  1.710306E-15
5150.17041277886  1.772996E-15
5153.00550270081  1.744543E-15
5155.84059262276  1.693527E-15
5158.67568254471  1.826578E-15
5161.51077246666  1.756000E-15
5164.34586238862  1.780509E-15
5167.18095231057  1.833846E-15
5170.01604223252  1.788314E-15
5172.85113215447  1.769218E-15
5175.68622207642  1.786631E-15
5178.52131199837  1.717552E-15
5181.35640192032  1.849460E-15
5184.19149184227  1.734442E-15
5187.02658176423  1.730943E-15
5189.86167168618  1.859999E-15
5192.69676160813  1.825535E-15
5195.53185153008  1.848591E-15
5198.36694145203  1.827893E-15
5201.20203137398  1.790029E-15
5204.03712129593  1.740711E-15
5206.87221121788  1.744800E-15
5209.70730113984  1.785067E-15
5212.54239106179  1.858175E-15
5215.37748098374  1.918193E-15
5218.21257090569  1.884437E-15
5221.04766082764  1.898448E-15
5223.88275074959  1.834153E-15
5226.71784067154  1.890526E-15
5229.55293059349  1.843074E-15
5232.38802051545  1.858788E-15
5235.2231104374  1.757910E-15
5238.05820035935  1.721646E-15
5240.8932902813  1.639876E-15
5243.72838020325  1.762926E-15
5246.5634701252  1.846196E-15
5249.39856004715  1.798728E-15
5252.23364996911  1.861900E-15
5255.06873989106  1.796347E-15
5257.90382981301  1.667366E-15
5260.73891973496  1.715563E-15
5263.57400965691  1.813897E-15
5266.40909957886  1.758799E-15
5269.24418950081  1.800782E-15
5272.07927942276  1.789760E-15
5274.91436934472  1.783459E-15
5277.74945926667  1.669372E-15
5280.58454918862  1.757589E-15
5283.41963911057  1.658647E-15
5286.25472903252  1.814674E-15
5289.08981895447  1.601928E-15
5291.92490887642  1.706268E-15
5294.75999879838  1.747530E-15
5297.59508872033  1.668841E-15
5300.43017864228  1.824555E-15
5303.26526856423  1.703306E-15
5306.10035848618  1.644754E-15
5308.93544840813  1.739621E-15
5311.77053833008  1.565327E-15
5314.60562825203  1.604615E-15
5317.44071817399  1.493641E-15
5320.27580809594  1.720700E-15
5323.11089801789  1.649552E-15
5325.94598793984  1.603663E-15
5328.78107786179  1.629952E-15
5331.61616778374  1.643620E-15
5334.45125770569  1.502167E-15
5337.28634762764  1.573191E-15
5340.12143754959  1.613165E-15
5342.95652747155  1.535861E-15
5345.7916173935  1.555746E-15
5348.62670731545  1.610574E-15
5351.4617972374  1.576660E-15
5354.29688715935  1.590271E-15
5357.1319770813  1.524011E-15
5359.96706700325  1.431253E-15
5362.80215692521  1.458967E-15
5365.63724684716  1.422309E-15
5368.47233676911  1.511545E-15
5371.30742669106  1.673731E-15
5374.14251661301  1.467476E-15
5376.97760653496  1.362640E-15
5379.81269645691  1.595136E-15
5382.64778637886  1.515692E-15
5385.48287630082  1.377913E-15
5388.31796622277  1.603645E-15
5391.15305614472  1.507114E-15
5393.98814606667  1.443426E-15
5396.82323598862  1.469944E-15
5399.65832591057  1.522010E-15
5402.49341583252  1.356534E-15
5405.32850575447  1.370077E-15
5408.16359567643  1.450130E-15
5410.99868559838  1.337131E-15
5413.83377552033  1.431415E-15
5416.66886544228  1.427636E-15
5419.50395536423  1.323243E-15
5422.33904528618  1.375566E-15
5425.17413520813  1.385147E-15
5428.00922513009  1.433029E-15
5430.84431505204  1.413883E-15
5433.67940497399  1.381754E-15
5436.51449489594  1.381455E-15
5439.34958481789  1.472848E-15
5442.18467473984  1.364775E-15
5445.01976466179  1.505016E-15
5447.85485458374  1.400747E-15
5450.6899445057  1.341994E-15
5453.52503442765  1.437683E-15
5456.3601243496  1.315056E-15
5459.19521427155  1.242130E-15
5462.0303041935  1.443380E-15
5464.86539411545  1.368780E-15
5467.7004840374  1.288075E-15
5470.53557395935  1.366878E-15
5473.37066388131  1.331608E-15
5476.20575380326  1.308934E-15
5479.04084372521  1.256937E-15
5481.87593364716  1.289170E-15
5484.71102356911  1.349936E-15
5487.54611349106  1.378763E-15
5490.38120341301  1.405033E-15
5493.21629333497  1.309745E-15
5496.05138325692  1.208685E-15
5498.88647317887  1.273496E-15
5501.72156310082  1.314130E-15
5504.55665302277  1.341289E-15
5507.39174294472  1.285109E-15
5510.22683286667  1.377687E-15
5513.06192278862  1.310294E-15
5515.89701271057  1.222788E-15
5518.73210263253  1.283083E-15
5521.56719255448  1.358973E-15
5524.40228247643  1.305793E-15
5527.23737239838  1.243751E-15
5530.07246232033  1.329560E-15
5532.90755224228  1.230002E-15
5535.74264216423  1.239156E-15
5538.57773208619  1.287436E-15
5541.41282200814  1.192977E-15
5544.24791193009  1.197409E-15
5547.08300185204  1.292011E-15
5549.91809177399  1.280475E-15
5552.75318169594  1.300978E-15
5555.58827161789  1.366014E-15
5558.42336153985  1.338231E-15
5561.2584514618  1.282408E-15
5564.09354138375  1.336252E-15
5566.9286313057  1.229324E-15
5569.76372122765  1.233587E-15
5572.5988111496  1.202848E-15
5575.43390107155  1.004260E-15
5578.2689909935  1.316506E-15
5581.10408091545  1.139038E-15
5583.93917083741  1.240220E-15
5586.77426075936  1.215295E-15
5589.60935068131  1.190601E-15
5592.44444060326  1.300891E-15
5595.27953052521  1.211026E-15
5598.11462044716  1.207847E-15
5600.94971036911  1.154575E-15
5603.78480029107  1.245999E-15
5606.61989021302  1.176001E-15
5609.45498013497  1.227660E-15
5612.29007005692  1.178719E-15
5615.12515997887  1.231287E-15
5617.96024990082  1.225812E-15
5620.79533982277  1.207107E-15
5623.63042974472  1.189331E-15
5626.46551966668  1.219790E-15
5629.30060958863  1.160243E-15
5632.13569951058  1.056147E-15
5634.97078943253  1.089591E-15
5637.80587935448  1.027476E-15
5640.64096927643  1.189393E-15
5643.47605919838  1.183224E-15
5646.31114912033  1.166787E-15
5649.14623904229  1.137737E-15
5651.98132896424  1.223912E-15
5654.81641888619  1.122536E-15
5657.65150880814  1.128964E-15
5660.48659873009  1.088021E-15
5663.32168865204  1.181234E-15
5666.15677857399  1.196292E-15
5668.99186849595  1.078578E-15
5671.8269584179  1.054257E-15
5674.66204833985  1.164203E-15
5677.4971382618  1.118074E-15
5680.33222818375  1.008516E-15
5683.1673181057  1.057759E-15
5686.00240802765  1.082671E-15
5688.83749794961  1.099003E-15
5691.67258787156  1.035146E-15
5694.50767779351  1.151602E-15
5697.34276771546  1.104591E-15
5700.17785763741  1.099280E-15
5703.01294755936  1.144409E-15
5705.84803748131  1.060615E-15
5708.68312740326  1.048616E-15
5711.51821732521  1.022231E-15
5714.35330724717  1.113181E-15
5717.18839716912  1.052916E-15
5720.02348709107  9.798269E-16
5722.85857701302  1.093429E-15
5725.69366693497  1.194320E-15
5728.52875685692  9.947766E-16
5731.36384677887  1.028610E-15
5734.19893670083  1.137191E-15
5737.03402662278  1.060544E-15
5739.86911654473  1.103579E-15
5742.70420646668  9.870457E-16
5745.53929638863  1.069846E-15
5748.37438631058  1.031439E-15
5751.20947623253  1.057573E-15
5754.04456615448  9.927623E-16
5756.87965607644  1.048421E-15
5759.71474599839  1.089543E-15
5762.54983592034  1.000062E-15
5765.38492584229  1.036503E-15
5768.22001576424  9.692837E-16
5771.05510568619  1.147936E-15
5773.89019560814  1.109053E-15
5776.72528553009  1.161364E-15
5779.56037545204  1.001560E-15
5782.395465374  9.445513E-16
5785.23055529595  1.050209E-15
5788.0656452179  9.616186E-16
5790.90073513985  1.042089E-15
5793.7358250618  1.177016E-15
5796.57091498375  1.085208E-15
5799.4060049057  1.168155E-15
5802.24109482766  1.067348E-15
5805.07618474961  1.120639E-15
5807.91127467156  9.132829E-16
5810.74636459351  1.049040E-15
5813.58145451546  1.132017E-15
5816.41654443741  1.090146E-15
5819.25163435936  1.064465E-15
5822.08672428132  1.063665E-15
5824.92181420327  1.014180E-15
5827.75690412522  1.122652E-15
5830.59199404717  1.172934E-15
5833.42708396912  1.177782E-15
5836.26217389107  1.074411E-15
5839.09726381302  1.051351E-15
5841.93235373497  1.114418E-15
5844.76744365693  1.092963E-15
5847.60253357888  1.053637E-15
5850.43762350083  1.027522E-15
5853.27271342278  1.052587E-15
5856.10780334473  1.073129E-15
5858.94289326668  1.031088E-15
5861.77798318863  1.092398E-15
5864.61307311058  1.075653E-15
5867.44816303254  9.707665E-16
5870.28325295449  1.047326E-15
5873.11834287644  1.108640E-15
5875.95343279839  1.046486E-15
5878.78852272034  1.056563E-15
5881.62361264229  9.885212E-16
5884.45870256424  1.212984E-15
5887.2937924862  1.084785E-15
5890.12888240815  9.943069E-16
5892.9639723301  1.080774E-15
5895.79906225205  1.137998E-15
5898.634152174  1.049360E-15
5901.46924209595  1.070745E-15
5904.3043320179  9.748788E-16
5907.13942193985  8.744494E-16
5909.9745118618  9.581560E-16
5912.80960178376  9.226549E-16
5915.64469170571  9.799534E-16
5918.47978162766  1.051950E-15
5921.31487154961  1.041652E-15
5924.14996147156  1.004085E-15
5926.98505139351  1.049883E-15
5929.82014131547  1.077853E-15
5932.65523123742  1.076944E-15
5935.49032115937  1.028673E-15
5938.32541108132  1.023175E-15
5941.16050100327  1.067161E-15
5943.99559092522  1.146145E-15
5946.83068084717  1.068987E-15
5949.66577076912  9.656631E-16
5952.50086069107  9.467998E-16
5955.33595061303  1.058641E-15
5958.17104053498  1.048442E-15
5961.00613045693  1.118882E-15
5963.84122037888  1.029977E-15
5966.67631030083  1.023801E-15
5969.51140022278  1.032410E-15
5972.34649014473  1.097924E-15
5975.18158006668  9.894555E-16
5978.01666998864  9.835924E-16
5980.85175991059  9.479274E-16
5983.68684983254  9.989988E-16
5986.52193975449  9.908294E-16
5989.35702967644  1.011078E-15
5992.19211959839  9.315010E-16
5995.02720952034  1.133740E-15
5997.8622994423  1.082256E-15
6000.69738936425  9.809458E-16
6003.5324792862  1.032121E-15
6006.36756920815  9.602694E-16
6009.2026591301  9.314905E-16
6012.03774905205  9.200302E-16
6014.872838974  1.022861E-15
6017.70792889596  1.050838E-15
6020.54301881791  1.042207E-15
6023.37810873986  1.002072E-15
6026.21319866181  8.968697E-16
6029.04828858376  1.087210E-15
6031.88337850571  9.958136E-16
6034.71846842766  9.175493E-16
6037.55355834961  9.810932E-16
6040.38864827156  1.028448E-15
6043.22373819352  1.031763E-15
6046.05882811547  9.927428E-16
6048.89391803742  8.504992E-16
6051.72900795937  9.316148E-16
6054.56409788132  9.684159E-16
6057.39918780327  9.417258E-16
6060.23427772522  9.158795E-16
6063.06936764718  1.097107E-15
6065.90445756913  1.059324E-15
6068.73954749108  9.225149E-16
6071.57463741303  9.551354E-16
6074.40972733498  8.506606E-16
6077.24481725693  8.923338E-16
6080.07990717888  9.258443E-16
6082.91499710083  8.896432E-16
6085.75008702279  9.556282E-16
6088.58517694474  9.159425E-16
6091.42026686669  8.704377E-16
6094.25535678864  8.905038E-16
6097.09044671059  9.545231E-16
6099.92553663254  1.026944E-15
6102.76062655449  1.024557E-15
6105.59571647644  1.001077E-15
6108.4308063984  1.009183E-15
6111.26589632035  9.864077E-16
6114.1009862423  9.353991E-16
6116.93607616425  8.881354E-16
6119.7711660862  8.516996E-16
6122.60625600815  8.557058E-16
6125.4413459301  9.693598E-16
6128.27643585206  1.005192E-15
6131.11152577401  9.096253E-16
6133.94661569596  9.184950E-16
6136.78170561791  9.903491E-16
6139.61679553986  9.887712E-16
6142.45188546181  9.847476E-16
6145.28697538376  9.401615E-16
6148.12206530571  8.437125E-16
6150.95715522766  9.107997E-16
6153.79224514962  9.685499E-16
6156.62733507157  9.578220E-16
6159.46242499352  1.016133E-15
6162.29751491547  1.030250E-15
6165.13260483742  8.804790E-16
6167.96769475937  8.061140E-16
6170.80278468132  7.879513E-16
6173.63787460328  8.826593E-16
6176.47296452523  9.427328E-16
6179.30805444718  8.205495E-16
6182.14314436913  8.490105E-16
6184.97823429108  7.735223E-16
6187.81332421303  8.551504E-16
6190.64841413498  8.890130E-16
6193.48350405693  7.462144E-16
6196.31859397889  8.941469E-16
6199.15368390084  9.771995E-16
6201.98877382279  8.766763E-16
6204.82386374474  8.561701E-16
6207.65895366669  8.407208E-16
6210.49404358864  8.625947E-16
6213.32913351059  8.415453E-16
6216.16422343254  7.336412E-16
6218.9993133545  7.580619E-16
6221.83440327645  7.273837E-16
6224.6694931984  7.684029E-16
6227.50458312035  8.032726E-16
6230.3396730423  8.130886E-16
6233.17476296425  8.108119E-16
6236.0098528862  7.235482E-16
6238.84494280816  7.764596E-16
6241.68003273011  8.199128E-16
6244.51512265206  7.524700E-16
6247.35021257401  8.240980E-16
6250.18530249596  7.338716E-16
6253.02039241791  7.859918E-16
6255.85548233986  7.469873E-16
6258.69057226182  8.374190E-16
6261.52566218377  7.212595E-16
6264.36075210572  6.563475E-16
6267.19584202767  7.423811E-16
6270.03093194962  7.243087E-16
6272.86602187157  7.016937E-16
6275.70111179352  6.723923E-16
6278.53620171547  7.218072E-16
6281.37129163742  7.567740E-16
6284.20638155938  7.286522E-16
6287.04147148133  6.779406E-16
6289.87656140328  7.656113E-16
6292.71165132523  6.787143E-16
6295.54674124718  5.983895E-16
6298.38183116913  6.351981E-16
6301.21692109108  6.685668E-16
6304.05201101304  6.946351E-16
6306.88710093499  6.759688E-16
6309.72219085694  7.005130E-16
6312.55728077889  6.646779E-16
6315.39237070084  6.106796E-16
6318.22746062279  6.176061E-16
6321.06255054474  6.980154E-16
6323.89764046669  7.568626E-16
6326.73273038865  6.882318E-16
6329.5678203106  6.420446E-16
6332.40291023255  6.327556E-16
6335.2380001545  6.258275E-16
6338.07309007645  6.277249E-16
6340.9081799984  6.103547E-16
6343.74326992035  6.312541E-16
6346.5783598423  7.333175E-16
6349.41344976425  7.009358E-16
6352.24853968621  6.609345E-16
6355.08362960816  7.269830E-16
6357.91871953011  6.462896E-16
6360.75380945206  7.285356E-16
6363.58889937401  6.001156E-16
6366.42398929596  6.280426E-16
6369.25907921792  6.136509E-16
6372.09416913987  6.891103E-16
6374.92925906182  7.299396E-16
6377.76434898377  6.936512E-16
6380.59943890572  7.488941E-16
6383.43452882767  6.265906E-16
6386.26961874962  6.897353E-16
6389.10470867157  6.742264E-16
6391.93979859353  7.488074E-16
6394.77488851548  8.114788E-16
6397.60997843743  8.056361E-16
6400.44506835938  7.040932E-16
6403.28015828133  8.356518E-16
6406.11524820328  8.734337E-16
6408.95033812523  9.603058E-16
6411.78542804718  9.239118E-16
6414.62051796914  9.167984E-16
6417.45560789109  8.662063E-16
6420.29069781304  9.215841E-16
6423.12578773499  9.282077E-16
6425.96087765694  1.029506E-15
6428.79596757889  1.081782E-15
6431.63105750084  1.032811E-15
6434.46614742279  1.081135E-15
6437.30123734475  1.132497E-15
6440.1363272667  1.134307E-15
6442.97141718865  1.131180E-15
6445.8065071106  1.236677E-15
6448.64159703255  1.220894E-15
6451.4766869545  1.305839E-15
6454.31177687645  1.330150E-15
6457.14686679841  1.387212E-15
6459.98195672036  1.430977E-15
6462.81704664231  1.335907E-15
6465.65213656426  1.397569E-15
6468.48722648621  1.436160E-15
6471.32231640816  1.398074E-15
6474.15740633011  1.260833E-15
6476.99249625206  1.317453E-15
6479.82758617402  1.499912E-15
6482.66267609597  1.439142E-15
6485.49776601792  1.406924E-15
6488.33285593987  1.473182E-15
6491.16794586182  1.557283E-15
6494.00303578377  1.551287E-15
6496.83812570572  1.560203E-15
6499.67321562768  1.606246E-15
6502.50830554963  1.486427E-15
6505.34339547158  1.444374E-15
6508.17848539353  1.569805E-15
6511.01357531548  1.536562E-15
6513.84866523743  1.557950E-15
6516.68375515938  1.577308E-15
6519.51884508133  1.529605E-15
6522.35393500328  1.501190E-15
6525.18902492524  1.500983E-15
6528.02411484719  1.472602E-15
6530.85920476914  1.656473E-15
6533.69429469109  1.488904E-15
6536.52938461304  1.564545E-15
6539.36447453499  1.525575E-15
6542.19956445694  1.373841E-15
6545.03465437889  1.496268E-15
6547.86974430085  1.434874E-15
6550.7048342228  1.548387E-15
6553.53992414475  1.575147E-15
6556.3750140667  1.496310E-15
6559.21010398865  1.506198E-15
6562.0451939106  1.464691E-15
6564.88028383255  1.440396E-15
6567.71537375451  1.471893E-15
6570.55046367646  1.414611E-15
6573.38555359841  1.437734E-15
6576.22064352036  1.540574E-15
6579.05573344231  1.406009E-15
6581.89082336426  1.313406E-15
6584.72591328621  1.410025E-15
6587.56100320816  1.413652E-15
6590.39609313012  1.451835E-15
6593.23118305207  1.420136E-15
6596.06627297402  1.343247E-15
6598.90136289597  1.316046E-15
6601.73645281792  1.378729E-15
6604.57154273987  1.375558E-15
6607.40663266182  1.326581E-15
6610.24172258377  1.385291E-15
6613.07681250573  1.272296E-15
6615.91190242768  1.241318E-15
6618.74699234963  1.282038E-15
6621.58208227158  1.300444E-15
6624.41717219353  1.281618E-15
6627.25226211548  1.253539E-15
6630.08735203743  1.289260E-15
6632.92244195939  1.191344E-15
6635.75753188134  1.280666E-15
6638.59262180329  1.202012E-15
6641.42771172524  1.194478E-15
6644.26280164719  1.156276E-15
6647.09789156914  1.225357E-15
6649.93298149109  1.204235E-15
6652.76807141304  1.157486E-15
6655.603161335  1.132271E-15
6658.43825125695  1.069908E-15
6661.2733411789  1.039231E-15
6664.10843110085  1.068505E-15
6666.9435210228  1.113358E-15
6669.77861094475  1.149798E-15
6672.6137008667  1.144175E-15
6675.44879078865  1.099930E-15
6678.28388071061  1.088449E-15
6681.11897063256  1.073948E-15
6683.95406055451  1.030733E-15
6686.78915047646  9.762928E-16
6689.62424039841  9.898398E-16
6692.45933032036  1.044632E-15
6695.29442024232  1.061592E-15
6698.12951016427  1.012706E-15
6700.96460008621  1.030961E-15
6703.79969000817  9.466885E-16
6706.63477993012  1.059087E-15
6709.46986985207  1.060891E-15
6712.30495977402  8.885026E-16
6715.14004969597  9.836310E-16
6717.97513961792  9.707456E-16
6720.81022953987  9.724191E-16
6723.64531946183  8.851853E-16
6726.48040938378  9.271226E-16
6729.31549930573  9.579601E-16
6732.15058922768  9.273575E-16
6734.98567914963  9.007098E-16
6737.82076907158  8.752614E-16
6740.65585899353  9.286074E-16
6743.49094891549  1.021282E-15
6746.32603883744  9.406725E-16
6749.16112875939  8.993519E-16
6751.99621868134  9.053575E-16
6754.83130860329  8.799769E-16
6757.66639852524  8.903328E-16
6760.50148844719  7.893147E-16
6763.33657836915  7.797544E-16
6766.1716682911  8.912509E-16
6769.00675821305  8.979185E-16
6771.841848135  8.876680E-16
6774.67693805695  9.081179E-16
6777.5120279789  9.426862E-16
6780.34711790085  8.279239E-16
6783.1822078228  7.422522E-16
6786.01729774475  8.604495E-16
6788.85238766671  9.071487E-16
6791.68747758866  7.774863E-16
6794.52256751061  8.239472E-16
6797.35765743256  7.851175E-16
6800.19274735451  8.051008E-16
6803.02783727646  8.559098E-16
6805.86292719841  7.898508E-16
6808.69801712037  8.633657E-16
6811.53310704232  8.095591E-16
6814.36819696427  7.013346E-16
6817.20328688622  8.095927E-16
6820.03837680817  8.249543E-16
6822.87346673012  6.734484E-16
6825.70855665207  7.358011E-16
6828.54364657402  7.890245E-16
6831.37873649598  7.002545E-16
6834.21382641793  7.720189E-16
6837.04891633988  7.894582E-16
6839.88400626183  7.006444E-16
6842.71909618378  6.766544E-16
6845.55418610573  7.407613E-16
6848.38927602768  7.633956E-16
6851.22436594964  7.518364E-16
6854.05945587159  7.419045E-16
6856.89454579354  6.941746E-16
6859.72963571549  7.194222E-16
6862.56472563744  7.505268E-16
6865.39981555939  6.836649E-16
6868.23490548134  7.067995E-16
6871.06999540329  7.356233E-16
6873.90508532525  6.204417E-16
6876.7401752472  6.741876E-16
6879.57526516915  6.826118E-16
6882.4103550911  6.867977E-16
6885.24544501305  7.611848E-16
6888.080534935  6.948355E-16
6890.91562485695  5.701468E-16
6893.7507147789  7.163775E-16
6896.58580470086  7.201656E-16
6899.42089462281  6.482211E-16
6902.25598454476  7.681046E-16
6905.09107446671  6.662346E-16
6907.92616438866  7.597594E-16
6910.76125431061  6.842419E-16
6913.59634423256  7.101807E-16
6916.43143415451  7.583072E-16
6919.26652407647  7.252434E-16
6922.10161399842  7.839074E-16
6924.93670392037  6.717041E-16
6927.77179384232  6.631407E-16
6930.60688376427  7.362978E-16
6933.44197368622  6.393064E-16
6936.27706360817  6.442534E-16
6939.11215353013  6.295376E-16
6941.94724345208  6.382028E-16
6944.78233337403  6.420581E-16
6947.61742329598  7.398474E-16
6950.45251321793  6.386633E-16
6953.28760313988  7.821505E-16
6956.12269306183  7.346317E-16
6958.95778298378  6.437355E-16
6961.79287290574  6.237297E-16
6964.62796282769  5.473028E-16
6967.46305274964  7.870765E-16
6970.29814267159  7.535749E-16
6973.13323259354  6.439990E-16
6975.96832251549  7.023696E-16
6978.80341243744  6.773931E-16
6981.63850235939  6.136941E-16
6984.47359228134  5.899501E-16
6987.3086822033  6.488923E-16
6990.14377212525  7.048949E-16
6992.9788620472  6.633910E-16
6995.81395196915  6.715581E-16
6998.6490418911  6.807369E-16
7001.48413181305  6.400213E-16
7004.31922173501  7.294601E-16
7007.15431165696  6.433171E-16
7009.98940157891  7.109962E-16
7012.82449150086  6.501775E-16
7015.65958142281  6.237424E-16
7018.49467134476  6.447722E-16
7021.32976126671  6.648771E-16
7024.16485118866  7.112141E-16
7026.99994111061  6.548167E-16
7029.83503103257  5.945015E-16
7032.67012095452  7.054702E-16
7035.50521087647  6.192542E-16
7038.34030079842  6.119271E-16
7041.17539072037  6.723901E-16
7044.01048064232  6.068323E-16
7046.84557056427  6.556568E-16
7049.68066048623  6.773405E-16
7052.51575040818  6.927501E-16
7055.35084033013  6.270958E-16
7058.18593025208  6.223776E-16
7061.02102017403  6.911252E-16
7063.85611009598  6.678533E-16
7066.69120001793  6.722733E-16
7069.52628993989  6.024429E-16
7072.36137986184  6.670870E-16
7075.19646978379  7.100698E-16
7078.03155970574  6.260622E-16
7080.86664962769  5.939590E-16
7083.70173954964  5.449549E-16
7086.53682947159  6.078462E-16
7089.37191939354  7.259958E-16
7092.20700931549  5.628532E-16
7095.04209923745  5.131835E-16
7097.8771891594  6.056794E-16
7100.71227908135  6.640517E-16
7103.5473690033  6.735141E-16
7106.38245892525  5.902532E-16
7109.2175488472  5.978423E-16
7112.05263876915  5.740546E-16
7114.8877286911  5.899891E-16
7117.72281861306  6.549450E-16
7120.55790853501  6.488253E-16
7123.39299845696  5.557817E-16
7126.22808837891  5.499158E-16
7129.06317830086  6.248410E-16
7131.89826822281  5.565789E-16
7134.73335814477  4.808656E-16
7137.56844806672  6.006210E-16
7140.40353798867  6.170524E-16
7143.23862791062  5.580780E-16
7146.07371783257  6.970365E-16
7148.90880775452  6.103824E-16
7151.74389767647  6.298845E-16
7154.57898759842  6.177700E-16
7157.41407752037  6.489149E-16
7160.24916744233  6.402580E-16
7163.08425736428  5.759640E-16
7165.91934728623  5.569433E-16
7168.75443720818  5.052678E-16
7171.58952713013  6.269366E-16
7174.42461705208  6.787145E-16
7177.25970697403  6.137139E-16
7180.09479689598  6.951882E-16
7182.92988681794  7.063347E-16
7185.76497673989  5.720121E-16
7188.60006666184  5.180810E-16
7191.43515658379  4.810401E-16
7194.27024650574  5.919249E-16
7197.10533642769  7.088388E-16
7199.94042634964  5.861005E-16
7202.7755162716  5.974805E-16
7205.61060619355  5.820565E-16
7208.4456961155  5.166647E-16
7211.28078603745  5.994186E-16
7214.1158759594  6.615354E-16
7216.95096588135  5.748912E-16
7219.7860558033  4.816155E-16
7222.62114572525  5.283696E-16
7225.45623564721  5.191689E-16
7228.29132556916  4.873284E-16
7231.12641549111  6.144104E-16
7233.96150541306  6.611643E-16
7236.79659533501  5.542601E-16
7239.63168525696  6.318694E-16
7242.46677517891  7.067607E-16
7245.30186510087  6.046692E-16
7248.13695502282  5.300796E-16
7250.97204494477  5.583077E-16
7253.80713486672  7.094950E-16
7256.64222478867  5.993797E-16
7259.47731471062  6.590274E-16
7262.31240463257  5.882515E-16
7265.14749455452  5.876093E-16
7267.98258447647  6.024518E-16
7270.81767439843  5.461915E-16
7273.65276432038  5.116158E-16
7276.48785424233  5.443068E-16
7279.32294416428  5.794157E-16
7282.15803408623  5.572473E-16
7284.99312400818  5.858684E-16
7287.82821393013  6.216361E-16
7290.66330385209  5.840679E-16
7293.49839377404  5.857730E-16
7296.33348369599  5.078110E-16
7299.16857361794  5.201237E-16
7302.00366353989  6.279758E-16
7304.83875346184  5.507473E-16
7307.67384338379  5.884576E-16
7310.50893330574  4.800032E-16
7313.3440232277  5.754983E-16
7316.17911314965  5.751880E-16
7319.0142030716  5.079457E-16
7321.84929299355  7.033745E-16
7324.6843829155  6.354955E-16
7327.51947283745  4.862291E-16
7330.3545627594  4.870050E-16
7333.18965268136  5.965425E-16
7336.02474260331  6.198166E-16
7338.85983252526  5.760749E-16
7341.69492244721  5.885173E-16
7344.53001236916  6.003947E-16
7347.36510229111  5.807183E-16
7350.20019221306  5.429899E-16
7353.03528213501  5.349130E-16
7355.87037205696  5.786559E-16
7358.70546197892  5.646334E-16
7361.54055190087  5.079210E-16
7364.37564182282  5.457891E-16
7367.21073174477  6.233117E-16
7370.04582166672  5.768286E-16
7372.88091158867  5.509474E-16
7375.71600151062  5.805722E-16
7378.55109143258  5.850623E-16
7381.38618135453  5.489745E-16
7384.22127127648  6.222657E-16
7387.05636119843  5.877032E-16
7389.89145112038  5.046977E-16
7392.72654104233  5.462171E-16
7395.56163096428  5.636148E-16
7398.39672088624  5.135159E-16
7401.23181080819  5.097798E-16
7404.06690073014  6.014728E-16
7406.90199065209  6.195834E-16
7409.73708057404  4.474193E-16
7412.57217049599  5.367987E-16
7415.40726041794  5.119530E-16
7418.24235033989  5.907137E-16
7421.07744026185  6.154388E-16
7423.9125301838  5.438786E-16
7426.74762010575  5.558409E-16
7429.5827100277  4.937233E-16
7432.41779994965  5.108187E-16
7435.2528898716  5.139949E-16
7438.08797979355  5.361158E-16
7440.9230697155  6.312243E-16
7443.75815963746  5.808314E-16
7446.59324955941  4.834847E-16
7449.42833948136  5.035944E-16
7452.26342940331  5.999208E-16
7455.09851932526  5.342507E-16
7457.93360924721  4.879332E-16
7460.76869916916  5.706174E-16
7463.60378909111  5.247669E-16
7466.43887901306  4.881225E-16
7469.27396893502  5.149427E-16
7472.10905885697  4.511302E-16
7474.94414877892  5.566362E-16
7477.77923870087  5.821407E-16
7480.61432862282  5.447248E-16
7483.44941854477  5.293275E-16
7486.28450846672  4.884892E-16
7489.11959838868  4.758998E-16
7491.95468831063  4.978284E-16
7494.78977823258  5.173694E-16
7497.62486815453  5.355902E-16
7500.45995807648  5.584610E-16
7503.29504799843  5.184885E-16
7506.13013792038  4.898512E-16
7508.96522784234  4.601288E-16
7511.80031776429  4.427239E-16
7514.63540768624  5.455565E-16
7517.47049760819  4.390274E-16
7520.30558753014  4.881646E-16
7523.14067745209  5.117998E-16
7525.97576737404  4.933865E-16
7528.81085729599  4.781500E-16
7531.64594721794  5.192750E-16
7534.4810371399  5.069847E-16
7537.31612706185  5.081416E-16
7540.1512169838  5.845097E-16
7542.98630690575  5.276000E-16
7545.8213968277  4.448567E-16
7548.65648674965  4.609753E-16
7551.4915766716  4.603925E-16
7554.32666659356  4.270852E-16
7557.16175651551  5.181672E-16
7559.99684643746  4.148559E-16
7562.83193635941  4.584000E-16
7565.66702628136  5.198331E-16
7568.50211620331  4.872700E-16
7571.33720612526  4.564811E-16
7574.17229604722  4.532390E-16
7577.00738596917  4.670217E-16
7579.84247589112  4.546849E-16
7582.67756581307  4.761308E-16
7585.51265573502  5.692079E-16
7588.34774565697  5.424974E-16
7591.18283557892  4.887336E-16
7594.01792550087  6.351366E-16
7596.85301542283  5.687333E-16
7599.68810534478  5.085502E-16
7602.52319526673  5.293982E-16
7605.35828518868  3.757424E-16
7608.19337511063  6.030941E-16
7611.02846503258  5.275956E-16
7613.86355495453  4.605457E-16
7616.69864487648  5.590688E-16
7619.53373479844  5.226605E-16
7622.36882472039  4.581454E-16
7625.20391464234  5.823625E-16
7628.03900456429  5.502798E-16
7630.87409448624  4.380875E-16
7633.70918440819  5.372276E-16
7636.54427433014  4.646344E-16
7639.37936425209  5.100937E-16
7642.21445417405  4.373712E-16
7645.049544096  5.283954E-16
7647.88463401795  5.627199E-16
7650.7197239399  5.066836E-16
7653.55481386185  4.999786E-16
7656.3899037838  5.574285E-16
7659.22499370575  5.401988E-16
7662.06008362771  5.338573E-16
7664.89517354966  6.798174E-16
7667.73026347161  6.227212E-16
7670.56535339356  4.246711E-16
7673.40044331551  5.103763E-16
7676.23553323746  4.077189E-16
7679.07062315941  4.986550E-16
7681.90571308136  4.800405E-16
7684.74080300332  3.909054E-16
7687.57589292527  4.770303E-16
7690.41098284722  4.879883E-16
7693.24607276917  5.434949E-16
7696.08116269112  5.657000E-16
7698.91625261307  4.820640E-16
7701.75134253502  4.478694E-16
7704.58643245698  5.058082E-16
7707.42152237893  4.516699E-16
7710.25661230088  4.241639E-16
7713.09170222283  5.899795E-16
7715.92679214478  4.236601E-16
7718.76188206673  4.739186E-16
7721.59697198868  5.354717E-16
7724.43206191063  5.020488E-16
7727.26715183258  4.962543E-16
7730.10224175454  5.726277E-16
7732.93733167649  4.996429E-16
7735.77242159844  4.813380E-16
7738.60751152039  5.177226E-16
7741.44260144234  4.806482E-16
7744.27769136429  5.328683E-16
7747.11278128624  5.728619E-16
7749.94787120819  4.603855E-16
7752.78296113015  4.977376E-16
7755.6180510521  5.060951E-16
7758.45314097405  4.991695E-16
7761.288230896  4.172969E-16
7764.12332081795  4.962380E-16
7766.9584107399  5.171172E-16
7769.79350066185  5.208762E-16
7772.62859058381  5.004335E-16
7775.46368050576  4.221815E-16
7778.29877042771  4.744464E-16
7781.13386034966  5.121149E-16
7783.96895027161  4.861840E-16
7786.80404019356  5.394711E-16
7789.63913011551  5.121283E-16
7792.47422003746  4.354727E-16
7795.30930995942  6.044952E-16
7798.14439988137  5.476587E-16
7800.97948980332  5.271573E-16
7803.81457972527  5.624431E-16
7806.64966964722  5.353769E-16
7809.48475956917  5.203367E-16
7812.31984949112  5.156469E-16
7815.15493941307  5.226286E-16
7817.99002933503  5.528877E-16
7820.82511925698  5.130029E-16
7823.66020917893  4.623242E-16
7826.49529910088  4.578569E-16
7829.33038902283  4.618813E-16
7832.16547894478  5.781354E-16
7835.00056886673  4.646841E-16
7837.83565878868  5.182036E-16
7840.67074871064  5.086252E-16
7843.50583863259  5.060630E-16
7846.34092855454  4.908228E-16
7849.17601847649  5.885723E-16
7852.01110839844  5.396686E-16
7854.84619832039  4.899305E-16
7857.68128824234  4.947184E-16
7860.5163781643  4.562252E-16
7863.35146808625  4.765411E-16
7866.1865580082  4.998475E-16
7869.02164793015  4.024208E-16
7871.8567378521  5.576478E-16
7874.69182777405  4.861242E-16
7877.526917696  4.623077E-16
7880.36200761795  4.550410E-16
7883.19709753991  5.130070E-16
7886.03218746186  5.028661E-16
7888.86727738381  4.175385E-16
7891.70236730576  5.243976E-16
7894.53745722771  5.613319E-16
7897.37254714966  4.881621E-16
7900.20763707162  5.023748E-16
7903.04272699356  3.647514E-16
7905.87781691552  4.061990E-16
7908.71290683747  5.085005E-16
7911.54799675942  6.523453E-16
7914.38308668137  4.806594E-16
7917.21817660332  4.815504E-16
7920.05326652527  4.133090E-16
7922.88835644722  4.771714E-16
7925.72344636917  6.015294E-16
7928.55853629113  5.559504E-16
7931.39362621308  5.080156E-16
7934.22871613503  5.407331E-16
7937.06380605698  4.539449E-16
7939.89889597893  4.737660E-16
7942.73398590088  4.608454E-16
7945.56907582283  4.932538E-16
7948.40416574479  4.461376E-16
7951.23925566674  5.056789E-16
7954.07434558869  5.084124E-16
7956.90943551064  4.153590E-16
7959.74452543259  4.669871E-16
7962.57961535454  5.202663E-16
7965.41470527649  4.872077E-16
7968.24979519844  4.680096E-16
7971.0848851204  4.325298E-16
7973.91997504235  4.694411E-16
7976.7550649643  4.357370E-16
7979.59015488625  4.834977E-16
7982.4252448082  5.320189E-16
7985.26033473015  4.507026E-16
7988.0954246521  4.313569E-16
7990.93051457406  4.156260E-16
7993.76560449601  5.217785E-16
7996.60069441796  5.619937E-16
7999.43578433991  5.161948E-16
8002.27087426186  4.721309E-16
8005.10596418381  4.714911E-16
8007.94105410576  4.931739E-16
8010.77614402771  4.527219E-16
8013.61123394967  4.209455E-16
8016.44632387162  4.158188E-16
8019.28141379357  4.224961E-16
8022.11650371552  4.068443E-16
8024.95159363747  4.212049E-16
8027.78668355942  4.213033E-16
8030.62177348137  4.196867E-16
8033.45686340332  4.422559E-16
8036.29195332528  4.320023E-16
8039.12704324723  4.096676E-16
8041.96213316918  4.399257E-16
8044.79722309113  4.632764E-16
8047.63231301308  4.251368E-16
8050.46740293503  3.956251E-16
8053.30249285698  4.166776E-16
8056.13758277893  4.394696E-16
8058.97267270089  3.622842E-16
8061.80776262284  4.070643E-16
8064.64285254479  4.760530E-16
8067.47794246674  3.998270E-16
8070.31303238869  3.806028E-16
8073.14812231064  4.552038E-16
8075.98321223259  4.635668E-16
8078.81830215455  5.100702E-16
8081.6533920765  4.878514E-16
8084.48848199845  3.547401E-16
8087.3235719204  4.147105E-16
8090.15866184235  4.447560E-16
8092.9937517643  4.532628E-16
8095.82884168625  4.227603E-16
8098.6639316082  3.750675E-16
8101.49902153016  3.902238E-16
8104.33411145211  4.417214E-16
8107.16920137406  5.217628E-16
8110.00429129601  4.571610E-16
8112.83938121796  5.421687E-16
8115.67447113991  3.993883E-16
8118.50956106186  4.032846E-16
8121.34465098381  4.329360E-16
8124.17974090577  4.059883E-16
8127.01483082772  4.087108E-16
8129.84992074967  4.179154E-16
8132.68501067162  4.254384E-16
8135.52010059357  4.942044E-16
8138.35519051552  5.028153E-16
8141.19028043747  4.384432E-16
8144.02537035943  4.326667E-16
8146.86046028138  5.081810E-16
8149.69555020333  5.257602E-16
8152.53064012528  5.733878E-16
8155.36573004723  4.913166E-16
8158.20081996918  3.985226E-16
8161.03590989113  4.747324E-16
8163.87099981308  4.538594E-16
8166.70608973504  3.729945E-16
8169.54117965699  5.305277E-16
8172.37626957894  5.046166E-16
8175.21135950089  4.339976E-16
8178.04644942284  5.148152E-16
8180.88153934479  4.644504E-16
8183.71662926674  3.884340E-16
8186.55171918869  3.795259E-16
8189.38680911064  4.881530E-16
8192.2218990326  5.115735E-16
8195.05698895455  4.421434E-16
8197.8920788765  4.711209E-16
8200.72716879845  4.728538E-16
8203.5622587204  4.393119E-16
8206.39734864235  4.349254E-16
8209.2324385643  4.064760E-16
8212.06752848626  3.651454E-16
8214.90261840821  3.879141E-16
8217.73770833016  3.717521E-16
8220.57279825211  3.493953E-16
8223.40788817406  4.057842E-16
8226.24297809601  4.525289E-16
8229.07806801796  4.869987E-16
8231.91315793991  5.519374E-16
8234.74824786187  4.142084E-16
8237.58333778382  3.473757E-16
8240.41842770577  3.949799E-16
8243.25351762772  4.124373E-16
8246.08860754967  3.817512E-16
8248.92369747162  3.826201E-16
8251.75878739357  3.939262E-16
8254.59387731553  3.595361E-16
8257.42896723748  3.607166E-16
8260.26405715943  4.495219E-16
8263.09914708138  3.408379E-16
8265.93423700333  3.417765E-16
8268.76932692528  3.962576E-16
8271.60441684723  3.550134E-16
8274.43950676919  3.734062E-16
8277.27459669113  4.281294E-16
8280.10968661309  4.302527E-16
8282.94477653504  3.252566E-16
8285.77986645699  3.284357E-16
8288.61495637894  4.488437E-16
8291.45004630089  2.761186E-16
8294.28513622284  3.955117E-16
8297.1202261448  4.067919E-16
8299.95531606675  3.940024E-16
8302.7904059887  3.536480E-16
8305.62549591065  3.872445E-16
8308.4605858326  3.350844E-16
8311.29567575455  3.434664E-16
8314.1307656765  4.417112E-16
8316.96585559845  4.002924E-16
8319.8009455204  3.764580E-16
8322.63603544236  3.512744E-16
8325.47112536431  3.785553E-16
8328.30621528626  3.889471E-16
8331.14130520821  3.945267E-16
8333.97639513016  3.965040E-16
8336.81148505211  3.928714E-16
8339.64657497407  3.353079E-16
8342.48166489602  3.566988E-16
8345.31675481797  3.865597E-16
8348.15184473992  3.860036E-16
8350.98693466187  3.088491E-16
8353.82202458382  4.479717E-16
8356.65711450577  4.435281E-16
8359.49220442772  4.415226E-16
8362.32729434967  4.258202E-16
8365.16238427162  4.018797E-16
8367.99747419358  3.684527E-16
8370.83256411553  4.368144E-16
8373.66765403748  4.793382E-16
8376.50274395943  3.333066E-16
8379.33783388138  4.504273E-16
8382.17292380333  3.512720E-16
8385.00801372529  3.685480E-16
8387.84310364724  4.344507E-16
8390.67819356919  3.795904E-16
8393.51328349114  3.130008E-16
8396.34837341309  3.322183E-16
8399.18346333504  3.838490E-16
8402.01855325699  4.482309E-16
8404.85364317894  3.740585E-16
8407.68873310089  3.206513E-16
8410.52382302285  3.948693E-16
8413.3589129448  4.233584E-16
8416.19400286675  3.299883E-16
8419.0290927887  2.872344E-16
8421.86418271065  3.735007E-16
8424.6992726326  3.603161E-16
8427.53436255456  3.303130E-16
8430.36945247651  3.831661E-16
8433.20454239846  3.539781E-16
8436.03963232041  3.702660E-16
8438.87472224236  5.074789E-16
8441.70981216431  4.209222E-16
8444.54490208626  3.666591E-16
8447.37999200821  3.538228E-16
8450.21508193016  3.056563E-16
8453.05017185212  3.716538E-16
8455.88526177407  3.948854E-16
8458.72035169602  2.617220E-16
8461.55544161797  3.242308E-16
8464.39053153992  3.341689E-16
8467.22562146187  3.537908E-16
8470.06071138382  3.853095E-16
8472.89580130577  3.899970E-16
8475.73089122773  4.043566E-16
8478.56598114968  4.344569E-16
8481.40107107163  4.066504E-16
8484.23616099358  3.764023E-16
8487.07125091553  3.761488E-16
8489.90634083748  3.450616E-16
8492.74143075943  4.469477E-16
8495.57652068139  4.509152E-16
8498.41161060334  3.740364E-16
8501.24670052529  3.127803E-16
8504.08179044724  3.345069E-16
8506.91688036919  4.412221E-16
8509.75197029114  4.883333E-16
8512.58706021309  4.418196E-16
8515.42215013504  4.697278E-16
8518.257240057  3.331187E-16
8521.09232997895  3.444609E-16
8523.9274199009  3.364194E-16
8526.76250982285  3.889117E-16
8529.5975997448  4.099741E-16
8532.43268966675  3.772819E-16
8535.2677795887  3.933244E-16
8538.10286951066  3.773042E-16
8540.93795943261  3.960285E-16
8543.77304935456  4.412483E-16
8546.60813927651  3.880164E-16
8549.44322919846  3.936201E-16
8552.27831912041  4.328258E-16
8555.11340904236  5.048443E-16
8557.94849896431  5.100962E-16
8560.78358888626  4.038850E-16
8563.61867880822  3.715950E-16
8566.45376873017  4.040829E-16
8569.28885865212  2.931344E-16
8572.12394857407  4.722986E-16
8574.95903849602  5.229659E-16
8577.79412841797  4.357790E-16
8580.62921833992  4.096224E-16
8583.46430826188  4.510287E-16
8586.29939818383  3.779572E-16
8589.13448810578  3.000492E-16
8591.96957802773  4.304516E-16
8594.80466794968  4.066926E-16
8597.63975787163  3.893318E-16
8600.47484779358  3.820948E-16
8603.30993771553  4.182489E-16
8606.14502763749  3.709941E-16
8608.98011755944  4.134419E-16
8611.81520748139  4.659266E-16
8614.65029740334  4.002902E-16
8617.48538732529  5.096111E-16
8620.32047724724  4.073901E-16
8623.15556716919  4.067235E-16
8625.99065709115  3.583404E-16
8628.8257470131  2.914387E-16
8631.66083693505  3.908515E-16
8634.495926857  4.426252E-16
8637.33101677895  3.733535E-16
8640.1661067009  4.336014E-16
8643.00119662285  4.222275E-16
8645.8362865448  3.496206E-16
8648.67137646675  3.252591E-16
8651.50646638871  3.636749E-16
8654.34155631066  3.182537E-16
8657.17664623261  3.542350E-16
8660.01173615456  3.295283E-16
8662.84682607651  2.319852E-16
8665.68191599846  2.821261E-16
8668.51700592041  3.514673E-16
8671.35209584236  3.359523E-16
8674.18718576432  4.051179E-16
8677.02227568627  3.718584E-16
8679.85736560822  3.609327E-16
8682.69245553017  4.132685E-16
8685.52754545212  4.295158E-16
8688.36263537407  4.111157E-16
8691.19772529603  3.369746E-16
8694.03281521798  3.482377E-16
8696.86790513993  4.093573E-16
8699.70299506188  3.415610E-16
8702.53808498383  3.161910E-16
8705.37317490578  3.525361E-16
8708.20826482773  2.586107E-16
8711.04335474968  2.102053E-16
8713.87844467163  3.481568E-16
8716.71353459359  3.554610E-16
8719.54862451554  4.320325E-16
8722.38371443749  3.514793E-16
8725.21880435944  2.887627E-16
8728.05389428139  2.980059E-16
8730.88898420334  2.838817E-16
8733.7240741253  3.240262E-16
8736.55916404725  3.706215E-16
8739.3942539692  3.584280E-16
8742.22934389115  3.641869E-16
8745.0644338131  4.066939E-16
8747.89952373505  2.993137E-16
8750.734613657  3.569817E-16
8753.56970357895  3.397213E-16
8756.4047935009  2.387210E-16
8759.23988342285  3.241928E-16
8762.07497334481  3.759856E-16
8764.91006326676  3.533973E-16
8767.74515318871  2.769955E-16
8770.58024311066  2.617376E-16
8773.41533303261  3.308959E-16
8776.25042295456  3.426896E-16
8779.08551287651  2.471480E-16
8781.92060279847  3.525393E-16
8784.75569272042  4.713789E-16
8787.59078264237  3.935888E-16
8790.42587256432  3.229510E-16
8793.26096248627  2.130961E-16
8796.09605240822  2.635239E-16
8798.93114233017  2.916430E-16
8801.76623225212  2.423213E-16
8804.60132217408  2.432158E-16
8807.43641209603  3.126216E-16
8810.27150201798  3.796401E-16
8813.10659193993  3.473905E-16
8815.94168186188  2.182982E-16
8818.77677178383  2.804258E-16
8821.61186170579  3.595647E-16
8824.44695162774  3.472286E-16
8827.28204154968  3.473612E-16
8830.11713147164  3.475042E-16
8832.95222139359  3.476145E-16
8835.78731131554  3.476855E-16
8838.62240123749  3.477167E-16
8841.45749115944  3.477064E-16
8844.29258108139  3.476610E-16
8847.12767100335  3.475689E-16
8849.9627609253  3.474362E-16
8852.79785084725  3.472579E-16
8855.6329407692  3.468177E-16
