5864.55124596342 1560.206
5864.60117625162 1362.858
5864.65109724219 1613.076
5864.70100893495 1386.105
5864.75091132974 1419.796
5864.80080442636 1869.959
5864.85068822467 1595.963
5864.90056272447 1583.046
5864.95042792561 1622.513
5865.0002838279 1435.523
5865.05013043117 1545.38
5865.09996773525 1515.981
5865.14979573996 1532.859
5865.19961444512 1505.593
5865.24942385056 1485.671
5865.29922395611 1679.606
5865.34901476159 1642.374
5865.39879626682 1530.511
5865.44856847162 1471.06
5865.49833137582 1585.749
5865.54808497924 1511.901
5865.59782928171 1579.858
5865.64756428304 1605.438
5865.69728998305 1783.311
5865.74700638157 1465.785
5865.79671347841 1383.289
5865.8464112734 1406.599
5865.89609976636 1537.346
5865.94577895711 1726.981
5865.99544884546 1657.774
5866.04510943124 1602.091
5866.09476071425 1711.404
5866.14440269433 1475.394
5866.19403537129 1621.183
5866.24365874495 1627.839
5866.29327281512 1909.179
5866.34287758162 1766.959
5866.39247304427 1586.169
5866.44205920288 1793.116
5866.49163605727 1710.558
5866.54120360725 1623.406
5866.59076185264 1558.582
5866.64031079326 1751.728
5866.68985042891 1765.74
5866.73938075942 1511.43
5866.78890178459 1645.569
5866.83841350425 1821.011
5866.88791591819 1612.361
5866.93740902624 1750.858
5866.98689282821 1590.315
5867.0363673239 1523.072
5867.08583251314 1610.829
5867.13528839573 1681.649
5867.18473497148 1671.425
5867.2341722402 1589.668
5867.28360020171 1649.211
5867.33301885581 1573.634
5867.38242820232 1752.658
5867.43182824103 1746.837
5867.48121897176 1796.252
5867.53060039433 1904.907
5867.57997250853 1841.071
5867.62933531418 1759.617
5867.67868881108 1714.053
5867.72803299903 1825.08
5867.77736787786 1881.016
5867.82669344735 1876.695
5867.87600970733 1654.181
5867.92531665759 1851.545
5867.97461429794 1979.102
5868.02390262818 1781.749
5868.07318164812 1841.182
5868.12245135756 1788.131
5868.17171175631 1738.496
5868.22096284417 1728.275
5868.27020462094 1759.792
5868.31943708644 1853.608
5868.36866024044 1847.711
5868.41787408278 1731.205
5868.46707861323 1753.28
5868.5162738316 1802.789
5868.56545973771 1827.929
5868.61463633134 1831.833
5868.66380361229 1843.552
5868.71296158038 1696.636
5868.76211023538 1796.062
5868.81124957712 1782.021
5868.86037960538 1730.455
5868.90950031996 1715.726
5868.95861172067 1747.062
5869.00771380729 1591.817
5869.05680657963 1582.609
5869.10589003748 1901.315
5869.15496418065 1770.412
5869.20402900893 1773.369
5869.25308452211 1912.498
5869.30213071999 1913.235
5869.35116760236 1787.002
5869.40019516903 1812.481
5869.44921341978 1907.397
5869.49822235442 1792.235
5869.54722197272 1700.265
5869.5962122745 1877.288
5869.64519325953 1821.556
5869.69416492763 1777.673
5869.74312727856 1911.563
5869.79208031214 1764.723
5869.84102402815 1702.187
5869.88995842638 1725.893
5869.93888350663 1719.262
5869.98779926869 1667.55
5870.03670571234 1684.616
5870.08560283737 1965.154
5870.13449064359 1897.601
5870.18336913077 1763.572
5870.2322382987 1977.678
5870.28109814718 1638.429
5870.329948676 1831.868
5870.37878988493 1856.907
5870.42762177378 1762.309
5870.47644434232 1989.354
5870.52525759034 1759.809
5870.57406151763 1733.029
5870.62285612399 1870.167
5870.67164140918 2034.923
5870.72041737301 1900.01
5870.76918401524 1753.813
5870.81794133568 1858.776
5870.8666893341 1788.052
5870.91542801029 1915.733
5870.96415736404 2047.79
5871.01287739512 1973.441
5871.06158810332 1870.979
5871.11028948842 1907.333
5871.1589815502 2084.671
5871.20766428845 1833.954
5871.25633770296 2139.01
5871.30500179349 2123.043
5871.35365655984 2139.694
5871.40230200178 1984.598
5871.45093811909 1965.964
5871.49956491155 1909.76
5871.54818237895 2007.038
5871.59679052107 1914.484
5871.64538933767 1979.547
5871.69397882855 1911.463
5871.74255899348 1966.693
5871.79112983223 1935.545
5871.83969134459 1740.497
5871.88824353033 1868.214
5871.93678638923 1884.547
5871.98531992107 1884.26
5872.03384412562 1843.23
5872.08235900266 1944.589
5872.13086455196 1884.104
5872.1793607733 1921.831
5872.22784766646 1865.903
5872.27632523121 1818.363
5872.32479346732 1965.151
5872.37325237457 1775.919
5872.42170195273 1933.532
5872.47014220157 1971.774
5872.51857312088 2171.785
5872.56699471041 2063.416
5872.61540696994 2075.812
5872.66380989924 2041.169
5872.7122034981 1807.172
5872.76058776627 2024.463
5872.80896270352 1968.37
5872.85732830963 1978.533
5872.90568458437 1861.201
5872.95403152751 2127.142
5873.00236913882 2048.435
5873.05069741806 1961.16
5873.099016365 1944.05
5873.14732597941 2137.271
5873.19562626107 2000.312
5873.24391720974 1968.924
5873.29219882518 2091.955
5873.34047110717 2153.032
5873.38873405546 1971.495
5873.43698766983 2045.433
5873.48523195004 2070.089
5873.53346689585 2060.114
5873.58169250704 2025.032
5873.62990878337 1930.515
5873.67811572459 2042.478
5873.72631333049 2009.372
5873.77450160081 1850.422
5873.82268053533 1898.984
5873.8708501338 2012.637
5873.91901039599 1934.901
5873.96716132166 2095.592
5874.01530291057 2008.651
5874.06343516249 2070.072
5874.11155807717 1999.798
5874.15967165439 1956.729
5874.20777589389 2047.239
5874.25587079544 1722.885
5874.30395635879 2012.194
5874.35203258371 2189.388
5874.40009946996 1923.043
5874.4481570173 2037.354
5874.49620522548 2070.763
5874.54424409427 1997.927
5874.59227362341 2013.646
5874.64029381267 2124.213
5874.68830466182 2090.024
5874.73630617058 2107.222
5874.78429833874 2009.009
5874.83228116605 2182.932
5874.88025465225 2026.875
5874.92821879711 2201.54
5874.97617360039 2203.232
5875.02411906182 2052.91
5875.07205518118 1987.07
5875.11998195821 2110.517
5875.16789939267 2062.889
5875.21580748431 1890.096
5875.26370623289 2209.828
5875.31159563815 1925.102
5875.35947569985 2176.307
5875.40734641775 2136.855
5875.45520779158 2001.876
5875.50305982111 2033.337
5875.55090250609 2099.841
5875.59873584626 1957.803
5875.64655984138 2083.584
5875.69437449119 2209.967
5875.74217979544 1984.983
5875.78997575389 2045.738
5875.83776236629 2037.172
5875.88553963238 2037.556
5875.9333075519 2009.962
5875.98106612461 2227.552
5876.02881535026 2218.752
5876.07655522859 2015.191
5876.12428575935 1902.455
5876.17200694228 1905.282
5876.21971877713 2015.055
5876.26742126366 2141.807
5876.31511440159 2148.158
5876.36279819068 2021.508
5876.41047263067 2132.717
5876.4581377213 2148.875
5876.50579346233 2125.453
5876.55343985349 2185.781
5876.60107689453 1956.922
5876.64870458519 2110.472
5876.6963229252 2089.727
5876.74393191432 1858.188
5876.79153155229 1994.007
5876.83912183885 1961.316
5876.88670277374 2298.846
5876.93427435669 2196.42
5876.98183658745 2050.957
5877.02938946577 2271.496
5877.07693299137 2028.721
5877.12446716401 1889.058
5877.17199198341 2097.743
5877.21950744932 2074.132
5877.26701356147 2102.603
5877.31451031961 1994.791
5877.36199772347 2036.221
5877.40947577278 2067.657
5877.45694446729 2225.229
5877.50440380674 2329.999
5877.55185379085 2008.342
5877.59929441936 2223.037
5877.64672569202 2057.048
5877.69414760855 2072.436
5877.74156016869 2248.428
5877.78896337217 2046.634
5877.83635721873 1977.843
5877.88374170811 2028.314
5877.93111684003 2059.779
5877.97848261423 2054.084
5878.02583903044 2152.461
5878.07318608839 2085.628
5878.12052378782 2195.522
5878.16785212846 2150.66
5878.21517111004 1936.049
5878.26248073228 2160.18
5878.30978099493 2088.798
5878.35707189771 2193.489
5878.40435344035 2079.966
5878.45162562258 2013.4
5878.49888844413 2364.018
5878.54614190473 2137.284
5878.59338600411 2250.341
5878.64062074199 2306.866
5878.68784611811 2241.935
5878.73506213219 2119.541
5878.78226878396 2137.462
5878.82946607314 2031.322
5878.87665399946 1967.512
5878.92383256266 2116.483
5878.97100176244 2175.903
5879.01816159855 2267.173
5879.0653120707 2277.722
5879.11245317862 2136.915
5879.15958492203 2105.724
5879.20670730066 2162.273
5879.25382031423 2492.956
5879.30092396247 1861.592
5879.34801824509 2094.625
5879.39510316183 2126.5
5879.44217871239 2244.421
5879.48924489651 2094.035
5879.53630171391 1943.943
5879.58334916431 2078.213
5879.63038724742 2007.83
5879.67741596297 2172.383
5879.72443531068 2297.072
5879.77144529028 2198.18
5879.81844590147 2112.892
5879.86543714397 2148.434
5879.91241901752 1983.939
5879.95939152181 2297.342
5880.00635465659 2364.422
5880.05330842155 1987.285
5880.10025281642 2157.985
5880.14718784092 2132.519
5880.19411349476 2242.753
5880.24102977766 2124.824
5880.28793668933 2359.822
5880.3348342295 2262.555
5880.38172239787 2163.236
5880.42860119416 2193.156
5880.47547061808 2172.195
5880.52233066936 2159.307
5880.5691813477 2060.281
5880.61602265281 2105.085
5880.66285458442 2349.413
5880.70967714223 2280.066
5880.75649032595 2203.979
5880.80329413531 2001.79
5880.85008857 2303.802
5880.89687362975 2259.233
5880.94364931426 2346.958
5880.99041562324 2226.153
5881.03717255641 2321.267
5881.08392011347 2132.142
5881.13065829413 2269.285
5881.17738709811 2056.616
5881.22410652511 2385.14
5881.27081657484 2092.069
5881.31751724701 2150.176
5881.36420854132 2285.897
5881.4108904575 1986.154
5881.45756299523 2071.024
5881.50422615424 2059.194
5881.55087993422 2118.91
5881.59752433488 2245.482
5881.64415935593 2044.967
5881.69078499708 2113.196
5881.73740125802 2411.448
5881.78400813847 2269.46
5881.83060563812 2331.012
5881.8771937567 2311.326
5881.92377249388 2232.725
5881.97034184939 2273.793
5882.01690182292 2239.01
5882.06345241417 2111.325
5882.10999362285 2207.873
5882.15652544867 2091.843
5882.20304789131 2215.623
5882.24956095049 2219.149
5882.29606462591 2206.252
5882.34255891726 2283.285
5882.38904382424 2021.318
5882.43551934656 2198.772
5882.48198548392 2175.763
5882.52844223601 2241.23
5882.57488960254 2250.29
5882.62132758319 2228.077
5882.66775617768 2171.188
5882.7141753857 2309.459
5882.76058520694 2097.317
5882.8069856411 2166.284
5882.85337668789 2231.541
5882.89975834699 2296.517
5882.94613061811 2354.333
5882.99249350093 2130.466
5883.03884699516 2153.853
5883.08519110048 2345.3
5883.1315258166 2196.876
5883.17785114321 2366.612
5883.22416708001 2161.128
5883.27047362667 2329.126
5883.31677078291 2250.36
5883.36305854841 2164.878
5883.40933692287 2171.503
5883.45560590597 2289.323
5883.50186549741 2066.697
5883.54811569689 2239.319
5883.59435650408 2334.496
5883.64058791869 2179.129
5883.68680994041 2313.972
5883.73302256892 2084.264
5883.77922580391 2213.484
5883.82541964507 2148.991
5883.8716040921 2132.174
5883.91777914468 2132.198
5883.96394480251 2205.042
5884.01010106526 2235.1
5884.05624793262 2336.363
5884.10238540429 2490.951
5884.14851347995 2149.427
5884.19463215929 2496.186
5884.24074144199 2251.882
5884.28684132774 2189.235
5884.33293181623 2246.315
5884.37901290714 2369.791
5884.42508460016 2414.245
5884.47114689496 2260.115
5884.51719979124 2461.147
5884.56324328868 2308.162
5884.60927738696 2436.636
5884.65530208577 2242.275
5884.70131738479 2266.597
5884.7473232837 2187.264
5884.79331978219 2117.285
5884.83930687992 2227.795
5884.8852845766 2121.181
5884.93125287189 2224.145
5884.97721176548 2307.615
5885.02316125706 2351.581
5885.06910134629 2010.243
5885.11503203286 2364.782
5885.16095331645 2131.005
5885.20686519674 2135.55
5885.2527676734 2177.57
5885.29866074612 2062.701
5885.34454441458 2265.886
5885.39041867844 2303.943
5885.43628353739 2184.117
5885.48213899111 2302.771
5885.52798503927 2203.78
5885.57382168155 2223.544
5885.61964891762 2337.064
5885.66546674716 2286.762
5885.71127516985 2273.813
5885.75707418535 2176.215
5885.80286379336 2246.57
5885.84864399352 2314.104
5885.89441478553 2144.421
5885.94017616906 2203.496
5885.98592814378 2154.327
5886.03167070936 2284.547
5886.07740386547 2035.249
5886.12312761179 2250.813
5886.16884194799 2133.526
5886.21454687374 2160.688
5886.26024238871 2321.315
5886.30592849257 2137.425
5886.35160518499 2244.862
5886.39727246564 2118.987
5886.4429303342 2059.573
5886.48857879032 2104.327
5886.53421783369 2352.008
5886.57984746397 2287.959
5886.62546768082 2258.581
5886.67107848391 2339.217
5886.71667987292 2273.62
5886.76227184751 2168.028
5886.80785440734 2335.58
5886.85342755209 2396.271
5886.89899128142 2244.499
5886.94454559499 2455.138
5886.99009049247 2224.773
5887.03562597353 2380.053
5887.08115203782 2168.453
5887.12666868503 2377.355
5887.1721759148 2310.725
5887.2176737268 2233.215
5887.2631621207 2306.167
5887.30864109616 2261.209
5887.35411065284 2218.679
5887.39957079041 2225.868
5887.44502150852 2212.375
5887.49046280684 2343.803
5887.53589468503 2192.863
5887.58131714275 2191.437
5887.62673017966 2127.004
5887.67213379541 2215.726
5887.71752798969 2201.649
5887.76291276213 2227.345
5887.8082881124 2268.773
5887.85365404016 2148.094
5887.89901054507 2213.675
5887.94435762678 2140.949
5887.98969528495 2153.896
5888.03502351925 2191.604
5888.08034232932 2316.304
5888.12565171483 2199.316
5888.17095167543 2174.24
5888.21624221077 2246.456
5888.26152332052 2429.161
5888.30679500433 2238.224
5888.35205726185 2333.359
5888.39731009274 2366.071
5888.44255349664 2305.674
5888.48778747323 2177.321
5888.53301202214 2460.908
5888.57822714304 2293.018
5888.62343283558 2282.394
5888.6686290994 2199.912
5888.71381593416 2298.769
5888.75899333951 2188.928
5888.80416131511 2352.333
5888.84931986061 2380.39
5888.89446897565 2439.302
5888.93960865989 2422.025
5888.98473891297 2140.997
5889.02985973455 2386.46
5889.07497112428 2298.947
5889.12007308181 1980.653
5889.16516560677 2214.96
5889.21024869883 2220.966
5889.25532235763 2236.464
5889.30038658282 2181.025
5889.34544137404 2260.012
5889.39048673095 2311.97
5889.43552265319 2244.758
5889.4805491404 2116.315
5889.52556619223 1963.562
5889.57057380833 2166.761
5889.61557198834 2172.706
5889.66056073191 1995.377
5889.70554003868 2140.167
5889.7505099083 1974.189
5889.7954703404 2156.966
5889.84042133464 1992.2
5889.88536289066 2134.012
5889.9302950081 2169.973
5889.9752176866 2091.568
5890.0201309258 2132.41
5890.06503472535 2210.275
5890.10992908488 2143.445
5890.15481400405 2161.494
5890.19968948248 2233.537
5890.24455551983 2219.909
5890.28941211572 2269.65
5890.3342592698 2099.763
5890.37909698171 1950.932
5890.42392525109 2218.929
5890.46874407757 2191.927
5890.5135534608 2160.536
5890.55835340042 2303.564
5890.60314389605 2009.578
5890.64792494734 2095.237
5890.69269655392 2294.042
5890.73745871543 2287.521
5890.78221143152 2187.0
5890.8269547018 2292.632
5890.87168852592 2176.272
5890.91641290352 2182.594
5890.96112783422 2232.353
5891.00583331767 2113.956
5891.0505293535 2080.815
5891.09521594133 2306.854
5891.13989308081 2191.977
5891.18456077157 2117.848
5891.22921901324 2168.077
5891.27386780544 2291.382
5891.31850714783 1987.06
5891.36313704002 2193.26
5891.40775748164 2217.682
5891.45236847234 2213.874
5891.49697001173 2064.555
5891.54156209945 2051.544
5891.58614473514 2256.757
5891.63071791841 2159.24
5891.67528164889 1970.516
5891.71983592623 2284.08
5891.76438075004 2200.987
5891.80891611996 2232.075
5891.8534420356 2002.743
5891.8979584966 2019.94
5891.9424655026 2076.302
5891.9869630532 2146.337
5892.03145114804 2173.118
5892.07592978675 2063.844
5892.12039896895 2224.227
5892.16485869426 2307.201
5892.20930896232 2208.742
5892.25374977274 2246.852
5892.29818112516 2218.601
5892.34260301919 2174.888
5892.38701545445 2243.675
5892.43141843058 2171.887
5892.4758119472 2072.321
5892.52019600391 2039.966
5892.56457060036 2057.634
5892.60893573616 2254.166
5892.65329141094 2072.353
5892.69763762431 2205.878
5892.74197437589 2132.002
5892.78630166531 2090.495
5892.83061949218 2181.684
5892.87492785613 2206.584
5892.91922675677 2258.938
5892.96351619373 2244.67
5893.00779616662 1994.224
5893.05206667506 1978.073
5893.09632771868 2011.25
5893.14057929708 2003.771
5893.18482140988 1934.85
5893.2290540567 1971.943
5893.27327723717 2052.421
5893.31749095088 2052.126
5893.36169519747 2160.523
5893.40588997654 2068.439
5893.45007528772 2065.1
5893.49425113061 1889.339
5893.53841750483 2158.069
5893.58257441 1995.47
5893.62672184573 1989.715
5893.67085981163 2207.044
5893.71498830731 2081.738
5893.75910733239 1926.723
5893.80321688649 2014.7
5893.84731696921 2198.834
5893.89140758016 2219.255
5893.93548871896 1904.766
5893.97956038522 2061.757
5894.02362257854 2005.826
5894.06767529855 1941.195
5894.11171854484 2112.899
5894.15575231703 2060.45
5894.19977661473 2070.991
5894.24379143755 1905.735
5894.28779678509 2075.766
5894.33179265697 2005.865
5894.37577905279 1964.247
5894.41975597216 2249.986
5894.46372341468 2225.686
5894.50768137997 2078.364
5894.55162986763 2165.278
5894.59556887726 1928.254
5894.63949840848 1964.12
5894.68341846088 1941.725
5894.72732903408 2027.807
5894.77123012768 2098.74
5894.81512174128 1936.935
5894.85900387448 2152.715
5894.9028765269 2292.914
5894.94673969813 1967.735
5894.99059338778 2052.151
5895.03443759544 2130.453
5895.07827232073 2055.353
5895.12209756324 2100.016
5895.16591332258 2042.025
5895.20971959835 2020.095
5895.25351639014 2064.359
5895.29730369756 1972.007
5895.34108152021 2026.954
5895.38484985769 1989.263
5895.4286087096 2018.603
5895.47235807553 1971.291
5895.5160979551 2129.998
5895.55982834788 2029.651
5895.6035492535 2035.03
5895.64726067153 2179.828
5895.69096260158 2041.933
5895.73465504325 2028.626
5895.77833799613 1958.195
5895.82201145982 1967.746
5895.86567543391 1867.109
5895.90932991801 2027.922
5895.9529749117 2214.21
5895.99661041458 2226.132
5896.04023642625 2093.864
5896.0838529463 2167.638
5896.12745997433 2010.944
5896.17105750992 1962.322
5896.21464555268 1981.002
5896.25822410219 2061.025
5896.30179315805 2109.54
5896.34535271984 2035.754
5896.38890278717 1880.655
5896.43244335963 2182.377
5896.47597443679 1914.308
5896.51949601826 1957.211
5896.56300810363 1816.997
5896.60651069248 1818.196
5896.65000378441 1917.54
5896.69348737901 2144.055
5896.73696147586 1879.977
5896.78042607455 1937.819
5896.82388117467 1757.754
5896.86732677582 1968.267
5896.91076287757 1950.473
5896.95418947951 1980.339
5896.99760658124 1950.379
5897.04101418234 1877.751
5897.08441228239 1897.194
5897.12780088098 2084.553
5897.1711799777 2018.908
5897.21454957213 2016.129
5897.25790966386 2003.066
5897.30126025247 1837.453
5897.34460133754 2021.346
5897.38793291867 2103.567
5897.43125499543 1902.737
5897.4745675674 1994.179
5897.51787063418 2174.063
5897.56116419533 1912.682
5897.60444825045 1930.73
5897.64772279912 1995.136
5897.69098784091 1953.044
5897.73424337541 1966.653
5897.7774894022 2057.069
5897.82072592086 2068.477
5897.86395293097 1902.944
5897.90717043211 2261.73
5897.95037842386 1935.114
5897.9935769058 2175.398
5898.0367658775 1925.178
5898.07994533855 1976.475
5898.12311528852 1844.356
5898.16627572699 1868.91
5898.20942665354 1878.288
5898.25256806775 1905.594
5898.29569996918 1864.563
5898.33882235742 1934.061
5898.38193523205 2111.154
5898.42503859263 2127.481
5898.46813243875 1961.669
5898.51121676998 1900.328
5898.55429158589 1864.524
5898.59735688606 1813.609
5898.64041267006 1832.064
5898.68345893747 2027.574
5898.72649568785 1879.422
5898.76952292079 2071.967
5898.81254063584 1892.729
5898.8555488326 1948.835
5898.89854751062 1982.641
5898.94153666948 1867.511
5898.98451630875 1948.963
5899.02748642799 1902.817
5899.07044702679 1876.64
5899.11339810471 1731.629
5899.15633966132 1746.521
5899.19927169619 1963.866
5899.24219420889 1845.714
5899.28510719898 1884.601
5899.32801066603 1892.747
5899.37090460962 1768.174
5899.41378902932 2207.816
5899.45666392467 1941.115
5899.49952929527 1879.874
5899.54238514066 1920.833
5899.58523146042 1803.033
5899.62806825411 1931.101
5899.6708955213 1783.94
5899.71371326156 1837.434
5899.75652147444 1985.106
5899.79932015951 1932.334
5899.84210931635 1909.215
5899.8848889445 1939.877
5899.92765904353 1945.176
5899.97041961301 1795.146
5900.0131706525 1708.499
5900.05591216156 1874.227
5900.09864413976 1962.175
5900.14136658665 1914.185
5900.1840795018 2109.199
5900.22678288476 1954.372
5900.2694767351 1929.966
5900.31216105238 1873.954
5900.35483583615 1839.973
5900.39750108599 1911.722
5900.44015680144 1820.071
5900.48280298206 1920.572
5900.52543962742 1875.467
5900.56806673707 1896.332
5900.61068431057 1973.037
5900.65329234748 1866.258
5900.69589084735 2066.158
5900.73847980974 1747.475
5900.78105923421 1796.314
5900.82362912031 1873.657
5900.8661894676 1714.76
5900.90874027563 2001.109
5900.95128154397 1784.392
5900.99381327216 2003.668
5901.03633545975 2045.717
5901.07884810631 1941.44
5901.12135121138 1788.099
5901.16384477452 1943.922
5901.20632879529 1875.125
5901.24880327322 1846.044
5901.29126820789 1774.729
5901.33372359883 1788.815
5901.3761694456 1899.572
5901.41860574775 1826.984
5901.46103250484 1705.657
5901.5034497164 1663.974
5901.545857382 1842.568
5901.58825550118 1694.982
5901.63064407349 1869.074
5901.67302309848 1709.416
5901.7153925757 1819.357
5901.7577525047 2025.19
5901.80010288502 1757.492
5901.84244371622 1636.258
5901.88477499784 1971.151
5901.92709672942 1689.739
5901.96940891052 1727.57
5902.01171154068 1776.795
5902.05400461944 1683.123
5902.09628814636 1746.023
5902.13856212097 1832.063
5902.18082654283 1745.359
5902.22308141147 1629.246
5902.26532672644 2078.458
5902.30756248728 1671.556
5902.34978869355 1937.567
5902.39200534477 1735.012
5902.4342124405 1668.238
5902.47640998027 1715.835
5902.51859796363 1642.062
5902.56077639013 1831.43
5902.60294525929 1845.184
5902.64510457067 1669.525
5902.68725432379 1843.882
5902.72939451822 1867.1
5902.77152515347 1854.732
5902.8136462291 1639.164
5902.85575774464 1762.947
5902.89785969963 1611.36
5902.93995209361 1868.667
5902.98203492612 1859.9
5903.02410819669 1907.17
5903.06617190487 1693.644
5903.10822605019 1689.762
5903.15027063218 1629.423
5903.19230565039 1670.635
5903.23433110435 1817.53
5903.2763469936 1583.394
5903.31835331766 1533.786
5903.36035007609 1541.709
5903.4023372684 1773.276
5903.44431489414 1865.859
5903.48628295284 1705.226
5903.52824144403 1681.292
5903.57019036725 1446.581
5903.61212972203 1811.871
5903.65405950791 1604.731
5903.6959797244 1635.145
5903.73789037106 1672.351
5903.7797914474 1725.092
5903.82168295296 1805.979
5903.86356488727 1548.675
5903.90543724986 1638.426
5903.94730004027 1577.784
5903.98915325801 1708.951
5904.03099690263 1677.74
5904.07283097365 1865.874
5904.11465547059 1610.44
5904.15647039299 1677.992
5904.19827574038 1511.722
5904.24007151228 1800.104
5904.28185770822 1811.156
5904.32363432773 1556.655
5904.36540137033 1540.217
5904.40715883555 1646.961
5904.44890672293 1562.078
5904.49064503197 1908.857
5904.53237376221 1824.977
5904.57409291317 1651.739
5904.61580248438 1660.097
5904.65750247537 1535.433
5904.69919288564 1573.491
5904.74087371474 1587.16
5904.78254496218 1666.326
5904.82420662749 1667.187
5904.86585871018 1543.713
5904.90750120978 1615.198
5904.94913412582 1539.393
5904.99075745781 1547.373
5905.03237120527 1494.075
5905.07397536773 1860.688
5905.11556994471 1667.233
5905.15715493572 1694.96
5905.19873034029 1645.003
5905.24029615793 1615.229
5905.28185238817 1576.124
5905.32339903052 1509.844
5905.3649360845 1524.403
5905.40646354963 1606.982
5905.44798142543 1789.589
5905.48948971142 1594.119
5905.5309884071 1719.508
5905.572477512 1718.991
5905.61395702564 1695.031
5905.65542694753 1593.24
5905.69688727718 1260.514
5905.73833801412 1677.503
5905.77977915785 1481.496
5905.82121070789 1601.767
5905.86263266375 1680.204
5905.90404502496 1732.315
5905.94544779101 1493.073
5905.98684096144 1602.654
5906.02822453573 1400.469
5906.06959851342 1595.716
5906.11096289402 1632.053
5906.15231767702 1556.331
5906.19366286195 1632.236
5906.23499844832 1535.745
5906.27632443564 1523.43
5906.31764082341 1610.783
5906.35894761115 1475.661
5906.40024479838 1442.066
5906.44153238458 1576.133
5906.48281036928 1541.483
5906.52407875199 1377.509
5906.56533753221 1445.444
5906.60658670945 1541.214
5906.64782628321 1330.739
5906.68905625302 1544.072
5906.73027661836 1649.456
5906.77148737875 1429.394
5906.8126885337 1544.311
5906.85388008271 1395.508
5906.89506202529 1446.93
5906.93623436093 1423.958
5906.97739708915 1644.637
5907.01855020945 1434.957
5907.05969372134 1404.198
5907.10082762431 1570.44
5907.14195191788 1392.606
5907.18306660154 1531.857
5907.2241716748 1535.984
5907.26526713716 1545.881
5907.30635298812 1331.879
5907.34742922718 1595.244
5907.38849585385 1467.87
5907.42955286762 1346.735
5907.470600268 1440.635
5907.51163805449 1419.169
5907.55266622658 1386.206
5907.59368478377 1489.978
5907.63469372558 1613.979
5907.67569305148 1487.497
5907.71668276099 1625.197
5907.7576628536 1469.991
5907.79863332881 1074.922
5907.83959418611 915.4073
5907.880545425 628.5302
5907.92148704499 393.9764
5907.96241904556 196.8065
5908.00334142621 16.71399
5908.04425418644 209.8194
5908.08515732575 610.8977
5908.12605084362 842.4568
5908.16693473955 878.1748
5908.20780901305 1233.751
5908.24867366359 1346.901
5908.28952869068 1440.553
5908.3303740938 1592.738
5908.37120987246 1576.343
5908.41203602614 1513.925
5908.45285255433 1407.776
5908.49365945654 1294.189
5908.53445673224 1407.989
5908.57524438093 1324.06
5908.61602240211 1277.936
5908.65679079525 1491.722
5908.69754955986 1490.587
5908.73829869541 1475.656
5908.77903820141 1450.713
5908.81976807734 1735.998
5908.86048832269 1211.472
5908.90119893694 1482.908
5908.94189991959 1493.902
5908.98259127013 1384.269
5909.02327298803 1428.37
5909.06394507279 1191.715
5909.10460752389 1530.103
5909.14526034083 1657.076
5909.18590352308 1490.641
5909.22653707013 1230.383
5909.26716098147 1441.38
5909.30777525658 1581.492
5909.34837989494 1208.612
5909.38897489605 1656.695
5909.42956025939 1424.916
5909.47013598442 1334.993
5909.51070207065 1407.065
5909.55125851756 1374.636
5909.59180532462 1504.899
5909.63234249132 1260.453
5909.67287001714 1218.489
5909.71338790156 1309.427
5909.75389614407 1463.891
5909.79439474413 1486.891
5909.83488370124 1611.712
5909.87536301488 1410.651
5909.91583268452 1353.459
5909.95629270964 1312.662
5909.99674308973 1478.198
5910.03718382425 1351.948
5910.07761491269 1449.554
5910.11803635453 1430.864
5910.15844814925 1282.429
5910.19885029631 1326.533
5910.2392427952 1232.979
5910.2796256454 1382.787
5910.31999884638 1435.357
5910.36036239762 1578.341
5910.40071629859 1249.798
5910.44106054876 1281.908
5910.48139514762 1400.975
5910.52172009464 1418.163
5910.56203538928 1228.874
5910.60234103104 1398.858
5910.64263701936 1132.414
5910.68292335374 1543.568
5910.72320003365 1397.806
5910.76346705855 1247.042
5910.80372442791 1486.152
5910.84397214122 1493.341
5910.88421019794 1470.659
5910.92443859754 1356.51
5910.9646573395 1314.605
5911.00486642327 1373.628
5911.04506584834 1283.693
5911.08525561417 1322.844
5911.12543572024 1195.141
5911.165606166 1256.895
5911.20576695093 1184.413
5911.2459180745 1336.829
5911.28605953618 1280.388
5911.32619133542 1405.227
5911.36631347171 1245.171
5911.4064259445 1450.352
5911.44652875327 1291.566
5911.48662189748 1245.488
5911.52670537658 1386.124
5911.56677919006 1388.904
5911.60684333738 1515.453
5911.64689781799 1272.946
5911.68694263137 1169.51
5911.72697777698 1254.314
5911.76700325428 1258.267
5911.80701906273 1185.258
5911.8470252018 1493.782
5911.88702167095 1140.187
5911.92700846964 1292.547
5911.96698559734 1244.912
5912.0069530535 1219.769
5912.04691083759 1325.209
5912.08685894907 1401.842
5912.1267973874 1389.302
5912.16672615204 1240.692
5912.20664524244 1218.963
5912.24655465808 1406.792
5912.2864543984 1347.883
5912.32634446286 1270.988
5912.36622485093 1378.469
5912.40609556207 1202.025
5912.44595659572 1403.572
5912.48580795135 1327.588
5912.52564962842 1274.416
5912.56548162637 1000.315
5912.60530394468 1184.279
5912.64511658278 1307.776
5912.68491954015 1134.113
5912.72471281623 1308.197
5912.76449641048 1075.192
5912.80427032236 1330.178
5912.84403455131 1112.795
5912.88378909679 1309.459
5912.92353395826 1351.544
5912.96326913517 1128.259
5913.00299462697 985.9702
5913.04271043311 1056.605
5913.08241655305 1333.378
5913.12211298623 1247.656
5913.16179973212 1130.285
5913.20147679015 1268.964
5913.24114415979 1397.797
5913.28080184048 1243.064
5913.32044983167 1093.131
5913.36008813281 1323.436
5913.39971674335 1378.25
5913.43933566275 1379.221
5913.47894489044 1341.475
5913.51854442587 1403.673
5913.5581342685 1220.361
5913.59771441777 1078.029
5913.63728487314 1312.319
5913.67684563403 1195.828
5913.71639669991 1118.786
5913.75593807022 1215.527
5913.79546974441 1060.39
5913.83499172191 851.5396
5913.87450400218 612.9803
5913.91400658466 315.0599
5913.9534994688 254.9591
5913.99298265403 106.4655
5914.03245613981 311.9008
5914.07191992557 390.9347
5914.11137401076 670.8401
5914.15081839483 813.925
5914.1902530772 1084.884
5914.22967805733 877.2994
5914.26909333467 1416.511
5914.30849890864 1234.174
5914.34789477869 1067.563
5914.38728094426 1017.244
5914.42665740479 925.7415
5914.46602415973 1181.393
5914.5053812085 1043.431
5914.54472855056 862.4026
5914.58406618533 1286.024
5914.62339411226 1173.688
5914.66271233078 1255.292
5914.70202084034 1117.883
5914.74131964037 1180.968
5914.78060873031 1153.7
5914.81988810959 1078.645
5914.85915777765 1267.883
5914.89841773393 1121.271
5914.93766797787 1095.238
5914.97690850889 927.9161
5915.01613932643 1129.228
5915.05536042994 971.5106
5915.09457181883 888.8083
5915.13377349256 1126.014
5915.17296545054 842.3251
5915.21214769221 1068.987
5915.25132021701 1056.008
5915.29048302438 1167.033
5915.32963611373 1310.53
5915.36877948451 1094.527
5915.40791313613 1337.929
5915.44703706805 1037.786
5915.48615127968 1210.95
5915.52525577046 944.4473
5915.56435053982 916.0951
5915.60343558719 1083.459
5915.64251091199 1035.928
5915.68157651365 1036.976
5915.72063239162 1032.481
5915.7596785453 915.7098
5915.79871497414 906.1342
5915.83774167755 1051.685
5915.87675865498 947.9691
5915.91576590583 1040.01
5915.95476342955 1031.935
5915.99375122555 950.1344
5916.03272929326 1100.265
5916.07169763211 886.7559
5916.11065624153 1214.076
5916.14960512093 917.7269
5916.18854426975 1026.84
5916.2274736874 1090.614
5916.26639337331 1041.279
5916.30530332691 1100.834
5916.34420354762 1036.788
5916.38309403485 1021.951
5916.42197478804 943.6547
5916.46084580661 1005.711
5916.49970708997 1001.936
5916.53855863755 982.6495
5916.57740044877 1152.392
5916.61623252304 957.7522
5916.65505485981 1306.659
5916.69386745847 1127.797
5916.73267031845 827.5119
5916.77146343917 1074.181
5916.81024682005 971.4949
5916.84902046051 947.171
5916.88778435996 944.9005
5916.92653851783 1150.088
5916.96528293353 953.9456
5917.00401760647 1019.019
5917.04274253609 1069.441
5917.08145772178 974.6792
5917.12016316297 946.679
5917.15885885908 904.4734
5917.19754480952 934.7264
5917.2362210137 990.2637
5917.27488747104 961.7894
5917.31354418095 765.784
5917.35219114286 1102.165
5917.39082835616 843.871
5917.42945582029 1006.265
5917.46807353464 874.9462
5917.50668149863 972.5624
5917.54527971167 859.6676
5917.58386817318 1031.89
5917.62244688257 973.52
5917.66101583925 886.8563
5917.69957504263 1083.379
5917.73812449212 892.1046
5917.77666418712 1001.286
5917.81519412707 899.408
5917.85371431134 1104.953
5917.89222473937 1039.554
5917.93072541056 869.2657
5917.96921632432 880.8483
5918.00769748005 1006.787
5918.04616887716 968.1029
5918.08463051507 901.0775
5918.12308239317 770.93
5918.16152451087 890.5673
5918.19995686759 991.8873
5918.23837946273 954.7893
5918.27679229568 830.0494
5918.31519536587 1087.326
5918.35358867269 956.9015
5918.39197221555 1062.161
5918.43034599385 974.0964
5918.46871000699 905.2484
5918.50706425439 959.48
5918.54540873544 966.9853
5918.58374344955 806.0544
5918.62206839611 925.9404
5918.66038357454 981.484
5918.69868898423 795.7365
5918.73698462458 916.2152
5918.77527049501 936.9356
5918.81354659489 1015.905
5918.85181292365 928.9954
5918.89006948067 861.2041
5918.92831626537 1007.207
5918.96655327713 823.6758
5919.00478051535 822.0523
5919.04299797944 801.9897
5919.08120566879 905.684
5919.11940358281 787.2759
5919.15759172088 903.3196
5919.19577008241 830.0251
5919.2339386668 789.6848
5919.27209747343 1049.047
5919.31024650171 959.0089
5919.34838575103 978.1246
5919.3865152208 744.0746
5919.4246349104 951.7391
5919.46274481922 991.7982
5919.50084494667 887.385
5919.53893529213 726.9653
5919.57701585501 733.1083
5919.6150866347 860.7723
5919.65314763058 978.9449
5919.69119884205 947.7505
5919.72924026851 908.273
5919.76727190933 834.1276
5919.80529376394 824.0068
5919.84330583169 841.3593
5919.881308112 808.4926
5919.91930060425 928.6456
5919.95728330783 722.6001
5919.99525622213 833.1725
5920.03321934655 959.5095
5920.07117268046 797.3887
5920.10911622326 784.7936
5920.14704997435 779.5963
5920.1849739331 810.9749
5920.2228880989 827.2548
5920.26079247115 1059.74
5920.29868704922 771.4449
5920.33657183251 853.9933
5920.37444682041 838.3449
5920.41231201229 913.0657
5920.45016740755 893.095
5920.48801300557 842.2819
5920.52584880574 832.5516
5920.56367480743 846.1171
5920.60149101005 979.7435
5920.63929741296 736.4788
5920.67709401555 723.4554
5920.71488081721 1115.754
5920.75265781732 726.3441
5920.79042501527 745.637
5920.82818241043 906.5785
5920.86593000218 1058.844
5920.90366778992 928.0406
5920.94139577301 967.6826
5920.97911395085 833.3552
5921.01682232281 997.8641
5921.05452088827 804.1292
5921.09220964661 725.2382
5921.12988859721 817.2817
5921.16755773946 924.644
5921.20521707272 992.1252
5921.24286659639 875.9968
5921.28050630982 695.0126
5921.31813621242 919.4816
5921.35575630354 553.8337
5921.39336658258 711.5117
5921.4309670489 766.6969
5921.46855770188 766.7995
5921.50613854091 737.4976
5921.54370956534 712.7599
5921.58127077457 853.7052
5921.61882216796 647.2937
5921.65636374489 770.6572
5921.69389550474 753.6532
5921.73141744687 720.2932
5921.76892957067 1001.398
5921.8064318755 715.7054
5921.84392436074 881.0927
5921.88140702576 807.8341
5921.91887986993 753.1649
5921.95634289263 775.6266
5921.99379609322 844.1136
5922.03123947109 844.1802
5922.06867302559 824.9122
5922.1060967561 742.6063
5922.14351066199 905.196
5922.18091474263 786.726
5922.21830899739 653.8464
5922.25569342563 732.6653
5922.29306802674 941.0427
5922.33043280007 844.0229
5922.36778774499 636.5396
5922.40513286087 665.2625
5922.44246814708 704.0454
5922.47979360299 817.8787
5922.51710922796 649.3025
5922.55441502136 969.8589
5922.59171098255 618.1334
5922.62899711091 663.5221
5922.66627340579 711.0319
5922.70353986656 805.9164
5922.74079649259 545.3497
5922.77804328323 679.6818
5922.81528023787 534.8187
5922.85250735584 762.4819
5922.88972463653 597.6068
5922.92693207929 696.9767
5922.96412968349 579.0061
5923.00131744848 595.9034
5923.03849537364 689.8551
5923.07566345831 714.0054
5923.11282170187 694.5366
5923.14997010367 625.0917
5923.18710866308 757.4614
5923.22423737945 818.8569
5923.26135625214 596.1924
5923.29846528052 787.6309
5923.33556446394 582.1326
5923.37265380175 587.3901
5923.40973329333 634.6783
5923.44680293803 611.6705
5923.4838627352 968.4293
5923.5209126842 768.4817
5923.55795278439 469.1606
5923.59498303513 653.1291
5923.63200343577 541.3364
5923.66901398566 769.1655
5923.70601468417 631.8616
5923.74300553065 729.3671
5923.77998652445 793.0438
5923.81695766493 795.6616
5923.85391895144 601.1956
5923.89087038334 621.5259
5923.92781195998 930.9492
5923.96474368071 751.5569
5924.00166554488 825.8538
5924.03857755185 671.4205
5924.07547970098 751.801
5924.1123719916 704.1075
5924.14925442308 557.2302
5924.18612699476 664.579
5924.22298970599 716.7495
5924.25984255613 671.9401
5924.29668554453 591.1763
5924.33351867053 807.7222
5924.37034193348 704.4194
5924.40715533274 538.847
5924.44395886765 501.916
5924.48075253755 804.4861
5924.51753634181 741.2678
5924.55431027976 560.7335
5924.59107435075 809.5305
5924.62782855413 699.1559
5924.66457288925 796.1544
5924.70130735545 906.3858
5924.73803195207 688.4644
5924.77474667847 799.6611
5924.81145153399 742.8824
5924.84814651797 682.8918
5924.88483162976 758.3345
5924.9215068687 653.0361
5924.95817223413 696.2753
5924.9948277254 692.0306
5925.03147334186 731.085
5925.06810908283 661.9727
5925.10473494768 640.9232
5925.14135093573 651.5329
5925.17795704634 432.2499
5925.21455327883 699.1006
5925.25113963256 703.6847
5925.28771610685 670.1432
5925.32428270107 570.6771
5925.36083941453 554.5497
5925.39738624659 410.4939
5925.43392319658 462.2957
5925.47045026384 494.4605
5925.5069674477 527.5466
5925.54347474752 588.0342
5925.57997216262 689.5432
5925.61645969234 366.4151
5925.65293733602 620.5977
5925.68940509299 381.2838
5925.7258629626 507.2219
5925.76231094418 435.4664
5925.79874903706 436.1998
5925.83517724059 671.0535
5925.87159555408 563.4504
5925.90800397688 808.4574
5925.94440250833 618.2815
5925.98079114776 823.9976
5926.0171698945 643.6897
5926.05353874788 511.7891
5926.08989770723 470.1009
5926.1262467719 796.6635
5926.16258594121 702.2938
5926.19891521449 491.3742
5926.23523459108 579.7095
5926.27154407031 544.0625
5926.3078436515 507.5135
5926.34413333399 729.8322
5926.38041311711 305.6826
5926.41668300018 377.4942
5926.45294298254 527.8102
5926.48919306352 738.7751
5926.52543324244 540.8115
5926.56166351864 506.7688
5926.59788389144 636.4575
5926.63409436016 435.2651
5926.67029492414 707.3683
5926.70648558271 487.7919
5926.74266633518 795.0927
5926.77883718089 711.7788
5926.81499811916 650.6831
5926.85114914932 464.1732
5926.8872902707 426.0347
5926.92342148261 684.8593
5926.95954278438 656.6313
5926.99565417534 515.7734
5927.03175565481 719.8017
5927.06784722211 582.2997
5927.10392887657 474.4941
5927.14000061751 629.0469
5927.17606244425 396.3158
5927.21211435612 633.5603
5927.24815635243 546.348
5927.28418843251 493.0991
5927.32021059567 751.545
5927.35622284125 478.643
5927.39222516855 551.9678
5927.42821757691 461.5956
5927.46420006563 603.397
5927.50017263404 379.0473
5927.53613528146 629.7796
5927.57208800721 430.485
5927.6080308106 456.3833
5927.64396369095 531.7626
5927.67988664758 516.1415
5927.71579967981 547.4923
5927.75170278695 454.6762
5927.78759596832 474.6959
5927.82347922324 403.4629
5927.85935255102 528.816
5927.89521595098 468.5389
5927.93106942243 447.1371
5927.96691296469 400.9404
5928.00274657707 458.2743
5928.03857025889 420.6039
5928.07438400945 564.8007
5928.11018782808 617.6996
5928.14598171409 394.4819
5928.18176566678 499.0001
5928.21753968548 387.0267
5928.25330376949 494.4584
5928.28905791812 502.7615
5928.3248021307 365.6806
5928.36053640651 488.4315
5928.39626074489 277.4502
5928.43197514513 471.5517
5928.46767960655 393.5148
5928.50337412846 576.2184
5928.53905871017 473.309
5928.57473335097 431.9843
5928.6103980502 381.6706
5928.64605280715 382.2947
5928.68169762112 540.4443
5928.71733249143 507.1613
5928.75295741739 552.7509
5928.7885723983 619.4189
5928.82417743347 450.3854
5928.8597725222 385.6411
5928.8953576638 475.9653
5928.93093285757 528.5812
5928.96649810282 506.1014
5929.00205339886 388.5675
5929.03759874499 477.0457
5929.07313414051 424.0483
5929.10865958472 292.5063
5929.14417507694 403.1807
5929.17968061646 339.9964
5929.21517620258 437.3871
5929.25066183461 344.153
5929.28613751185 426.7225
5929.3216032336 229.5223
5929.35705899916 352.5164
5929.39250480783 309.872
5929.42794065892 416.8109
5929.46336655172 220.2331
5929.49878248553 444.6307
5929.53418845966 455.1765
5929.5695844734 311.5664
5929.60497052605 260.1193
5929.6403466169 337.3147
5929.67571274527 429.4702
5929.71106891043 346.1739
5929.7464151117 308.6806
5929.78175134837 546.0298
5929.81707761974 223.5829
5929.85239392509 365.0823
5929.88770026373 212.0744
5929.92299663496 608.6501
5929.95828303806 400.9302
5929.99355947234 387.2308
5930.02882593709 269.2283
5930.0640824316 266.7156
5930.09932895516 252.6324
5930.13456550707 255.5055
5930.16979208663 363.2069
5930.20500869312 352.5399
5930.24021532584 259.7305
5930.27541198408 311.6584
5930.31059866713 215.5557
5930.34577537429 442.0146
5930.38094210484 172.6151
5930.41609885807 204.7844
5930.45124563328 384.3201
5930.48638242976 248.8046
5930.52150924679 353.7562
5930.55662608366 262.4731
5930.59173293967 319.295
5930.6268298141 482.3652
5930.66191670624 341.976
5930.69699361538 378.6992
5930.7320605408 256.2805
5930.7671174818 424.8956
5930.80216443765 277.1949
5930.83720140766 134.017
5930.87222839109 257.1306
5930.90724538725 247.7927
5930.94225239541 410.2195
5930.97724941486 297.6964
5931.01223644487 177.5508
5931.04721348476 215.3272
5931.08218053378 288.419
5931.11713759123 210.4486
5931.15208465638 310.9461
5931.18702172853 185.5381
5931.22194880696 121.2049
5931.25686589094 265.6949
5931.29177297977 233.1745
5931.32667007271 138.0098
5931.36155716906 284.6
5931.39643426809 343.6386
5931.43130136908 271.6487
5931.46615847132 416.8235
5931.50100557409 233.6722
5931.53584267665 214.7372
5931.5706697783 288.9817
5931.60548687832 168.8895
5931.64029397597 235.0592
5931.67509107054 106.4047
5931.70987816131 154.524
5931.74465524755 388.6414
5931.77942232855 315.8501
5931.81417940357 213.6661
5931.84892647189 429.5193
5931.8836635328 233.1585
5931.91839058556 315.1992
5931.95310762945 212.1621
5931.98781466376 153.6276
5932.02251168774 288.3909
5932.05719870067 376.7208
5932.09187570184 337.5862
5932.12654269051 211.5107
5932.16119966595 352.5522
5932.19584662745 136.8043
5932.23048357427 192.8775
5932.26511050568 359.1405
5932.29972742095 343.14
5932.33433431937 285.2299
5932.36893120019 441.3228
5932.4035180627 248.955
5932.43809490615 404.7792
5932.47266172982 184.9696
5932.50721853299 262.5953
5932.54176531491 225.8882
5932.57630207487 219.2312
5932.61082881212 132.1245
5932.64534552593 261.4211
5932.67985221558 196.0591
5932.71434888033 75.18365
5932.74883551945 267.0602
5932.78331213221 351.3708
5932.81777871787 99.80584
5932.85223527569 277.1966
5932.88668180495 80.92169
5932.92111830492 121.0833
5932.95554477485 -24.57269
5932.98996121401 279.4197
5933.02436762166 174.8414
5933.05876399708 111.1519
5933.09315033951 251.504
5933.12752664824 158.2798
5933.16189292251 129.1951
5933.1962491616 147.0334
5933.23059536476 39.15744
5933.26493153126 35.8868
5933.29925766036 12.62793
5933.33357375132 282.0897
5933.36787980341 127.2583
5933.40217581587 163.5286
5933.43646178798 65.14233
5933.47073771899 279.9513
5933.50500360816 221.6246
5933.53925945476 273.8094
5933.57350525804 248.9218
5933.60774101725 235.6219
5933.64196673167 265.3776
5933.67618240054 5.706085
5933.71038802312 79.54849
5933.74458359868 -37.4593
5933.77876912646 107.4494
5933.81294460572 262.139
5933.84711003573 89.38873
5933.88126541573 119.6527
5933.91541074499 69.34628
5933.94954602275 244.3094
5933.98367124827 9.025703
5934.01778642081 213.3939
5934.05189153962 200.4366
5934.08598660396 146.3011
5934.12007161307 141.8919
5934.15414656621 7.122871
5934.18821146264 89.59616
5934.2222663016 127.011
5934.25631108234 205.6376
5934.29034580413 315.0527
5934.32437046621 156.4398
5934.35838506783 127.7559
5934.39238960824 104.5254
5934.4263840867 64.73421
5934.46036850245 93.08313
5934.49434285474 146.8076
5934.52830714282 83.85181
5934.56226136594 57.57368
5934.59620552335 100.7024
5934.63013961429 108.323
5934.66406363803 138.0739
5934.69797759379 137.0497
5934.73188148083 74.17956
5934.7657752984 100.3364
