3477.703125  1.263259E-13
3480.54043126106  1.254282E-13
3483.37773752213  1.238183E-13
3486.21504378319  1.228417E-13
3489.05235004425  1.244758E-13
3491.88965630532  1.260790E-13
3494.72696256638  1.282592E-13
3497.56426882744  1.219003E-13
3500.4015750885  1.230049E-13
3503.23888134957  1.233230E-13
3506.07618761063  1.228930E-13
3508.91349387169  1.232918E-13
3511.75080013275  1.221068E-13
3514.58810639382  1.235507E-13
3517.42541265488  1.206943E-13
3520.26271891594  1.202055E-13
3523.100025177  1.164344E-13
3525.93733143807  1.170880E-13
3528.77463769913  1.127206E-13
3531.61194396019  1.137265E-13
3534.44925022125  1.126658E-13
3537.28655648232  1.108125E-13
3540.12386274338  1.119132E-13
3542.96116900444  1.070833E-13
3545.79847526551  1.100690E-13
3548.63578152657  1.121053E-13
3551.47308778763  1.087214E-13
3554.31039404869  1.076842E-13
3557.14770030976  1.087189E-13
3559.98500657082  1.082787E-13
3562.82231283188  1.152181E-13
3565.65961909294  1.120461E-13
3568.49692535401  1.140043E-13
3571.33423161507  1.147416E-13
3574.17153787613  1.115470E-13
3577.00884413719  1.145520E-13
3579.84615039826  1.096581E-13
3582.68345665932  1.094674E-13
3585.52076292038  1.081766E-13
3588.35806918144  1.085632E-13
3591.19537544251  1.079193E-13
3594.03268170357  1.111498E-13
3596.86998796463  1.044374E-13
3599.70729422569  1.059041E-13
3602.54460048676  1.051479E-13
3605.38190674782  1.065483E-13
3608.21921300888  1.065011E-13
3611.05651926995  1.053049E-13
3613.89382553101  1.053414E-13
3616.73113179207  1.043474E-13
3619.56843805313  1.029554E-13
3622.4057443142  1.037797E-13
3625.24305057526  1.013998E-13
3628.08035683632  1.038940E-13
3630.91766309738  1.022625E-13
3633.75496935845  1.024746E-13
3636.59227561951  1.014577E-13
3639.42958188057  1.020442E-13
3642.26688814163  1.035091E-13
3645.1041944027  1.004825E-13
3647.94150066376  1.009245E-13
3650.77880692482  9.897081E-14
3653.61611318588  9.949670E-14
3656.45341944695  1.015389E-13
3659.29072570801  9.950660E-14
3662.12803196907  9.934828E-14
3664.96533823014  1.000530E-13
3667.8026444912  9.982931E-14
3670.63995075226  9.914771E-14
3673.47725701332  9.944493E-14
3676.31456327439  9.880011E-14
3679.15186953545  9.512841E-14
3681.98917579651  9.861864E-14
3684.82648205757  9.587355E-14
3687.66378831864  9.590476E-14
3690.5010945797  9.730794E-14
3693.33840084076  9.497085E-14
3696.17570710182  9.312747E-14
3699.01301336289  9.548777E-14
3701.85031962395  9.535060E-14
3704.68762588501  9.442847E-14
3707.52493214607  9.521899E-14
3710.36223840714  9.303099E-14
3713.1995446682  9.078332E-14
3716.03685092926  9.268771E-14
3718.87415719032  9.154595E-14
3721.71146345139  9.349784E-14
3724.54876971245  9.140270E-14
3727.38607597351  9.104456E-14
3730.22338223458  8.844889E-14
3733.06068849564  8.842839E-14
3735.8979947567  8.551293E-14
3738.73530101776  8.638399E-14
3741.57260727883  8.646371E-14
3744.40991353989  8.760062E-14
3747.24721980095  8.700989E-14
3750.08452606201  8.672263E-14
3752.92183232308  8.835042E-14
3755.75913858414  8.806516E-14
3758.5964448452  8.845952E-14
3761.43375110626  8.898585E-14
3764.27105736733  9.017154E-14
3767.10836362839  8.761355E-14
3769.94566988945  8.905919E-14
3772.78297615051  8.627748E-14
3775.62028241158  8.563725E-14
3778.45758867264  8.809487E-14
3781.2948949337  8.524272E-14
3784.13220119477  8.726297E-14
3786.96950745583  8.708656E-14
3789.80681371689  8.588804E-14
3792.64411997795  8.422710E-14
3795.48142623902  8.479260E-14
3798.31873250008  8.421378E-14
3801.15603876114  8.466676E-14
3803.9933450222  8.532497E-14
3806.83065128327  8.493825E-14
3809.66795754433  8.339464E-14
3812.50526380539  8.410347E-14
3815.34257006645  8.295178E-14
3818.17987632752  8.178022E-14
3821.01718258858  8.064165E-14
3823.85448884964  8.214929E-14
3826.6917951107  8.132174E-14
3829.52910137177  7.979764E-14
3832.36640763283  8.050776E-14
3835.20371389389  8.064644E-14
3838.04102015496  7.864290E-14
3840.87832641602  7.836411E-14
3843.71563267708  7.953816E-14
3846.55293893814  7.778365E-14
3849.39024519921  7.814904E-14
3852.22755146027  7.659529E-14
3855.06485772133  7.664674E-14
3857.90216398239  7.717155E-14
3860.73947024346  7.676704E-14
3863.57677650452  7.484785E-14
3866.41408276558  7.540894E-14
3869.25138902665  7.434745E-14
3872.08869528771  7.432688E-14
3874.92600154877  7.267418E-14
3877.76330780983  7.535612E-14
3880.6006140709  7.405658E-14
3883.43792033196  7.285754E-14
3886.27522659302  7.263961E-14
3889.11253285408  7.292854E-14
3891.94983911515  7.236542E-14
3894.78714537621  7.101981E-14
3897.62445163727  7.250612E-14
3900.46175789833  7.217175E-14
3903.2990641594  7.099688E-14
3906.13637042046  7.077540E-14
3908.97367668152  7.105185E-14
3911.81098294258  7.134046E-14
3914.64828920365  7.057566E-14
3917.48559546471  7.246275E-14
3920.32290172577  7.183862E-14
3923.16020798683  6.843763E-14
3925.9975142479  6.688209E-14
3928.83482050896  6.739925E-14
3931.67212677002  6.730285E-14
3934.50943303108  6.664392E-14
3937.34673929215  6.647233E-14
3940.18404555321  6.726019E-14
3943.02135181427  6.728855E-14
3945.85865807534  6.622388E-14
3948.6959643364  6.613116E-14
3951.53327059746  6.538883E-14
3954.37057685852  6.527970E-14
3957.20788311959  6.525004E-14
3960.04518938065  6.609071E-14
3962.88249564171  6.438432E-14
3965.71980190277  6.476932E-14
3968.55710816384  6.393386E-14
3971.3944144249  6.479002E-14
3974.23172068596  6.495213E-14
3977.06902694702  6.511569E-14
3979.90633320809  6.516215E-14
3982.74363946915  6.538186E-14
3985.58094573021  6.576776E-14
3988.41825199127  6.600581E-14
3991.25555825234  6.631357E-14
3994.0928645134  6.620756E-14
3996.93017077446  6.726001E-14
3999.76747703553  6.620058E-14
4002.60478329659  6.679873E-14
4005.44208955765  6.573502E-14
4008.27939581871  6.698642E-14
4011.11670207978  6.681225E-14
4013.95400834084  6.789511E-14
4016.7913146019  6.756539E-14
4019.62862086296  6.790213E-14
4022.46592712403  6.845878E-14
4025.30323338509  6.757699E-14
4028.14053964615  6.862267E-14
4030.97784590721  6.807914E-14
4033.81515216828  6.749069E-14
4036.65245842934  6.832568E-14
4039.4897646904  6.872955E-14
4042.32707095146  7.046729E-14
4045.16437721253  6.899558E-14
4048.00168347359  6.988371E-14
4050.83898973465  6.933153E-14
4053.67629599572  6.732744E-14
4056.51360225678  6.818960E-14
4059.35090851784  6.689870E-14
4062.1882147789  6.702787E-14
4065.02552103997  6.630193E-14
4067.86282730103  6.653958E-14
4070.70013356209  6.495902E-14
4073.53743982315  6.464898E-14
4076.37474608422  6.529214E-14
4079.21205234528  6.457755E-14
4082.04935860634  6.320278E-14
4084.8866648674  6.279311E-14
4087.72397112847  6.095530E-14
4090.56127738953  6.227771E-14
4093.39858365059  6.195053E-14
4096.23588991165  6.062465E-14
4099.07319617272  6.045749E-14
4101.91050243378  5.986668E-14
4104.74780869484  6.006342E-14
4107.5851149559  5.893124E-14
4110.42242121697  5.822378E-14
4113.25972747803  5.877994E-14
4116.09703373909  5.661982E-14
4118.93434000016  5.858195E-14
4121.77164626122  5.722564E-14
4124.60895252228  5.722554E-14
4127.44625878334  5.668983E-14
4130.28356504441  5.590823E-14
4133.12087130547  5.473074E-14
4135.95817756653  5.410274E-14
4138.79548382759  5.398802E-14
4141.63279008866  5.459045E-14
4144.47009634972  5.369290E-14
4147.30740261078  5.340371E-14
4150.14470887184  5.210843E-14
4152.98201513291  5.185543E-14
4155.81932139397  5.268302E-14
4158.65662765503  5.136731E-14
4161.4939339161  5.198314E-14
4164.33124017716  5.153849E-14
4167.16854643822  5.044436E-14
4170.00585269928  5.073713E-14
4172.84315896035  5.045747E-14
4175.68046522141  4.944554E-14
4178.51777148247  4.929518E-14
4181.35507774353  4.863296E-14
4184.1923840046  4.953784E-14
4187.02969026566  4.920557E-14
4189.86699652672  4.827954E-14
4192.70430278778  4.859500E-14
4195.54160904885  4.827773E-14
4198.37891530991  4.772659E-14
4201.21622157097  4.854509E-14
4204.05352783203  4.760685E-14
4206.8908340931  4.738482E-14
4209.72814035416  4.681513E-14
4212.56544661522  4.697828E-14
4215.40275287628  4.677289E-14
4218.24005913735  4.706984E-14
4221.07736539841  4.660573E-14
4223.91467165947  4.685221E-14
4226.75197792053  4.724849E-14
4229.5892841816  4.736229E-14
4232.42659044266  4.712677E-14
4235.26389670372  4.743358E-14
4238.10120296479  4.722910E-14
4240.93850922585  4.747842E-14
4243.77581548691  4.728129E-14
4246.61312174797  4.816237E-14
4249.45042800904  4.792539E-14
4252.2877342701  4.733188E-14
4255.12504053116  4.718913E-14
4257.96234679222  4.695090E-14
4260.79965305329  4.760398E-14
4263.63695931435  4.745776E-14
4266.47426557541  4.702875E-14
4269.31157183647  4.649079E-14
4272.14887809754  4.615949E-14
4274.9861843586  4.617889E-14
4277.82349061966  4.741083E-14
4280.66079688073  4.676830E-14
4283.49810314179  4.681396E-14
4286.33540940285  4.629619E-14
4289.17271566391  4.714238E-14
4292.01002192498  4.654282E-14
4294.84732818604  4.645280E-14
4297.6846344471  4.646796E-14
4300.52194070816  4.616703E-14
4303.35924696923  4.605794E-14
4306.19655323029  4.652454E-14
4309.03385949135  4.630179E-14
4311.87116575241  4.869440E-14
4314.70847201348  4.524841E-14
4317.54577827454  4.546090E-14
4320.3830845356  4.586283E-14
4323.22039079666  4.531830E-14
4326.05769705773  4.513860E-14
4328.89500331879  4.594779E-14
4331.73230957985  4.591416E-14
4334.56961584091  4.463988E-14
4337.40692210198  4.545578E-14
4340.24422836304  4.497225E-14
4343.0815346241  4.447527E-14
4345.91884088517  4.484888E-14
4348.75614714623  4.452825E-14
4351.59345340729  4.426460E-14
4354.43075966835  4.417673E-14
4357.26806592942  4.419208E-14
4360.10537219048  4.357321E-14
4362.94267845154  4.401109E-14
4365.7799847126  4.440046E-14
4368.61729097367  4.352598E-14
4371.45459723473  4.370323E-14
4374.29190349579  4.366736E-14
4377.12920975685  4.371132E-14
4379.96651601792  4.353477E-14
4382.80382227898  4.281999E-14
4385.64112854004  4.263984E-14
4388.4784348011  4.327028E-14
4391.31574106217  4.263053E-14
4394.15304732323  4.264161E-14
4396.99035358429  4.169304E-14
4399.82765984536  4.191540E-14
4402.66496610642  4.146067E-14
4405.50227236748  4.100329E-14
4408.33957862854  4.129656E-14
4411.17688488961  4.093053E-14
4414.01419115067  4.057410E-14
4416.85149741173  4.114275E-14
4419.68880367279  4.023770E-14
4422.52610993386  4.058536E-14
4425.36341619492  4.003471E-14
4428.20072245598  4.010473E-14
4431.03802871704  3.970104E-14
4433.87533497811  3.916856E-14
4436.71264123917  3.912954E-14
4439.54994750023  3.899286E-14
4442.38725376129  3.861484E-14
4445.22456002236  3.896716E-14
4448.06186628342  3.816932E-14
4450.89917254448  3.798089E-14
4453.73647880554  3.788461E-14
4456.57378506661  3.813041E-14
4459.41109132767  3.799682E-14
4462.24839758873  3.782486E-14
4465.0857038498  3.769767E-14
4467.92301011086  3.737479E-14
4470.76031637192  3.766668E-14
4473.59762263298  3.715909E-14
4476.43492889405  3.654633E-14
4479.27223515511  3.584055E-14
4482.10954141617  3.644072E-14
4484.94684767723  3.604122E-14
4487.7841539383  3.638711E-14
4490.62146019936  3.631629E-14
4493.45876646042  3.683665E-14
4496.29607272148  3.647667E-14
4499.13337898255  3.574785E-14
4501.97068524361  3.563234E-14
4504.80799150467  3.599356E-14
4507.64529776573  3.601834E-14
4510.4826040268  3.573631E-14
4513.31991028786  3.564316E-14
4516.15721654892  3.547917E-14
4518.99452280998  3.634862E-14
4521.83182907105  3.580864E-14
4524.66913533211  3.567740E-14
4527.50644159317  3.574338E-14
4530.34374785424  3.587795E-14
4533.1810541153  3.598742E-14
4536.01836037636  3.566018E-14
4538.85566663742  3.562746E-14
4541.69297289849  3.531312E-14
4544.53027915955  3.532368E-14
4547.36758542061  3.560098E-14
4550.20489168167  3.576544E-14
4553.04219794274  3.519378E-14
4555.8795042038  3.499432E-14
4558.71681046486  3.509208E-14
4561.55411672592  3.470209E-14
4564.39142298699  3.477321E-14
4567.22872924805  3.479092E-14
4570.06603550911  3.452137E-14
4572.90334177017  3.429327E-14
4575.74064803124  3.390507E-14
4578.5779542923  3.387167E-14
4581.41526055336  3.431023E-14
4584.25256681443  3.351825E-14
4587.08987307549  3.381227E-14
4589.92717933655  3.335287E-14
4592.76448559761  3.270442E-14
4595.60179185868  3.355550E-14
4598.43909811974  3.305477E-14
4601.2764043808  3.262792E-14
4604.11371064186  3.301704E-14
4606.95101690293  3.256057E-14
4609.78832316399  3.264435E-14
4612.62562942505  3.255716E-14
4615.46293568611  3.263884E-14
4618.30024194718  3.214030E-14
4621.13754820824  3.191006E-14
4623.9748544693  3.205017E-14
4626.81216073037  3.162886E-14
4629.64946699143  3.148064E-14
4632.48677325249  3.147334E-14
4635.32407951355  3.116969E-14
4638.16138577462  3.102849E-14
4640.99869203568  3.057630E-14
4643.83599829674  3.048589E-14
4646.6733045578  3.058384E-14
4649.51061081887  3.079476E-14
4652.34791707993  3.061648E-14
4655.18522334099  3.032042E-14
4658.02252960205  3.044820E-14
4660.85983586312  2.968377E-14
4663.69714212418  2.988124E-14
4666.53444838524  2.996273E-14
4669.3717546463  3.016150E-14
4672.20906090737  2.943852E-14
4675.04636716843  2.960897E-14
4677.88367342949  2.971204E-14
4680.72097969055  2.911176E-14
4683.55828595162  2.932600E-14
4686.39559221268  2.913612E-14
4689.23289847374  2.894999E-14
4692.07020473481  2.921590E-14
4694.90751099587  2.925535E-14
4697.74481725693  2.887443E-14
4700.58212351799  2.886794E-14
4703.41942977906  2.904584E-14
4706.25673604012  2.912908E-14
4709.09404230118  2.881594E-14
4711.93134856224  2.903393E-14
4714.76865482331  2.864239E-14
4717.60596108437  2.900684E-14
4720.44326734543  2.855466E-14
4723.28057360649  2.881332E-14
4726.11787986756  2.848375E-14
4728.95518612862  2.845300E-14
4731.79249238968  2.865977E-14
4734.62979865074  2.870619E-14
4737.46710491181  2.854741E-14
4740.30441117287  2.855468E-14
4743.14171743393  2.870099E-14
4745.97902369499  2.854414E-14
4748.81632995606  2.850269E-14
4751.65363621712  2.839222E-14
4754.49094247818  2.854180E-14
4757.32824873925  2.854222E-14
4760.16555500031  2.887906E-14
4763.00286126137  2.871303E-14
4765.84016752243  2.837331E-14
4768.6774737835  2.855384E-14
4771.51478004456  2.874671E-14
4774.35208630562  2.836614E-14
4777.18939256668  2.830827E-14
4780.02669882775  2.849809E-14
4782.86400508881  2.811038E-14
4785.70131134987  2.831964E-14
4788.53861761093  2.818392E-14
4791.375923872  2.806486E-14
4794.21323013306  2.814807E-14
4797.05053639412  2.808152E-14
4799.88784265518  2.783586E-14
4802.72514891625  2.807617E-14
4805.56245517731  2.787656E-14
4808.39976143837  2.784047E-14
4811.23706769944  2.775807E-14
4814.0743739605  2.765440E-14
4816.91168022156  2.748867E-14
4819.74898648262  2.725548E-14
4822.58629274369  2.735243E-14
4825.42359900475  2.698493E-14
4828.26090526581  2.831286E-14
4831.09821152687  2.887116E-14
4833.93551778794  2.749124E-14
4836.772824049  2.717534E-14
4839.61013031006  2.692531E-14
4842.44743657112  2.683615E-14
4845.28474283219  2.672005E-14
4848.12204909325  2.694327E-14
4850.95935535431  2.660011E-14
4853.79666161537  2.643151E-14
4856.63396787644  2.631743E-14
4859.4712741375  2.608693E-14
4862.30858039856  2.629771E-14
4865.14588665962  2.616421E-14
4867.98319292069  2.596028E-14
4870.82049918175  2.576589E-14
4873.65780544281  2.595114E-14
4876.49511170388  2.582809E-14
4879.33241796494  2.561038E-14
4882.169724226  2.596992E-14
4885.00703048706  2.578295E-14
4887.84433674813  2.547222E-14
4890.68164300919  2.560336E-14
4893.51894927025  2.555902E-14
4896.35625553131  2.551074E-14
4899.19356179238  2.557339E-14
4902.03086805344  2.516457E-14
4904.8681743145  2.536295E-14
4907.70548057556  2.487341E-14
4910.54278683663  2.481101E-14
4913.38009309769  2.464668E-14
4916.21739935875  2.446636E-14
4919.05470561982  2.464824E-14
4921.89201188088  2.459689E-14
4924.72931814194  2.419704E-14
4927.566624403  2.434259E-14
4930.40393066407  2.401494E-14
4933.24123692513  2.422257E-14
4936.07854318619  2.411284E-14
4938.91584944725  2.413569E-14
4941.75315570832  2.383143E-14
4944.59046196938  2.371906E-14
4947.42776823044  2.388495E-14
4950.2650744915  2.392857E-14
4953.10238075257  2.345981E-14
4955.93968701363  2.359976E-14
4958.77699327469  2.278967E-14
4961.61429953576  2.318574E-14
4964.45160579682  2.302247E-14
4967.28891205788  2.292380E-14
4970.12621831894  2.302397E-14
4972.96352458001  2.290244E-14
4975.80083084107  2.256764E-14
4978.63813710213  2.252252E-14
4981.47544336319  2.273510E-14
4984.31274962426  2.259244E-14
4987.15005588532  2.234507E-14
4989.98736214638  2.212975E-14
4992.82466840744  2.195994E-14
4995.66197466851  2.188775E-14
4998.49928092957  2.182950E-14
5001.33658719063  2.207220E-14
5004.17389345169  2.199317E-14
5007.01119971276  2.188396E-14
5009.84850597382  2.147946E-14
5012.68581223488  2.147002E-14
5015.52311849595  2.148671E-14
5018.36042475701  2.168925E-14
5021.19773101807  2.151613E-14
5024.03503727913  2.110883E-14
5026.8723435402  2.111607E-14
5029.70964980126  2.101917E-14
5032.54695606232  2.083424E-14
5035.38426232338  2.095539E-14
5038.22156858445  2.074040E-14
5041.05887484551  2.051752E-14
5043.89618110657  2.048103E-14
5046.73348736763  2.035539E-14
5049.5707936287  2.064167E-14
5052.40809988976  2.027835E-14
5055.24540615082  2.023613E-14
5058.08271241188  2.016157E-14
5060.92001867295  2.023393E-14
5063.75732493401  2.032817E-14
5066.59463119507  1.992614E-14
5069.43193745614  2.000422E-14
5072.2692437172  1.975466E-14
5075.10654997826  1.968338E-14
5077.94385623932  1.966160E-14
5080.78116250039  1.972901E-14
5083.61846876145  1.969386E-14
5086.45577502251  1.946818E-14
5089.29308128357  1.948609E-14
5092.13038754464  1.981048E-14
5094.9676938057  1.915767E-14
5097.80500006676  1.923916E-14
5100.64230632782  1.927470E-14
5103.47961258889  1.901302E-14
5106.31691884995  1.907722E-14
5109.15422511101  1.913096E-14
5111.99153137207  1.908188E-14
5114.82883763314  1.900849E-14
5117.6661438942  1.895694E-14
5120.50345015526  1.856899E-14
5123.34075641632  1.883253E-14
5126.17806267739  1.870842E-14
5129.01536893845  1.857024E-14
5131.85267519951  1.880843E-14
5134.68998146058  1.881058E-14
5137.52728772164  1.830949E-14
5140.3645939827  1.826503E-14
5143.20190024376  1.837858E-14
5146.03920650483  1.819482E-14
5148.87651276589  1.841118E-14
5151.71381902695  1.814634E-14
5154.55112528801  1.830550E-14
5157.38843154908  1.792339E-14
5160.22573781014  1.787983E-14
5163.0630440712  1.803979E-14
5165.90035033226  1.795864E-14
5168.73765659333  1.796856E-14
5171.57496285439  1.774837E-14
5174.41226911545  1.782281E-14
5177.24957537652  1.791963E-14
5180.08688163758  1.755583E-14
5182.92418789864  1.763153E-14
5185.7614941597  1.739636E-14
5188.59880042077  1.750215E-14
5191.43610668183  1.740472E-14
5194.27341294289  1.713760E-14
5197.11071920395  1.714621E-14
5199.94802546502  1.714289E-14
5202.78533172608  1.714674E-14
5205.62263798714  1.709161E-14
5208.4599442482  1.718417E-14
5211.29725050927  1.707916E-14
5214.13455677033  1.710157E-14
5216.97186303139  1.687918E-14
5219.80916929245  1.689069E-14
5222.64647555352  1.691221E-14
5225.48378181458  1.665400E-14
5228.32108807564  1.691896E-14
5231.15839433671  1.654916E-14
5233.99570059777  1.624345E-14
5236.83300685883  1.639659E-14
5239.67031311989  1.664504E-14
5242.50761938095  1.666242E-14
5245.34492564202  1.642042E-14
5248.18223190308  1.640633E-14
5251.01953816414  1.612782E-14
5253.85684442521  1.609882E-14
5256.69415068627  1.624064E-14
5259.53145694733  1.642124E-14
5262.36876320839  1.606490E-14
5265.20606946946  1.589367E-14
5268.04337573052  1.588245E-14
5270.88068199158  1.596973E-14
5273.71798825264  1.584879E-14
5276.55529451371  1.574609E-14
5279.39260077477  1.570368E-14
5282.22990703583  1.559921E-14
5285.06721329689  1.579553E-14
5287.90451955796  1.548576E-14
5290.74182581902  1.541187E-14
5293.57913208008  1.544727E-14
5296.41643834115  1.562043E-14
5299.25374460221  1.540074E-14
5302.09105086327  1.522291E-14
5304.92835712433  1.522251E-14
5307.76566338539  1.533871E-14
5310.60296964646  1.520132E-14
5313.44027590752  1.541481E-14
5316.27758216858  1.499039E-14
5319.11488842965  1.501646E-14
5321.95219469071  1.497382E-14
5324.78950095177  1.504512E-14
5327.62680721283  1.484347E-14
5330.4641134739  1.500842E-14
5333.30141973496  1.489203E-14
5336.13872599602  1.481425E-14
5338.97603225708  1.449991E-14
5341.81333851815  1.487176E-14
5344.65064477921  1.488340E-14
5347.48795104027  1.481616E-14
5350.32525730133  1.474677E-14
5353.1625635624  1.473040E-14
5355.99986982346  1.449870E-14
5358.83717608452  1.444461E-14
5361.67448234558  1.440358E-14
5364.51178860665  1.439486E-14
5367.34909486771  1.441833E-14
5370.18640112877  1.423975E-14
5373.02370738984  1.416137E-14
5375.8610136509  1.429218E-14
5378.69831991196  1.410528E-14
5381.53562617302  1.411321E-14
5384.37293243409  1.407351E-14
5387.21023869515  1.388946E-14
5390.04754495621  1.401065E-14
5392.88485121727  1.394006E-14
5395.72215747834  1.399475E-14
5398.5594637394  1.412332E-14
5401.39677000046  1.374879E-14
5404.23407626152  1.397808E-14
5407.07138252259  1.384229E-14
5409.90868878365  1.379061E-14
5412.74599504471  1.364889E-14
5415.58330130578  1.353880E-14
5418.42060756684  1.363228E-14
5421.2579138279  1.378636E-14
5424.09522008896  1.367171E-14
5426.93252635003  1.332880E-14
5429.76983261109  1.341647E-14
5432.60713887215  1.336158E-14
5435.44444513321  1.306256E-14
5438.28175139428  1.304685E-14
5441.11905765534  1.320703E-14
5443.9563639164  1.290552E-14
5446.79367017746  1.302205E-14
5449.63097643853  1.318155E-14
5452.46828269959  1.297918E-14
5455.30558896065  1.309849E-14
5458.14289522171  1.273098E-14
5460.98020148278  1.305022E-14
5463.81750774384  1.281818E-14
5466.6548140049  1.306421E-14
5469.49212026596  1.270812E-14
5472.32942652703  1.283971E-14
5475.16673278809  1.255868E-14
5478.00403904915  1.266559E-14
5480.84134531022  1.256431E-14
5483.67865157128  1.275699E-14
5486.51595783234  1.260887E-14
5489.3532640934  1.268502E-14
5492.19057035447  1.265905E-14
5495.02787661553  1.279925E-14
5497.86518287659  1.253306E-14
5500.70248913765  1.261569E-14
5503.53979539872  1.264403E-14
5506.37710165978  1.249963E-14
5509.21440792084  1.239266E-14
5512.0517141819  1.238509E-14
5514.88902044297  1.233430E-14
5517.72632670403  1.230281E-14
5520.56363296509  1.252447E-14
5523.40093922615  1.238561E-14
5526.23824548722  1.229817E-14
5529.07555174828  1.248421E-14
5531.91285800934  1.232687E-14
5534.75016427041  1.233983E-14
5537.58747053147  1.216405E-14
5540.42477679253  1.201583E-14
5543.26208305359  1.239635E-14
5546.09938931466  1.212310E-14
5548.93669557572  1.200690E-14
5551.77400183678  1.207329E-14
5554.61130809784  1.203818E-14
5557.44861435891  1.205721E-14
5560.28592061997  1.213882E-14
5563.12322688103  1.224943E-14
5565.96053314209  1.198065E-14
5568.79783940316  1.201574E-14
5571.63514566422  1.218972E-14
5574.47245192528  1.202259E-14
5577.30975818634  1.191803E-14
5580.14706444741  1.209692E-14
5582.98437070847  1.207457E-14
5585.82167696953  1.200009E-14
5588.65898323059  1.186485E-14
5591.49628949166  1.194108E-14
5594.33359575272  1.218028E-14
5597.17090201378  1.179237E-14
5600.00820827485  1.179967E-14
5602.84551453591  1.190227E-14
5605.68282079697  1.167594E-14
5608.52012705803  1.171328E-14
5611.3574333191  1.174254E-14
5614.19473958016  1.178485E-14
5617.03204584122  1.175092E-14
5619.86935210228  1.164964E-14
5622.70665836335  1.159436E-14
5625.54396462441  1.147930E-14
5628.38127088547  1.155945E-14
5631.21857714653  1.147991E-14
5634.0558834076  1.129242E-14
5636.89318966866  1.145638E-14
5639.73049592972  1.140282E-14
5642.56780219078  1.148442E-14
5645.40510845185  1.154372E-14
5648.24241471291  1.129415E-14
5651.07972097397  1.135374E-14
5653.91702723504  1.143136E-14
5656.7543334961  1.123804E-14
5659.59163975716  1.132795E-14
5662.42894601822  1.120315E-14
5665.26625227929  1.113630E-14
5668.10355854035  1.137050E-14
5670.94086480141  1.124963E-14
5673.77817106247  1.128828E-14
5676.61547732354  1.125868E-14
5679.4527835846  1.125463E-14
5682.29008984566  1.111136E-14
5685.12739610672  1.120164E-14
5687.96470236779  1.128701E-14
5690.80200862885  1.108315E-14
5693.63931488991  1.112356E-14
5696.47662115097  1.113851E-14
5699.31392741204  1.120643E-14
5702.1512336731  1.131182E-14
5704.98853993416  1.129746E-14
5707.82584619523  1.121045E-14
5710.66315245629  1.125160E-14
5713.50045871735  1.122269E-14
5716.33776497841  1.140735E-14
5719.17507123948  1.119755E-14
5722.01237750054  1.124327E-14
5724.8496837616  1.133570E-14
5727.68699002266  1.122272E-14
5730.52429628373  1.107821E-14
5733.36160254479  1.141829E-14
5736.19890880585  1.135027E-14
5739.03621506691  1.123736E-14
5741.87352132798  1.129727E-14
5744.71082758904  1.135129E-14
5747.5481338501  1.125941E-14
5750.38544011116  1.138814E-14
5753.22274637223  1.137994E-14
5756.06005263329  1.139681E-14
5758.89735889435  1.137743E-14
5761.73466515541  1.142073E-14
5764.57197141648  1.127263E-14
5767.40927767754  1.116369E-14
5770.2465839386  1.122562E-14
5773.08389019967  1.114865E-14
5775.92119646073  1.109622E-14
5778.75850272179  1.119824E-14
5781.59580898285  1.122039E-14
5784.43311524392  1.124180E-14
5787.27042150498  1.123763E-14
5790.10772776604  1.131812E-14
5792.9450340271  1.134422E-14
5795.78234028817  1.124661E-14
5798.61964654923  1.131124E-14
5801.45695281029  1.130189E-14
5804.29425907135  1.112403E-14
5807.13156533242  1.104354E-14
5809.96887159348  1.136329E-14
5812.80617785454  1.129718E-14
5815.64348411561  1.117382E-14
5818.48079037667  1.132108E-14
5821.31809663773  1.120752E-14
5824.15540289879  1.103501E-14
5826.99270915986  1.098695E-14
5829.83001542092  1.111784E-14
5832.66732168198  1.111353E-14
5835.50462794304  1.126330E-14
5838.34193420411  1.104951E-14
5841.17924046517  1.097051E-14
5844.01654672623  1.103590E-14
5846.85385298729  1.103635E-14
5849.69115924836  1.098687E-14
5852.52846550942  1.087545E-14
5855.36577177048  1.107567E-14
5858.20307803154  1.092007E-14
5861.04038429261  1.086866E-14
5863.87769055367  1.089927E-14
5866.71499681473  1.087202E-14
5869.5523030758  1.086528E-14
5872.38960933686  1.074358E-14
5875.22691559792  1.090944E-14
5878.06422185898  1.079795E-14
5880.90152812004  1.063985E-14
5883.73883438111  1.074345E-14
5886.57614064217  1.063068E-14
5889.41344690323  1.036523E-14
5892.2507531643  1.023010E-14
5895.08805942536  1.018887E-14
5897.92536568642  1.021406E-14
5900.76267194748  1.031117E-14
5903.59997820855  1.030345E-14
5906.43728446961  1.019375E-14
5909.27459073067  1.012775E-14
5912.11189699173  9.899108E-15
5914.9492032528  9.902340E-15
5917.78650951386  1.005644E-14
5920.62381577492  9.950443E-15
5923.46112203598  1.008086E-14
5926.29842829705  1.005250E-14
5929.13573455811  1.018717E-14
5931.97304081917  1.029049E-14
5934.81034708024  1.009018E-14
5937.6476533413  1.014307E-14
5940.48495960236  1.009244E-14
5943.32226586342  1.009065E-14
5946.15957212448  9.926487E-15
5948.99687838555  9.725123E-15
5951.83418464661  9.762012E-15
5954.67149090767  9.771904E-15
5957.50879716874  9.843024E-15
5960.3461034298  1.000075E-14
5963.18340969086  9.863118E-15
5966.02071595192  9.757803E-15
5968.85802221299  9.877128E-15
5971.69532847405  9.796814E-15
5974.53263473511  9.600673E-15
5977.36994099617  9.568631E-15
5980.20724725724  9.608804E-15
5983.0445535183  9.600855E-15
5985.88185977936  9.513032E-15
5988.71916604042  9.586681E-15
5991.55647230149  9.584652E-15
5994.39377856255  9.434559E-15
5997.23108482361  9.427186E-15
6000.06839108467  9.458720E-15
6002.90569734574  9.403069E-15
6005.7430036068  9.415779E-15
6008.58030986786  9.482491E-15
6011.41761612893  9.379966E-15
6014.25492238999  9.294678E-15
6017.09222865105  9.268860E-15
6019.92953491211  9.145882E-15
6022.76684117318  9.173684E-15
6025.60414743424  9.147044E-15
6028.4414536953  9.098863E-15
6031.27875995636  9.278136E-15
6034.11606621743  9.129114E-15
6036.95337247849  8.966875E-15
6039.79067873955  9.059731E-15
6042.62798500061  8.997452E-15
6045.46529126168  9.093571E-15
6048.30259752274  9.136191E-15
6051.1399037838  8.987711E-15
6053.97721004487  8.919913E-15
6056.81451630593  8.863461E-15
6059.65182256699  8.909669E-15
6062.48912882805  8.844102E-15
6065.32643508912  8.887707E-15
6068.16374135018  8.828253E-15
6071.00104761124  8.780436E-15
6073.8383538723  8.854098E-15
6076.67566013337  8.702273E-15
6079.51296639443  8.697347E-15
6082.35027265549  8.690760E-15
6085.18757891655  8.646860E-15
6088.02488517762  8.591127E-15
6090.86219143868  8.672711E-15
6093.69949769974  8.611776E-15
6096.5368039608  8.505646E-15
6099.37411022187  8.423262E-15
6102.21141648293  8.623425E-15
6105.04872274399  8.527240E-15
6107.88602900505  8.559053E-15
6110.72333526612  8.533912E-15
6113.56064152718  8.495084E-15
6116.39794778824  8.426612E-15
6119.23525404931  8.483364E-15
6122.07256031037  8.353325E-15
6124.90986657143  8.298960E-15
6127.74717283249  8.429822E-15
6130.58447909356  8.358437E-15
6133.42178535462  8.229341E-15
6136.25909161568  8.203164E-15
6139.09639787674  8.193702E-15
6141.93370413781  8.252695E-15
6144.77101039887  8.244859E-15
6147.60831665993  8.166892E-15
6150.44562292099  7.931446E-15
6153.28292918206  8.037956E-15
6156.12023544312  8.007030E-15
6158.95754170418  7.928153E-15
6161.79484796524  7.949380E-15
6164.63215422631  7.883026E-15
6167.46946048737  7.885621E-15
6170.30676674843  7.829530E-15
6173.14407300949  8.015463E-15
6175.98137927056  7.860140E-15
6178.81868553162  7.654182E-15
6181.65599179268  7.773580E-15
6184.49329805375  7.748075E-15
6187.33060431481  7.803161E-15
6190.16791057587  7.690192E-15
6193.00521683693  7.672358E-15
6195.842523098  7.726960E-15
6198.67982935906  7.687563E-15
6201.51713562012  7.688885E-15
6204.35444188118  7.556962E-15
6207.19174814225  7.609797E-15
6210.02905440331  7.592238E-15
6212.86636066437  7.413083E-15
6215.70366692543  7.568240E-15
6218.5409731865  7.624744E-15
6221.37827944756  7.552452E-15
6224.21558570862  7.643757E-15
6227.05289196968  7.365909E-15
6229.89019823075  7.274817E-15
6232.72750449181  7.439376E-15
6235.56481075287  7.440795E-15
6238.40211701394  7.437408E-15
6241.239423275  7.418033E-15
6244.07672953606  7.404246E-15
6246.91403579712  7.379090E-15
6249.75134205819  7.264601E-15
6252.58864831925  7.291784E-15
6255.42595458031  7.438648E-15
6258.26326084137  7.266525E-15
6261.10056710244  7.116208E-15
6263.9378733635  7.260042E-15
6266.77517962456  7.269968E-15
6269.61248588562  7.153870E-15
6272.44979214669  7.140809E-15
6275.28709840775  7.142984E-15
6278.12440466881  6.926966E-15
6280.96171092987  6.924091E-15
6283.79901719094  6.870766E-15
6286.636323452  6.914116E-15
6289.47362971306  6.995636E-15
6292.31093597413  6.982143E-15
6295.14824223519  7.089631E-15
6297.98554849625  7.059413E-15
6300.82285475731  7.035665E-15
6303.66016101838  7.167125E-15
6306.49746727944  7.151946E-15
6309.3347735405  7.085973E-15
6312.17207980156  7.209210E-15
6315.00938606263  7.214544E-15
6317.84669232369  7.097862E-15
6320.68399858475  7.260852E-15
6323.52130484581  7.193729E-15
6326.35861110688  7.231835E-15
6329.19591736794  7.388263E-15
6332.033223629  7.371918E-15
6334.87052989006  7.421285E-15
6337.70783615113  7.424397E-15
6340.54514241219  7.395094E-15
6343.38244867325  7.397843E-15
6346.21975493432  7.479663E-15
6349.05706119538  7.503264E-15
6351.89436745644  7.606927E-15
6354.7316737175  7.540761E-15
6357.56897997857  7.578261E-15
6360.40628623963  7.491367E-15
6363.24359250069  7.574463E-15
6366.08089876175  7.491612E-15
6368.91820502282  7.865382E-15
6371.75551128388  7.810625E-15
6374.59281754494  7.893798E-15
6377.430123806  7.841090E-15
6380.26743006707  7.819618E-15
6383.10473632813  7.865262E-15
6385.94204258919  7.951558E-15
6388.77934885026  7.943334E-15
6391.61665511132  7.928837E-15
6394.45396137238  7.904888E-15
6397.29126763344  8.010893E-15
6400.12857389451  7.973891E-15
6402.96588015557  8.200450E-15
6405.80318641663  8.238102E-15
6408.64049267769  8.254104E-15
6411.47779893876  8.148340E-15
6414.31510519982  8.210809E-15
6417.15241146088  8.216732E-15
6419.98971772195  8.172026E-15
6422.82702398301  8.229105E-15
6425.66433024407  8.225948E-15
6428.50163650513  8.201900E-15
6431.33894276619  8.442366E-15
6434.17624902726  8.477235E-15
6437.01355528832  8.316964E-15
6439.85086154938  8.332142E-15
6442.68816781045  8.467669E-15
6445.52547407151  8.471023E-15
6448.36278033257  8.422848E-15
6451.20008659363  8.353599E-15
6454.0373928547  8.340430E-15
6456.87469911576  8.321373E-15
6459.71200537682  8.256612E-15
6462.54931163788  8.382270E-15
6465.38661789895  8.367655E-15
6468.22392416001  8.166223E-15
6471.06123042107  8.253679E-15
6473.89853668213  8.299954E-15
6476.7358429432  8.363882E-15
6479.57314920426  8.229731E-15
6482.41045546532  8.284262E-15
6485.24776172639  8.249947E-15
6488.08506798745  8.181465E-15
6490.92237424851  8.304569E-15
6493.75968050957  8.333826E-15
6496.59698677064  8.161447E-15
6499.4342930317  8.149316E-15
6502.27159929276  8.184016E-15
6505.10890555382  8.180087E-15
6507.94621181489  8.302003E-15
6510.78351807595  8.397663E-15
6513.62082433701  8.264694E-15
6516.45813059807  8.287093E-15
6519.29543685914  8.081243E-15
6522.1327431202  8.112579E-15
6524.97004938126  8.111432E-15
6527.80735564232  8.185053E-15
6530.64466190339  8.166755E-15
6533.48196816445  8.293956E-15
6536.31927442551  8.225268E-15
6539.15658068658  8.258652E-15
6541.99388694764  8.153342E-15
6544.8311932087  8.203428E-15
6547.66849946976  8.105987E-15
6550.50580573082  8.015964E-15
6553.34311199189  8.049367E-15
6556.18041825295  7.943815E-15
6559.01772451401  7.862807E-15
6561.85503077508  7.921660E-15
6564.69233703614  7.876532E-15
6567.5296432972  7.855364E-15
6570.36694955826  7.906615E-15
6573.20425581933  7.921286E-15
6576.04156208039  8.006255E-15
6578.87886834145  8.034467E-15
6581.71617460251  7.921716E-15
6584.55348086358  7.842230E-15
6587.39078712464  7.827887E-15
6590.2280933857  7.836373E-15
6593.06539964676  7.947335E-15
6595.90270590783  7.770560E-15
6598.74001216889  7.841610E-15
6601.57731842995  7.839646E-15
6604.41462469102  7.836687E-15
6607.25193095208  7.775269E-15
6610.08923721314  7.838749E-15
6612.9265434742  7.675840E-15
6615.76384973526  7.768292E-15
6618.60115599633  7.489427E-15
6621.43846225739  7.568768E-15
6624.27576851845  7.619976E-15
6627.11307477952  7.521271E-15
6629.95038104058  7.391321E-15
6632.78768730164  7.456516E-15
6635.6249935627  7.445256E-15
6638.46229982377  7.348096E-15
6641.29960608483  7.374664E-15
6644.13691234589  7.395658E-15
6646.97421860695  7.461995E-15
6649.81152486802  7.254090E-15
6652.64883112908  7.160281E-15
6655.48613739014  7.177139E-15
6658.3234436512  7.248927E-15
6661.16074991227  7.293345E-15
6663.99805617333  7.188364E-15
6666.83536243439  7.102511E-15
6669.67266869545  7.142335E-15
6672.50997495652  7.160025E-15
6675.34728121758  7.131221E-15
6678.18458747864  7.120429E-15
6681.02189373971  6.970661E-15
6683.85920000077  6.967749E-15
6686.69650626183  7.026596E-15
6689.53381252289  6.953603E-15
6692.37111878396  6.928036E-15
6695.20842504502  6.894508E-15
6698.04573130608  6.861531E-15
6700.88303756714  6.793190E-15
6703.72034382821  6.938469E-15
6706.55765008927  6.840332E-15
6709.39495635033  6.805329E-15
6712.23226261139  6.802861E-15
6715.06956887246  6.888390E-15
6717.90687513352  6.680554E-15
6720.74418139458  6.785531E-15
6723.58148765565  6.524150E-15
6726.41879391671  6.643633E-15
6729.25610017777  6.518428E-15
6732.09340643883  6.545014E-15
6734.9307126999  6.675974E-15
6737.76801896096  6.435689E-15
6740.60532522202  6.464321E-15
6743.44263148308  6.523878E-15
6746.27993774415  6.444909E-15
6749.11724400521  6.278949E-15
6751.95455026627  6.366488E-15
6754.79185652733  6.553913E-15
6757.6291627884  6.298649E-15
6760.46646904946  6.158245E-15
6763.30377531052  6.370292E-15
6766.14108157158  6.360776E-15
6768.97838783265  6.188158E-15
6771.81569409371  6.091817E-15
6774.65300035477  6.184170E-15
6777.49030661583  6.186020E-15
6780.3276128769  6.284575E-15
6783.16491913796  6.288115E-15
6786.00222539902  6.094998E-15
6788.83953166009  6.115134E-15
6791.67683792115  6.084097E-15
6794.51414418221  6.073894E-15
6797.35145044327  6.008917E-15
6800.18875670434  5.976205E-15
6803.0260629654  5.985192E-15
6805.86336922646  5.955338E-15
6808.70067548752  6.031539E-15
6811.53798174859  5.882687E-15
6814.37528800965  5.921376E-15
6817.21259427071  5.886779E-15
6820.04990053177  5.872307E-15
6822.88720679284  5.901491E-15
6825.7245130539  5.792682E-15
6828.56181931496  5.847439E-15
6831.39912557602  5.805833E-15
6834.23643183709  5.785465E-15
6837.07373809815  5.708785E-15
6839.91104435921  5.649523E-15
6842.74835062028  5.805518E-15
6845.58565688134  5.818502E-15
6848.4229631424  5.742288E-15
6851.26026940346  5.650938E-15
6854.09757566453  5.567633E-15
6856.93488192559  5.783783E-15
6859.77218818665  5.740516E-15
6862.60949444771  5.683531E-15
6865.44680070878  5.537971E-15
6868.28410696984  5.720542E-15
6871.1214132309  5.901182E-15
6873.95871949196  5.652903E-15
6876.79602575303  5.403949E-15
6879.63333201409  5.473943E-15
6882.47063827515  5.519329E-15
6885.30794453621  5.635587E-15
6888.14525079728  5.552511E-15
6890.98255705834  5.669484E-15
6893.8198633194  5.631290E-15
6896.65716958047  5.485444E-15
6899.49447584153  5.367100E-15
6902.33178210259  5.459476E-15
6905.16908836365  5.532870E-15
6908.00639462472  5.551406E-15
6910.84370088578  5.554085E-15
6913.68100714684  5.520100E-15
6916.5183134079  5.417929E-15
6919.35561966897  5.359886E-15
6922.19292593003  5.449974E-15
6925.03023219109  5.481531E-15
6927.86753845215  5.327032E-15
6930.70484471322  5.313520E-15
6933.54215097428  5.396499E-15
6936.37945723534  5.203650E-15
6939.2167634964  5.357762E-15
6942.05406975747  5.413708E-15
6944.89137601853  5.205600E-15
6947.72868227959  5.224609E-15
6950.56598854066  5.362511E-15
6953.40329480172  5.256052E-15
6956.24060106278  5.203616E-15
6959.07790732384  5.213230E-15
6961.91521358491  5.185225E-15
6964.75251984597  5.255101E-15
6967.58982610703  5.253158E-15
6970.42713236809  5.142509E-15
6973.26443862916  5.221505E-15
6976.10174489022  5.065823E-15
6978.93905115128  5.127317E-15
6981.77635741234  5.198048E-15
6984.61366367341  5.108200E-15
6987.45096993447  5.286497E-15
6990.28827619553  5.208178E-15
6993.12558245659  5.051829E-15
6995.96288871766  5.162636E-15
6998.80019497872  5.114184E-15
7001.63750123978  5.107988E-15
7004.47480750085  5.215951E-15
7007.31211376191  5.103315E-15
7010.14942002297  5.203985E-15
7012.98672628403  5.172781E-15
7015.8240325451  5.091242E-15
7018.66133880616  5.118105E-15
7021.49864506722  5.098892E-15
7024.33595132828  5.156752E-15
7027.17325758935  5.122500E-15
7030.01056385041  5.029161E-15
7032.84787011147  5.128876E-15
7035.68517637253  4.987056E-15
7038.5224826336  4.949397E-15
7041.35978889466  5.138793E-15
7044.19709515572  4.968195E-15
7047.03440141678  4.949164E-15
7049.87170767785  5.041767E-15
7052.70901393891  4.912426E-15
7055.54632019997  4.926050E-15
7058.38362646104  4.899493E-15
7061.2209327221  4.866087E-15
7064.05823898316  4.938964E-15
7066.89554524422  4.968885E-15
7069.73285150528  4.845496E-15
7072.57015776635  4.906405E-15
7075.40746402741  4.881632E-15
7078.24477028847  4.973688E-15
7081.08207654954  4.891095E-15
7083.9193828106  5.038518E-15
7086.75668907166  4.944186E-15
7089.59399533272  5.010061E-15
7092.43130159379  4.987647E-15
7095.26860785485  4.866238E-15
7098.10591411591  4.968840E-15
7100.94322037697  4.964574E-15
7103.78052663804  4.859161E-15
7106.6178328991  4.840568E-15
7109.45513916016  4.869080E-15
7112.29244542122  4.759004E-15
7115.12975168229  4.868699E-15
7117.96705794335  4.955192E-15
7120.80436420441  4.737458E-15
7123.64167046548  4.835056E-15
7126.47897672654  4.867667E-15
7129.3162829876  4.630932E-15
7132.15358924866  4.748299E-15
7134.99089550973  4.925588E-15
7137.82820177079  4.933877E-15
7140.66550803185  4.942373E-15
7143.50281429291  4.823904E-15
7146.34012055398  4.835435E-15
7149.17742681504  4.791109E-15
7152.0147330761  4.716272E-15
7154.85203933716  4.748089E-15
7157.68934559823  4.684110E-15
7160.52665185929  4.784224E-15
7163.36395812035  4.638753E-15
7166.20126438141  4.618768E-15
7169.03857064248  4.706837E-15
7171.87587690354  4.643120E-15
7174.7131831646  4.680688E-15
7177.55048942567  4.649274E-15
7180.38779568673  4.516998E-15
7183.22510194779  4.624341E-15
7186.06240820885  4.781032E-15
7188.89971446991  4.736606E-15
7191.73702073098  4.605848E-15
7194.57432699204  4.474185E-15
7197.4116332531  4.696122E-15
7200.24893951417  4.659662E-15
7203.08624577523  4.754198E-15
7205.92355203629  4.489538E-15
7208.76085829735  4.436047E-15
7211.59816455842  4.538652E-15
7214.43547081948  4.573700E-15
7217.27277708054  4.524021E-15
7220.1100833416  4.422215E-15
7222.94738960267  4.557040E-15
7225.78469586373  4.582185E-15
7228.62200212479  4.498950E-15
7231.45930838585  4.545975E-15
7234.29661464692  4.525085E-15
7237.13392090798  4.423157E-15
7239.97122716904  4.475451E-15
7242.80853343011  4.491928E-15
7245.64583969117  4.461127E-15
7248.48314595223  4.433137E-15
7251.32045221329  4.378911E-15
7254.15775847435  4.642373E-15
7256.99506473542  4.194947E-15
7259.83237099648  4.360944E-15
7262.66967725754  4.312994E-15
7265.50698351861  4.375950E-15
7268.34428977967  4.197089E-15
7271.18159604073  4.186086E-15
7274.01890230179  4.368207E-15
7276.85620856286  4.510889E-15
7279.69351482392  4.382747E-15
7282.53082108498  4.253335E-15
7285.36812734604  4.279814E-15
7288.20543360711  4.348972E-15
7291.04273986817  4.402732E-15
7293.88004612923  4.331491E-15
7296.71735239029  4.163323E-15
7299.55465865136  4.141142E-15
7302.39196491242  4.257685E-15
7305.22927117348  4.357432E-15
7308.06657743454  4.316503E-15
7310.90388369561  4.191047E-15
7313.74118995667  4.339418E-15
7316.57849621773  4.353023E-15
7319.4158024788  4.059611E-15
7322.25310873986  4.185208E-15
7325.09041500092  4.251944E-15
7327.92772126198  4.207510E-15
7330.76502752305  4.189289E-15
7333.60233378411  4.103363E-15
7336.43964004517  4.187093E-15
7339.27694630623  4.256543E-15
7342.1142525673  4.231971E-15
7344.95155882836  4.202751E-15
7347.78886508942  4.087200E-15
7350.62617135048  4.050664E-15
7353.46347761155  3.962155E-15
7356.30078387261  4.145804E-15
7359.13809013367  3.884740E-15
7361.97539639474  4.007972E-15
7364.8127026558  4.063711E-15
7367.65000891686  4.090984E-15
7370.48731517792  4.030242E-15
7373.32462143899  4.046901E-15
7376.16192770005  4.036740E-15
7378.99923396111  4.025966E-15
7381.83654022217  4.053487E-15
7384.67384648324  4.027053E-15
7387.5111527443  4.082420E-15
7390.34845900536  4.111259E-15
7393.18576526642  4.093780E-15
7396.02307152749  4.080602E-15
7398.86037778855  4.026920E-15
7401.69768404961  3.954730E-15
7404.53499031067  3.894885E-15
7407.37229657174  4.013785E-15
7410.2096028328  4.083661E-15
7413.04690909386  4.049855E-15
7415.88421535492  3.884793E-15
7418.72152161599  3.973329E-15
7421.55882787705  3.943189E-15
7424.39613413811  3.868172E-15
7427.23344039918  3.876405E-15
7430.07074666024  3.963901E-15
7432.9080529213  3.904491E-15
7435.74535918236  3.849772E-15
7438.58266544343  3.940444E-15
7441.41997170449  3.920751E-15
7444.25727796555  3.891449E-15
7447.09458422661  3.873308E-15
7449.93189048768  3.832351E-15
7452.76919674874  3.838165E-15
7455.6065030098  3.802142E-15
7458.44380927086  3.872412E-15
7461.28111553193  3.775614E-15
7464.11842179299  3.786170E-15
7466.95572805405  3.783154E-15
7469.79303431511  3.996165E-15
7472.63034057618  3.842073E-15
7475.46764683724  3.730929E-15
7478.3049530983  3.883481E-15
7481.14225935937  3.853324E-15
7483.97956562043  3.769954E-15
7486.81687188149  3.855040E-15
7489.65417814255  3.935818E-15
7492.49148440362  3.844319E-15
7495.32879066468  3.829289E-15
7498.16609692574  3.854913E-15
7501.0034031868  3.756459E-15
7503.84070944787  3.817945E-15
7506.67801570893  3.723621E-15
7509.51532196999  3.780864E-15
7512.35262823105  3.689978E-15
7515.18993449212  3.768662E-15
7518.02724075318  3.770400E-15
7520.86454701424  3.692755E-15
7523.7018532753  3.589259E-15
7526.53915953637  3.735250E-15
7529.37646579743  3.821715E-15
7532.21377205849  3.719477E-15
7535.05107831956  3.673564E-15
7537.88838458062  3.570921E-15
7540.72569084168  3.564941E-15
7543.56299710274  3.570826E-15
7546.40030336381  3.751507E-15
7549.23760962487  3.573758E-15
7552.07491588593  3.620664E-15
7554.91222214699  3.656215E-15
7557.74952840806  3.727471E-15
7560.58683466912  3.744941E-15
7563.42414093018  3.697827E-15
7566.26144719124  3.634163E-15
7569.09875345231  3.720080E-15
7571.93605971337  3.697190E-15
7574.77336597443  3.596533E-15
7577.61067223549  3.634539E-15
7580.44797849656  3.669560E-15
7583.28528475762  3.626292E-15
7586.12259101868  3.523710E-15
7588.95989727975  3.461844E-15
7591.79720354081  3.510756E-15
7594.63450980187  3.699322E-15
7597.47181606293  3.721193E-15
7600.309122324  3.608992E-15
7603.14642858506  3.419633E-15
7605.98373484612  3.331455E-15
7608.82104110718  3.614731E-15
7611.65834736825  3.766887E-15
7614.49565362931  3.516312E-15
7617.33295989037  3.303324E-15
7620.17026615143  3.397579E-15
7623.0075724125  3.733720E-15
7625.84487867356  3.784280E-15
7628.68218493462  3.359947E-15
7631.51949119568  3.355712E-15
7634.35679745675  3.603353E-15
7637.19410371781  3.662825E-15
7640.03140997887  3.478678E-15
7642.86871623994  3.415827E-15
7645.706022501  3.533738E-15
7648.54332876206  3.483587E-15
7651.38063502312  3.510098E-15
7654.21794128419  3.491122E-15
7657.05524754525  3.411078E-15
7659.89255380631  3.552229E-15
7662.72986006737  3.546871E-15
7665.56716632844  3.417411E-15
7668.4044725895  3.431479E-15
7671.24177885056  3.511924E-15
7674.07908511162  3.428965E-15
7676.91639137269  3.384302E-15
7679.75369763375  3.554942E-15
7682.59100389481  3.423810E-15
7685.42831015587  3.367122E-15
7688.26561641694  3.295096E-15
7691.102922678  3.366168E-15
7693.94022893906  3.432050E-15
7696.77753520012  3.405373E-15
7699.61484146119  3.351643E-15
7702.45214772225  3.386757E-15
7705.28945398331  3.515565E-15
7708.12676024437  3.462535E-15
7710.96406650544  3.347759E-15
7713.8013727665  3.337614E-15
7716.63867902756  3.272873E-15
7719.47598528863  3.244481E-15
7722.31329154969  3.280432E-15
7725.15059781075  3.512011E-15
7727.98790407181  3.423203E-15
7730.82521033288  3.405063E-15
7733.66251659394  3.369677E-15
7736.499822855  3.347519E-15
7739.33712911606  3.369012E-15
7742.17443537713  3.277039E-15
7745.01174163819  3.244740E-15
7747.84904789925  3.343407E-15
7750.68635416031  3.472816E-15
7753.52366042138  3.294893E-15
7756.36096668244  3.377721E-15
7759.1982729435  3.362734E-15
7762.03557920457  3.349591E-15
7764.87288546563  3.375063E-15
7767.71019172669  3.342398E-15
7770.54749798775  3.200573E-15
7773.38480424882  3.250188E-15
7776.22211050988  3.281596E-15
7779.05941677094  3.255501E-15
7781.896723032  3.259283E-15
7784.73402929307  3.286703E-15
7787.57133555413  3.377167E-15
7790.40864181519  3.337807E-15
7793.24594807625  3.284588E-15
7796.08325433732  3.356973E-15
7798.92056059838  3.212235E-15
7801.75786685944  3.349848E-15
7804.5951731205  3.205674E-15
7807.43247938157  3.239249E-15
7810.26978564263  3.172654E-15
7813.10709190369  3.166464E-15
7815.94439816476  3.178275E-15
7818.78170442582  3.204668E-15
7821.61901068688  3.326637E-15
7824.45631694794  3.301597E-15
7827.293623209  3.172701E-15
7830.13092947007  3.251758E-15
7832.96823573113  3.193665E-15
7835.80554199219  3.295245E-15
7838.64284825326  3.160862E-15
7841.48015451432  3.090509E-15
7844.31746077538  3.065746E-15
7847.15476703644  3.048718E-15
7849.99207329751  3.159834E-15
7852.82937955857  3.260225E-15
7855.66668581963  3.138100E-15
7858.50399208069  3.125547E-15
7861.34129834176  3.187824E-15
7864.17860460282  3.109850E-15
7867.01591086388  3.166413E-15
7869.85321712494  3.097521E-15
7872.69052338601  3.058653E-15
7875.52782964707  3.092480E-15
7878.36513590813  3.198800E-15
7881.2024421692  3.120860E-15
7884.03974843026  3.035223E-15
7886.87705469132  3.098588E-15
7889.71436095238  3.058633E-15
7892.55166721344  3.010800E-15
7895.38897347451  3.028493E-15
7898.22627973557  3.145843E-15
7901.06358599663  3.175446E-15
7903.9008922577  3.071481E-15
7906.73819851876  3.052122E-15
7909.57550477982  3.121135E-15
7912.41281104088  3.168279E-15
7915.25011730195  3.112700E-15
7918.08742356301  3.047466E-15
7920.92472982407  3.046603E-15
7923.76203608513  3.041685E-15
7926.5993423462  3.119281E-15
7929.43664860726  3.159545E-15
7932.27395486832  3.127210E-15
7935.11126112938  2.985788E-15
7937.94856739045  2.966063E-15
7940.78587365151  3.138871E-15
7943.62317991257  3.098018E-15
7946.46048617363  3.078738E-15
7949.2977924347  3.044952E-15
7952.13509869576  2.988169E-15
7954.97240495682  2.969908E-15
7957.80971121789  3.072967E-15
7960.64701747895  3.147108E-15
7963.48432374001  3.015612E-15
7966.32163000107  2.874627E-15
7969.15893626214  2.933426E-15
7971.9962425232  2.878869E-15
7974.83354878426  2.948780E-15
7977.67085504532  3.040145E-15
7980.50816130639  3.050305E-15
7983.34546756745  2.957212E-15
7986.18277382851  2.998305E-15
7989.02008008957  3.006667E-15
7991.85738635064  3.029823E-15
7994.6946926117  3.017073E-15
7997.53199887276  2.965981E-15
8000.36930513383  2.911925E-15
8003.20661139489  2.928048E-15
8006.04391765595  2.992517E-15
8008.88122391701  3.004984E-15
8011.71853017808  2.916899E-15
8014.55583643914  2.921659E-15
8017.3931427002  2.835684E-15
8020.23044896126  2.837134E-15
8023.06775522233  2.878146E-15
8025.90506148339  2.881250E-15
8028.74236774445  2.853145E-15
8031.57967400551  2.912357E-15
8034.41698026658  2.968931E-15
8037.25428652764  2.887298E-15
8040.0915927887  2.885425E-15
8042.92889904976  2.812145E-15
8045.76620531083  2.980912E-15
8048.60351157189  2.840324E-15
8051.44081783295  2.920591E-15
8054.27812409402  2.892881E-15
8057.11543035508  2.803886E-15
8059.95273661614  2.844293E-15
8062.7900428772  2.878647E-15
8065.62734913827  2.818702E-15
8068.46465539933  2.840506E-15
8071.30196166039  2.913616E-15
8074.13926792145  2.797240E-15
8076.97657418252  2.888196E-15
8079.81388044358  2.868464E-15
8082.65118670464  2.799506E-15
8085.4884929657  2.830135E-15
8088.32579922677  2.853236E-15
8091.16310548783  2.880430E-15
8094.00041174889  2.816405E-15
8096.83771800996  2.771284E-15
8099.67502427102  2.859557E-15
8102.51233053208  2.792362E-15
8105.34963679314  2.807336E-15
8108.1869430542  2.832711E-15
8111.02424931527  2.786796E-15
8113.86155557633  2.904315E-15
8116.69886183739  2.817441E-15
8119.53616809846  2.885337E-15
8122.37347435952  2.787530E-15
8125.21078062058  2.834851E-15
8128.04808688164  2.921650E-15
8130.88539314271  2.799712E-15
8133.72269940377  2.805287E-15
8136.56000566483  2.658083E-15
8139.39731192589  2.675208E-15
8142.23461818696  2.733235E-15
8145.07192444802  2.951127E-15
8147.90923070908  2.728431E-15
8150.74653697014  2.675018E-15
8153.58384323121  2.689669E-15
8156.42114949227  2.715598E-15
8159.25845575333  2.782415E-15
8162.09576201439  2.713251E-15
8164.93306827546  2.722652E-15
8167.77037453652  2.792486E-15
8170.60768079758  2.623117E-15
8173.44498705865  2.660101E-15
8176.28229331971  2.810027E-15
8179.11959958077  2.728694E-15
8181.95690584183  2.604068E-15
8184.7942121029  2.485818E-15
8187.63151836396  2.691135E-15
8190.46882462502  2.887607E-15
8193.30613088608  2.749309E-15
8196.14343714715  2.664609E-15
8198.98074340821  2.681278E-15
8201.81804966927  2.770063E-15
8204.65535593033  2.631268E-15
8207.4926621914  2.680666E-15
8210.32996845246  2.751227E-15
8213.16727471352  2.773807E-15
8216.00458097458  2.678499E-15
8218.84188723565  2.652380E-15
8221.67919349671  2.634477E-15
8224.51649975777  2.559374E-15
8227.35380601884  2.674626E-15
8230.1911122799  2.658657E-15
8233.02841854096  2.505187E-15
8235.86572480202  2.668571E-15
8238.70303106309  2.688202E-15
8241.54033732415  2.773027E-15
8244.37764358521  2.680025E-15
8247.21494984627  2.555438E-15
8250.05225610733  2.625059E-15
8252.8895623684  2.650857E-15
8255.72686862946  2.641249E-15
8258.56417489052  2.648617E-15
8261.40148115159  2.620298E-15
8264.23878741265  2.578449E-15
8267.07609367371  2.553886E-15
8269.91339993477  2.634136E-15
8272.75070619584  2.664011E-15
8275.5880124569  2.650848E-15
8278.42531871796  2.589889E-15
8281.26262497902  2.568028E-15
8284.09993124009  2.538169E-15
8286.93723750115  2.597386E-15
8289.77454376221  2.621199E-15
8292.61185002327  2.555460E-15
8295.44915628434  2.613624E-15
8298.2864625454  2.579815E-15
8301.12376880646  2.647398E-15
8303.96107506753  2.596498E-15
8306.79838132859  2.562266E-15
8309.63568758965  2.649404E-15
8312.47299385071  2.657878E-15
8315.31030011178  2.485605E-15
8318.14760637284  2.559806E-15
8320.9849126339  2.546098E-15
8323.82221889496  2.584883E-15
8326.65952515603  2.584735E-15
8329.49683141709  2.619781E-15
8332.33413767815  2.623206E-15
8335.17144393921  2.459442E-15
8338.00875020028  2.455132E-15
8340.84605646134  2.517152E-15
8343.6833627224  2.428831E-15
8346.52066898346  2.487783E-15
8349.35797524453  2.473075E-15
8352.19528150559  2.593047E-15
8355.03258776665  2.590648E-15
8357.86989402772  2.397722E-15
8360.70720028878  2.443555E-15
8363.54450654984  2.460228E-15
8366.3818128109  2.435794E-15
8369.21911907197  2.469195E-15
8372.05642533303  2.459310E-15
8374.89373159409  2.479181E-15
8377.73103785515  2.382287E-15
8380.56834411622  2.484673E-15
8383.40565037728  2.552315E-15
8386.24295663834  2.516020E-15
8389.0802628994  2.505221E-15
8391.91756916047  2.460330E-15
8394.75487542153  2.532660E-15
8397.59218168259  2.561639E-15
8400.42948794366  2.444405E-15
8403.26679420472  2.483762E-15
8406.10410046578  2.550262E-15
8408.94140672684  2.586131E-15
8411.77871298791  2.451278E-15
8414.61601924897  2.448157E-15
8417.45332551003  2.378673E-15
8420.29063177109  2.315653E-15
8423.12793803216  2.385650E-15
8425.96524429322  2.402573E-15
8428.80255055428  2.313105E-15
8431.63985681534  2.310892E-15
8434.47716307641  2.228521E-15
8437.31446933747  2.186464E-15
8440.15177559853  2.334642E-15
8442.98908185959  2.411268E-15
8445.82638812066  2.355276E-15
8448.66369438172  2.375660E-15
8451.50100064278  2.506613E-15
8454.33830690385  2.474327E-15
8457.17561316491  2.387885E-15
8460.01291942597  2.304590E-15
8462.85022568703  2.259354E-15
8465.6875319481  2.392207E-15
8468.52483820916  2.402214E-15
8471.36214447022  2.348375E-15
8474.19945073128  2.339736E-15
8477.03675699234  2.357435E-15
8479.87406325341  2.314939E-15
8482.71136951447  2.309106E-15
8485.54867577553  2.573178E-15
8488.3859820366  2.408235E-15
8491.22328829766  2.349457E-15
8494.06059455872  2.289544E-15
8496.89790081978  2.273045E-15
8499.73520708085  2.346610E-15
8502.57251334191  2.369112E-15
8505.40981960297  2.389779E-15
8508.24712586404  2.347445E-15
8511.0844321251  2.169216E-15
8513.92173838616  2.265532E-15
8516.75904464722  2.247963E-15
8519.59635090828  2.252217E-15
8522.43365716935  2.302501E-15
8525.27096343041  2.412474E-15
8528.10826969147  2.370895E-15
8530.94557595253  2.253268E-15
8533.7828822136  2.181335E-15
8536.62018847466  2.163363E-15
8539.45749473572  2.352284E-15
8542.29480099679  2.358649E-15
8545.13210725785  2.252701E-15
8547.96941351891  2.244892E-15
8550.80671977997  2.292611E-15
8553.64402604104  2.182108E-15
8556.4813323021  2.193248E-15
8559.31863856316  2.309402E-15
8562.15594482422  2.214834E-15
8564.99325108529  2.317171E-15
8567.83055734635  2.212729E-15
8570.66786360741  2.239626E-15
8573.50516986847  2.135275E-15
8576.34247612954  2.158546E-15
8579.1797823906  2.233481E-15
8582.01708865166  2.262038E-15
8584.85439491272  2.235941E-15
8587.69170117379  2.192474E-15
8590.52900743485  2.228107E-15
8593.36631369591  2.262458E-15
8596.20361995698  2.205493E-15
8599.04092621804  2.154870E-15
8601.8782324791  2.198961E-15
8604.71553874016  2.318025E-15
8607.55284500123  2.348205E-15
8610.39015126229  2.288422E-15
8613.22745752335  2.243060E-15
8616.06476378441  2.201382E-15
8618.90207004548  2.167687E-15
8621.73937630654  2.163551E-15
8624.5766825676  2.204567E-15
8627.41398882866  2.254867E-15
8630.25129508973  2.274699E-15
8633.08860135079  2.304164E-15
8635.92590761185  2.270023E-15
8638.76321387292  2.149830E-15
8641.60052013398  2.216457E-15
8644.43782639504  2.264735E-15
8647.2751326561  2.236988E-15
8650.11243891717  2.055721E-15
8652.94974517823  2.117324E-15
8655.78705143929  2.187427E-15
8658.62435770035  2.093217E-15
8661.46166396142  2.126198E-15
8664.29897022248  2.184497E-15
8667.13627648354  2.064721E-15
8669.9735827446  2.066730E-15
8672.81088900567  2.110449E-15
8675.64819526673  2.157420E-15
8678.48550152779  2.070293E-15
8681.32280778885  2.103298E-15
8684.16011404992  2.147729E-15
8686.99742031098  2.010428E-15
8689.83472657204  2.179502E-15
8692.67203283311  2.131473E-15
8695.50933909417  2.038378E-15
8698.34664535523  2.128114E-15
8701.18395161629  2.199903E-15
8704.02125787736  2.161551E-15
8706.85856413842  2.062518E-15
8709.69587039948  2.009458E-15
8712.53317666054  2.082792E-15
8715.37048292161  2.101166E-15
8718.20778918267  2.093724E-15
8721.04509544373  2.099026E-15
8723.88240170479  1.932706E-15
8726.71970796586  1.989556E-15
8729.55701422692  2.000696E-15
8732.39432048798  1.936907E-15
8735.23162674905  2.219089E-15
8738.06893301011  2.196648E-15
8740.90623927117  1.983531E-15
8743.74354553223  2.111319E-15
8746.58085179329  2.070122E-15
8749.41815805436  2.014844E-15
8752.25546431542  2.059170E-15
8755.09277057648  1.996009E-15
8757.93007683755  1.929947E-15
8760.76738309861  2.034655E-15
8763.60468935967  2.029215E-15
8766.44199562073  1.985096E-15
8769.2793018818  1.919445E-15
8772.11660814286  1.843686E-15
8774.95391440392  1.970380E-15
8777.79122066498  2.122398E-15
8780.62852692605  2.034674E-15
8783.46583318711  1.960997E-15
8786.30313944817  2.056409E-15
8789.14044570923  1.957910E-15
8791.9777519703  1.915012E-15
8794.81505823136  1.969855E-15
8797.65236449242  2.020249E-15
8800.48967075348  2.009859E-15
8803.32697701455  1.958908E-15
8806.16428327561  2.015962E-15
8809.00158953667  2.023891E-15
8811.83889579774  2.028498E-15
8814.6762020588  2.033347E-15
8817.51350831986  2.038225E-15
8820.35081458092  2.043136E-15
8823.18812084199  2.048092E-15
8826.02542710305  2.053081E-15
8828.86273336411  2.058120E-15
8831.70003962517  2.063198E-15
8834.53734588624  2.068317E-15
8837.3746521473  2.073488E-15
8840.21195840836  2.078694E-15
