4156.505859375	4.3904e-14
4159.849146604538	3.726708e-14
4163.192433834076	3.2088417e-14
4166.535721063614	2.547678e-14
4169.879008293152	1.9982642e-14
4173.22229552269	1.8858807e-14
4176.565582752228	1.4549636e-14
4179.908869981766	1.498158e-14
4183.252157211304	1.4219493e-14
4186.595444440842	1.3523077e-14
4189.93873167038	1.447831e-14
4193.282018899918	1.5495082e-14
4196.625306129456	1.5574942e-14
4199.9685933589935	1.7348397e-14
4203.3118805885315	1.8306317e-14
4206.6551678180695	1.885674e-14
4209.998455047607	2.0534449e-14
4213.341742277145	1.9916824e-14
4216.685029506683	1.9929654e-14
4220.028316736221	1.960921e-14
4223.371603965759	1.9151611e-14
4226.714891195297	1.8143344e-14
4230.058178424835	1.719106e-14
4233.401465654373	1.6606694e-14
4236.744752883911	1.5633169e-14
4240.088040113449	1.4927683e-14
4243.431327342987	1.4699396e-14
4246.774614572525	1.4060626e-14
4250.117901802063	1.4191419e-14
4253.461189031601	1.4069372e-14
4256.804476261139	1.41352e-14
4260.147763490677	1.4198231e-14
4263.491050720215	1.425943e-14
4266.834337949753	1.4274018e-14
4270.177625179291	1.4683565e-14
4273.520912408829	1.4938405e-14
4276.864199638367	1.5174904e-14
4280.207486867905	1.5534171e-14
4283.550774097443	1.6171384e-14
4286.894061326981	1.6648482e-14
4290.237348556519	1.7742128e-14
4293.5806357860565	1.8709184e-14
4296.9239230155945	1.9625587e-14
4300.267210245132	2.0603226e-14
4303.61049747467	2.1270786e-14
4306.953784704208	2.1919568e-14
4310.297071933746	2.2299975e-14
4313.640359163284	2.2291019e-14
4316.983646392822	2.225032e-14
4320.32693362236	2.1769428e-14
4323.670220851898	2.0883984e-14
4327.013508081436	2.0792551e-14
4330.356795310974	2.0258787e-14
4333.700082540512	2.0162779e-14
4337.04336977005	1.9805736e-14
4340.386656999588	2.0213125e-14
4343.729944229126	2.0202283e-14
4347.073231458664	2.0511626e-14
4350.416518688202	2.1179266e-14
4353.75980591774	2.1628864e-14
4357.103093147278	2.2067939e-14
4360.446380376816	2.2515772e-14
4363.789667606354	2.2878304e-14
4367.132954835892	2.3510023e-14
4370.47624206543	2.3900483e-14
4373.819529294968	2.4794882e-14
4377.162816524506	2.5263017e-14
4380.506103754044	2.5799836e-14
4383.8493909835815	2.5629823e-14
4387.1926782131195	2.5351616e-14
4390.5359654426575	2.5004707e-14
4393.879252672195	2.4815307e-14
4397.222539901733	2.5027584e-14
4400.565827131271	2.4970289e-14
4403.909114360809	2.5025414e-14
4407.252401590347	2.5326433e-14
4410.595688819885	2.5413365e-14
4413.938976049423	2.5790063e-14
4417.282263278961	2.6115866e-14
4420.625550508499	2.6488236e-14
4423.968837738037	2.6959036e-14
4427.312124967575	2.7075374e-14
4430.655412197113	2.6820256e-14
4433.998699426651	2.6295696e-14
4437.341986656189	2.5586917e-14
4440.685273885727	2.4643392e-14
4444.028561115265	2.3991376e-14
4447.371848344803	2.3602597e-14
4450.715135574341	2.3192618e-14
4454.058422803879	2.242876e-14
4457.401710033417	2.16906e-14
4460.744997262955	2.1346762e-14
4464.088284492493	2.0619518e-14
4467.431571722031	1.9963833e-14
4470.774858951569	1.9623812e-14
4474.118146181107	1.8961683e-14
4477.4614334106445	1.8602014e-14
4480.8047206401825	1.840739e-14
4484.1480078697205	1.8290472e-14
4487.491295099258	1.7996184e-14
4490.834582328796	1.7910864e-14
4494.177869558334	1.7882917e-14
4497.521156787872	1.790865e-14
4500.86444401741	1.8301351e-14
4504.207731246948	1.8455655e-14
4507.551018476486	1.9061563e-14
4510.894305706024	1.9571987e-14
4514.237592935562	2.0391493e-14
4517.5808801651	2.116772e-14
4520.924167394638	2.2338116e-14
4524.267454624176	2.3360857e-14
4527.610741853714	2.4745205e-14
4530.954029083252	2.6386925e-14
4534.29731631279	2.8412412e-14
4537.640603542328	3.0657544e-14
4540.983890771866	3.3582217e-14
4544.327178001404	3.6417694e-14
4547.670465230942	3.9651665e-14
4551.01375246048	4.1761814e-14
4554.357039690018	4.3766545e-14
4557.700326919556	4.5251658e-14
4561.043614149093	4.5475366e-14
4564.386901378631	4.5163404e-14
4567.730188608169	4.5190102e-14
4571.073475837707	4.4648452e-14
4574.416763067245	4.442183e-14
4577.7600502967825	4.49336e-14
4581.1033375263205	4.549617e-14
4584.4466247558585	4.663819e-14
4587.789911985396	4.7828373e-14
4591.133199214934	4.965993e-14
4594.476486444472	5.0505353e-14
4597.81977367401	5.1382482e-14
4601.163060903548	5.168808e-14
4604.506348133086	5.1307035e-14
4607.849635362624	5.0957306e-14
4611.192922592162	5.021148e-14
4614.5362098217	5.02059e-14
4617.879497051238	5.027174e-14
4621.222784280776	5.109437e-14
4624.566071510314	5.2059766e-14
4627.909358739852	5.3178575e-14
4631.25264596939	5.43314e-14
4634.595933198928	5.496774e-14
4637.939220428466	5.5334494e-14
4641.282507658004	5.5107764e-14
4644.625794887542	5.4950385e-14
4647.96908211708	5.391595e-14
4651.312369346618	5.3221343e-14
4654.655656576156	5.2361876e-14
4657.998943805694	5.1779873e-14
4661.342231035232	5.1276827e-14
4664.68551826477	5.125161e-14
4668.028805494308	5.1156507e-14
4671.3720927238455	5.0801255e-14
4674.7153799533835	5.0854347e-14
4678.058667182921	5.044567e-14
4681.401954412459	5.0358172e-14
4684.745241641997	5.0168074e-14
4688.088528871535	5.0399107e-14
4691.431816101073	5.0449042e-14
4694.775103330611	5.06594e-14
4698.118390560149	5.028578e-14
4701.461677789687	4.9942492e-14
4704.804965019225	4.903047e-14
4708.148252248763	4.8289172e-14
4711.491539478301	4.7454397e-14
4714.834826707839	4.6303432e-14
4718.178113937377	4.585611e-14
4721.521401166915	4.4736557e-14
4724.864688396453	4.386011e-14
4728.207975625991	4.306446e-14
4731.551262855529	4.1987806e-14
4734.894550085067	4.119322e-14
4738.237837314605	4.0155237e-14
4741.581124544143	3.9111174e-14
4744.924411773681	3.77711e-14
4748.267699003219	3.6024752e-14
4751.610986232757	3.500944e-14
4754.954273462295	3.380123e-14
4758.297560691833	3.2715008e-14
4761.640847921371	3.1607705e-14
4764.9841351509085	3.0714367e-14
4768.3274223804465	2.968687e-14
4771.670709609984	2.8395218e-14
4775.013996839522	2.7742438e-14
4778.35728406906	2.6473005e-14
4781.700571298598	2.5602831e-14
4785.043858528136	2.4705478e-14
4788.387145757674	2.3941474e-14
4791.730432987212	2.3359043e-14
4795.07372021675	2.345284e-14
4798.417007446288	2.4110944e-14
4801.760294675826	2.5715205e-14
4805.103581905364	2.7936497e-14
4808.446869134902	3.101907e-14
4811.79015636444	3.378586e-14
4815.133443593978	3.634406e-14
4818.476730823516	3.8923675e-14
4821.820018053054	4.07326e-14
4825.163305282592	4.27182e-14
4828.50659251213	4.430671e-14
4831.849879741668	4.5256696e-14
4835.193166971206	4.6341962e-14
4838.536454200744	4.6614774e-14
4841.879741430282	4.6783988e-14
4845.22302865982	4.6185264e-14
4848.566315889358	4.5509847e-14
4851.909603118896	4.45609e-14
4855.2528903484335	4.337295e-14
4858.5961775779715	4.2200306e-14
4861.9394648075095	4.1525936e-14
4865.282752037047	4.1565513e-14
4868.626039266585	4.222512e-14
4871.969326496123	4.407637e-14
4875.312613725661	4.6093077e-14
4878.655900955199	4.8957488e-14
4881.999188184737	5.1681485e-14
4885.342475414275	5.431979e-14
4888.685762643813	5.6092683e-14
4892.029049873351	5.783165e-14
4895.372337102889	5.9310006e-14
4898.715624332427	6.042324e-14
4902.058911561965	6.149055e-14
4905.402198791503	6.2185215e-14
4908.745486021041	6.277399e-14
4912.088773250579	6.253334e-14
4915.432060480117	6.208817e-14
4918.775347709655	6.16743e-14
4922.118634939193	6.0227275e-14
4925.461922168731	5.8454015e-14
4928.805209398269	5.6575845e-14
4932.148496627807	5.401074e-14
4935.491783857345	5.124339e-14
4938.835071086883	4.8563834e-14
4942.178358316421	4.6014533e-14
4945.521645545959	4.3104937e-14
4948.8649327754965	4.085231e-14
4952.2082200050345	3.9021724e-14
4955.5515072345725	3.746937e-14
4958.89479446411	3.7013497e-14
4962.238081693648	3.6909918e-14
4965.581368923186	3.8181362e-14
4968.924656152724	3.9964458e-14
4972.267943382262	4.2161156e-14
4975.6112306118	4.467463e-14
4978.954517841338	4.7349857e-14
4982.297805070876	4.9476235e-14
4985.641092300414	5.1606875e-14
4988.984379529952	5.3792003e-14
4992.32766675949	5.633214e-14
4995.670953989028	5.8198075e-14
4999.014241218566	5.92637e-14
5002.357528448104	6.0087494e-14
5005.700815677642	6.091076e-14
5009.04410290718	6.2031834e-14
5012.387390136718	6.184018e-14
5015.730677366256	6.177279e-14
5019.073964595794	6.219798e-14
5022.417251825332	6.224226e-14
5025.76053905487	6.165966e-14
5029.103826284408	6.189848e-14
5032.447113513946	6.1573095e-14
5035.790400743484	6.1452105e-14
5039.133687973022	6.0636846e-14
5042.4769752025595	6.045852e-14
5045.8202624320975	5.913934e-14
5049.163549661635	5.851546e-14
5052.506836891173	5.718135e-14
5055.850124120711	5.5593354e-14
5059.193411350249	5.3792518e-14
5062.536698579787	5.1934006e-14
5065.879985809325	4.9665916e-14
5069.223273038863	4.7283964e-14
5072.566560268401	4.4743865e-14
5075.909847497939	4.2438272e-14
5079.253134727477	4.0122335e-14
5082.596421957015	3.793572e-14
5085.939709186553	3.571516e-14
5089.282996416091	3.3627354e-14
5092.626283645629	3.1728834e-14
5095.969570875167	3.0013078e-14
5099.312858104705	2.8405187e-14
5102.656145334243	2.7809047e-14
5105.999432563781	2.732427e-14
5109.342719793319	2.732696e-14
5112.686007022857	2.7851253e-14
5116.029294252395	2.862063e-14
5119.372581481933	2.9798382e-14
5122.715868711471	3.0634265e-14
5126.059155941009	3.1829235e-14
5129.402443170547	3.30041e-14
5132.7457304000845	3.4320183e-14
5136.0890176296225	3.5983664e-14
5139.4323048591605	3.7801488e-14
5142.775592088698	3.974979e-14
5146.118879318236	4.164075e-14
5149.462166547774	4.3535762e-14
5152.805453777312	4.4492313e-14
5156.14874100685	4.5267694e-14
5159.492028236388	4.5698786e-14
5162.835315465926	4.5843924e-14
5166.178602695464	4.5787372e-14
5169.521889925002	4.5632118e-14
5172.86517715454	4.59677e-14
5176.208464384078	4.643272e-14
5179.551751613616	4.7188534e-14
5182.895038843154	4.7731106e-14
5186.238326072692	4.9040365e-14
5189.58161330223	4.9932697e-14
5192.924900531768	4.9945315e-14
5196.268187761306	4.9901804e-14
5199.611474990844	4.9187955e-14
5202.954762220381	4.888938e-14
5206.298049449919	4.8039084e-14
5209.641336679457	4.7183537e-14
5212.984623908995	4.6493974e-14
5216.327911138533	4.6248802e-14
5219.671198368071	4.6470308e-14
5223.014485597609	4.677904e-14
5226.357772827147	4.7013723e-14
5229.701060056685	4.749172e-14
5233.044347286223	4.798189e-14
5236.3876345157605	4.811099e-14
5239.7309217452985	4.7616672e-14
5243.074208974836	4.7264164e-14
5246.417496204374	4.6025778e-14
5249.760783433912	4.5381515e-14
5253.10407066345	4.4585748e-14
5256.447357892988	4.439204e-14
5259.790645122526	4.469881e-14
5263.133932352064	4.491049e-14
5266.477219581602	4.610426e-14
5269.82050681114	4.6888888e-14
5273.163794040678	4.7627063e-14
5276.507081270216	4.8694864e-14
5279.850368499754	4.9390562e-14
5283.193655729292	5.0451125e-14
5286.53694295883	5.1405928e-14
5289.880230188368	5.2252873e-14
5293.223517417906	5.2979302e-14
5296.566804647444	5.3363367e-14
5299.910091876982	5.3683356e-14
5303.25337910652	5.3819864e-14
5306.596666336058	5.4443293e-14
5309.939953565596	5.5027177e-14
5313.283240795134	5.5834616e-14
5316.626528024672	5.6488858e-14
5319.96981525421	5.707113e-14
5323.313102483748	5.673014e-14
5326.6563897132855	5.833255e-14
5329.9996769428235	5.8698285e-14
5333.3429641723615	5.8719936e-14
5336.686251401899	5.893826e-14
5340.029538631437	5.8966246e-14
5343.372825860975	5.882754e-14
5346.716113090513	5.87607e-14
5350.059400320051	5.815526e-14
5353.402687549589	5.776544e-14
5356.745974779127	5.7268724e-14
5360.089262008665	5.6671488e-14
5363.432549238203	5.650576e-14
5366.775836467741	5.6160615e-14
5370.119123697279	5.6426533e-14
5373.462410926817	5.673504e-14
5376.805698156355	5.72852e-14
5380.148985385893	5.744967e-14
5383.492272615431	5.783109e-14
5386.835559844969	5.841711e-14
5390.178847074507	5.851746e-14
5393.522134304045	5.894476e-14
5396.865421533583	5.878267e-14
5400.208708763121	5.8851924e-14
5403.551995992659	5.876737e-14
5406.895283222197	5.858762e-14
5410.238570451735	5.838537e-14
5413.581857681273	5.793353e-14
5416.925144910811	5.768252e-14
5420.2684321403485	5.728039e-14
5423.6117193698865	5.6908146e-14
5426.955006599424	5.6145308e-14
5430.298293828962	5.595657e-14
5433.6415810585	5.513297e-14
5436.984868288038	5.47109e-14
5440.328155517576	5.4302e-14
5443.671442747114	5.368501e-14
5447.014729976652	5.2900765e-14
5450.35801720619	5.2077656e-14
5453.701304435728	5.1241428e-14
5457.044591665266	5.0381052e-14
5460.387878894804	4.9216233e-14
5463.731166124342	4.8565928e-14
5467.07445335388	4.8088622e-14
5470.417740583418	4.7812628e-14
5473.761027812956	4.8179e-14
5477.104315042494	4.888094e-14
5480.447602272032	4.985697e-14
5483.79088950157	5.0504045e-14
5487.134176731108	5.196729e-14
5490.477463960646	5.2700947e-14
5493.820751190184	5.3551347e-14
5497.164038419722	5.4618724e-14
5500.50732564926	5.5513154e-14
5503.850612878798	5.577252e-14
5507.193900108336	5.629905e-14
5510.537187337874	5.664192e-14
5513.8804745674115	5.700661e-14
5517.2237617969495	5.7329866e-14
5520.567049026487	5.755308e-14
5523.910336256025	5.751958e-14
5527.253623485563	5.774171e-14
5530.596910715101	5.740716e-14
5533.940197944639	5.719547e-14
5537.283485174177	5.7490206e-14
5540.626772403715	5.71616e-14
5543.970059633253	5.6709083e-14
5547.313346862791	5.620082e-14
5550.656634092329	5.6147276e-14
5553.999921321867	5.5810767e-14
5557.343208551405	5.5171223e-14
5560.686495780943	5.4209343e-14
5564.029783010481	5.3735757e-14
5567.373070240019	5.2783234e-14
5570.716357469557	5.2289668e-14
5574.059644699095	5.1252927e-14
5577.402931928633	5.0138855e-14
5580.746219158171	4.9332164e-14
5584.089506387709	4.80992e-14
5587.432793617247	4.721273e-14
5590.776080846785	4.6077993e-14
5594.119368076323	4.526402e-14
5597.462655305861	4.4799163e-14
5600.805942535399	4.4338844e-14
5604.1492297649365	4.434208e-14
5607.4925169944745	4.4473607e-14
5610.8358042240125	4.4973e-14
5614.17909145355	4.513284e-14
5617.522378683088	4.5808318e-14
5620.865665912626	4.6157475e-14
5624.208953142164	4.6358445e-14
5627.552240371702	4.67015e-14
5630.89552760124	4.7227183e-14
5634.238814830778	4.764652e-14
5637.582102060316	4.8055317e-14
5640.925389289854	4.8319848e-14
5644.268676519392	4.8492345e-14
5647.61196374893	4.933118e-14
5650.955250978468	4.972633e-14
5654.298538208006	4.9968896e-14
5657.641825437544	5.044473e-14
5660.985112667082	5.0711266e-14
5664.32839989662	5.127704e-14
5667.671687126158	5.2025397e-14
5671.014974355696	5.1716908e-14
5674.358261585234	5.191144e-14
5677.701548814772	5.1743122e-14
5681.04483604431	5.2178666e-14
5684.388123273848	5.2024953e-14
5687.731410503386	5.1935066e-14
5691.074697732924	5.155777e-14
5694.417984962462	5.183808e-14
5697.7612721919995	5.1467226e-14
5701.1045594215375	5.1255322e-14
5704.447846651075	5.0851535e-14
5707.791133880613	5.064542e-14
5711.134421110151	5.0473162e-14
5714.477708339689	5.004317e-14
5717.820995569227	4.950262e-14
5721.164282798765	4.9178276e-14
5724.507570028303	4.8989092e-14
5727.850857257841	4.8516224e-14
5731.194144487379	4.8111888e-14
5734.537431716917	4.7279878e-14
5737.880718946455	4.7213752e-14
5741.224006175993	4.6499056e-14
5744.567293405531	4.6225827e-14
5747.910580635069	4.5584203e-14
5751.253867864607	4.4925587e-14
5754.597155094145	4.4506648e-14
5757.940442323683	4.372089e-14
5761.283729553221	4.3312217e-14
5764.627016782759	4.2611463e-14
5767.970304012297	4.1856987e-14
5771.313591241835	4.129071e-14
5774.656878471373	4.0614e-14
5778.000165700911	3.9572444e-14
5781.343452930449	3.9412592e-14
5784.686740159987	3.8341763e-14
5788.030027389525	3.733198e-14
5791.3733146190625	3.667678e-14
5794.7166018486005	3.5813556e-14
5798.059889078138	3.4911293e-14
5801.403176307676	3.4021312e-14
5804.746463537214	3.3187598e-14
5808.089750766752	3.2357428e-14
5811.43303799629	3.1595098e-14
5814.776325225828	3.1082382e-14
5818.119612455366	3.0631744e-14
5821.462899684904	3.048215e-14
5824.806186914442	3.0757518e-14
5828.14947414398	3.1723596e-14
5831.492761373518	3.3142366e-14
5834.836048603056	3.5124942e-14
5838.179335832594	3.707758e-14
5841.522623062132	3.9458376e-14
5844.86591029167	4.1612794e-14
5848.209197521208	4.347597e-14
5851.552484750746	4.5041065e-14
5854.895771980284	4.695295e-14
5858.239059209822	4.8428797e-14
5861.58234643936	4.973538e-14
5864.925633668898	5.0978736e-14
5868.268920898436	5.2125256e-14
5871.612208127974	5.3343472e-14
5874.955495357512	5.3866244e-14
5878.29878258705	5.449748e-14
5881.6420698165875	5.566213e-14
5884.9853570461255	5.5754555e-14
5888.3286442756635	5.5615526e-14
5891.671931505201	5.5683238e-14
5895.015218734739	5.675835e-14
5898.358505964277	5.6867813e-14
5901.701793193815	5.702771e-14
5905.045080423353	5.656341e-14
5908.388367652891	5.5354447e-14
5911.731654882429	5.5092517e-14
5915.074942111967	5.58019e-14
5918.418229341505	5.589188e-14
5921.761516571043	5.6332868e-14
5925.104803800581	5.6571874e-14
5928.448091030119	5.628666e-14
5931.791378259657	5.6135892e-14
5935.134665489195	5.5901e-14
5938.477952718733	5.5531826e-14
5941.821239948271	5.507686e-14
5945.164527177809	5.4837902e-14
5948.507814407347	5.495354e-14
5951.851101636885	5.452209e-14
5955.194388866423	5.43476e-14
5958.537676095961	5.3994664e-14
5961.880963325499	5.362135e-14
5965.224250555037	5.321416e-14
5968.567537784575	5.3203983e-14
5971.910825014113	5.2960705e-14
5975.2541122436505	5.2186838e-14
5978.5973994731885	5.22458e-14
5981.940686702726	5.2003324e-14
5985.283973932264	5.147323e-14
5988.627261161802	5.163133e-14
5991.97054839134	5.109035e-14
5995.313835620878	5.0841618e-14
5998.657122850416	5.0895076e-14
6002.000410079954	5.0204364e-14
6005.343697309492	5.0115267e-14
6008.68698453903	5.0471668e-14
6012.030271768568	4.975315e-14
6015.373558998106	4.9623605e-14
6018.716846227644	4.9542276e-14
6022.060133457182	4.9353415e-14
6025.40342068672	4.9163595e-14
6028.746707916258	4.8983275e-14
6032.089995145796	4.907645e-14
6035.433282375334	4.8843643e-14
6038.776569604872	4.8557133e-14
6042.11985683441	4.8661572e-14
6045.463144063948	4.8520395e-14
6048.806431293486	4.832386e-14
6052.149718523024	4.823316e-14
6055.493005752562	4.8052653e-14
6058.8362929821	4.76397e-14
6062.179580211638	4.736622e-14
6065.522867441176	4.710824e-14
6068.8661546707135	4.669403e-14
6072.2094419002515	4.629805e-14
6075.552729129789	4.611277e-14
6078.896016359327	4.5801863e-14
6082.239303588865	4.566001e-14
6085.582590818403	4.5902616e-14
6088.925878047941	4.5973194e-14
6092.269165277479	4.6469966e-14
6095.612452507017	4.6905025e-14
6098.955739736555	4.7040097e-14
6102.299026966093	4.7543112e-14
6105.642314195631	4.7849565e-14
6108.985601425169	4.8019182e-14
6112.328888654707	4.85224e-14
6115.672175884245	4.819132e-14
6119.015463113783	4.861233e-14
6122.358750343321	4.9202304e-14
6125.702037572859	4.886896e-14
6129.045324802397	4.902374e-14
6132.388612031935	4.8957207e-14
6135.731899261473	4.8990637e-14
6139.075186491011	4.8880587e-14
6142.418473720549	4.8599864e-14
6145.761760950087	4.8735315e-14
6149.105048179625	4.807977e-14
6152.448335409163	4.776018e-14
6155.7916226387	4.731419e-14
6159.134909868238	4.6539297e-14
6162.478197097776	4.5997416e-14
6165.821484327314	4.5094377e-14
6169.1647715568515	4.4574526e-14
6172.5080587863895	4.392102e-14
6175.851346015927	4.3614143e-14
6179.194633245465	4.3345017e-14
6182.537920475003	4.3802594e-14
6185.881207704541	4.414695e-14
6189.224494934079	4.471053e-14
6192.567782163617	4.5374223e-14
6195.911069393155	4.6079524e-14
6199.254356622693	4.636173e-14
6202.597643852231	4.678017e-14
6205.94093108177	4.7128056e-14
6209.284218311308	4.7366137e-14
6212.627505540846	4.7803538e-14
6215.970792770384	4.8059782e-14
6219.314079999922	4.8216903e-14
6222.65736722946	4.8554625e-14
6226.000654458998	4.8364822e-14
6229.343941688536	4.8678072e-14
6232.687228918074	4.855908e-14
6236.030516147612	4.8476997e-14
6239.37380337715	4.855939e-14
6242.717090606688	4.841332e-14
6246.060377836226	4.803174e-14
6249.403665065763	4.8118786e-14
6252.746952295301	4.758952e-14
6256.090239524839	4.752545e-14
6259.4335267543765	4.72927e-14
6262.7768139839145	4.6489156e-14
6266.1201012134525	4.5787684e-14
6269.46338844299	4.4683665e-14
6272.806675672528	4.2578056e-14
6276.149962902066	4.015036e-14
6279.493250131604	3.8737066e-14
6282.836537361142	3.7916437e-14
6286.17982459068	3.749798e-14
6289.523111820218	3.7138952e-14
6292.866399049756	3.6644627e-14
6296.209686279294	3.598443e-14
6299.552973508832	3.5719376e-14
6302.89626073837	3.586281e-14
6306.239547967908	3.6131624e-14
6309.582835197446	3.6482675e-14
6312.926122426984	3.676702e-14
6316.269409656522	3.676267e-14
6319.61269688606	3.7216334e-14
6322.955984115598	3.6986676e-14
6326.299271345136	3.701517e-14
6329.642558574674	3.683958e-14
6332.985845804212	3.6760908e-14
6336.32913303375	3.634091e-14
6339.672420263288	3.582385e-14
6343.015707492826	3.5407563e-14
6346.358994722364	3.4603278e-14
6349.702281951902	3.4247914e-14
6353.0455691814395	3.3684108e-14
6356.3888564109775	3.2566055e-14
6359.7321436405155	3.1832274e-14
6363.075430870053	3.100288e-14
6366.418718099591	2.989556e-14
6369.762005329129	2.917985e-14
6373.105292558667	2.777686e-14
6376.448579788205	2.6866708e-14
6379.791867017743	2.5763642e-14
6383.135154247281	2.4696262e-14
6386.478441476819	2.3831768e-14
6389.821728706357	2.3017705e-14
6393.165015935895	2.229704e-14
6396.508303165433	2.1687994e-14
6399.851590394971	2.1101491e-14
6403.194877624509	2.0347856e-14
6406.538164854047	1.9844178e-14
6409.881452083585	1.9433436e-14
6413.224739313123	1.8851508e-14
6416.568026542661	1.8416743e-14
6419.911313772199	1.808213e-14
6423.254601001737	1.780654e-14
6426.597888231275	1.7567355e-14
6429.941175460813	1.7428711e-14
6433.284462690351	1.7422163e-14
6436.627749919889	1.7444145e-14
6439.971037149427	1.7826298e-14
6443.314324378965	1.8046415e-14
6446.6576116085025	1.8572717e-14
6450.0008988380405	1.9184017e-14
6453.344186067578	1.98968e-14
6456.687473297116	2.088387e-14
6460.030760526654	2.2088198e-14
6463.374047756192	2.324663e-14
6466.71733498573	2.5411607e-14
6470.060622215268	2.7381253e-14
6473.403909444806	2.97297e-14
6476.747196674344	3.2651667e-14
6480.090483903882	3.6199224e-14
6483.43377113342	3.9904877e-14
6486.777058362958	4.424573e-14
6490.120345592496	4.8716592e-14
6493.463632822034	5.2969642e-14
6496.806920051572	5.730176e-14
6500.15020728111	6.15075e-14
6503.493494510648	6.507765e-14
6506.836781740186	6.83356e-14
6510.180068969724	7.149917e-14
6513.523356199262	7.409063e-14
6516.8666434288	7.663473e-14
6520.209930658338	7.8663035e-14
6523.553217887876	8.100465e-14
6526.896505117414	8.2580745e-14
6530.239792346952	8.423713e-14
6533.58307957649	8.5513106e-14
6536.9263668060275	8.663868e-14
6540.2696540355655	8.740489e-14
6543.6129412651035	8.849938e-14
6546.956228494641	8.888807e-14
6550.299515724179	8.964665e-14
6553.642802953717	8.9947594e-14
6556.986090183255	9.0532664e-14
6560.329377412793	9.056149e-14
6563.672664642331	9.0602086e-14
6567.015951871869	9.039203e-14
6570.359239101407	9.0106484e-14
6573.702526330945	8.987529e-14
6577.045813560483	8.908188e-14
6580.389100790021	8.87721e-14
6583.732388019559	8.7821345e-14
6587.075675249097	8.6457405e-14
6590.418962478635	8.590795e-14
6593.762249708173	8.494937e-14
6597.105536937711	8.36787e-14
6600.448824167249	8.258657e-14
6603.792111396787	8.127604e-14
6607.135398626325	8.0090347e-14
6610.478685855863	7.886075e-14
6613.821973085401	7.738453e-14
6617.165260314939	7.604795e-14
6620.508547544477	7.493173e-14
6623.851834774015	7.3713415e-14
6627.195122003553	7.2337786e-14
6630.53840923309	7.143925e-14
6633.881696462628	6.9981794e-14
6637.224983692166	6.90681e-14
6640.5682709217035	6.7850646e-14
6643.9115581512415	6.6906706e-14
6647.254845380779	6.565065e-14
6650.598132610317	6.4665504e-14
6653.941419839855	6.400051e-14
6657.284707069393	6.3047664e-14
6660.627994298931	6.1885094e-14
6663.971281528469	6.128557e-14
6667.314568758007	6.037372e-14
6670.657855987545	5.965782e-14
6674.001143217083	5.8950986e-14
6677.344430446621	5.7856314e-14
6680.687717676159	5.735015e-14
6684.031004905697	5.6502278e-14
6687.374292135235	5.601499e-14
6690.717579364773	5.50599e-14
6694.060866594311	5.4653585e-14
6697.404153823849	5.439673e-14
6700.747441053387	5.3547875e-14
6704.090728282925	5.304007e-14
6707.434015512463	5.2464028e-14
6710.777302742001	5.194444e-14
6714.120589971539	5.12389e-14
6717.463877201077	5.0989107e-14
6720.807164430615	5.019386e-14
6724.150451660153	4.9774993e-14
6727.493738889691	4.9387022e-14
6730.8370261192285	4.8892558e-14
6734.1803133487665	4.8730032e-14
6737.5236005783045	4.8241488e-14
6740.866887807842	4.7740166e-14
6744.21017503738	4.7365886e-14
6747.553462266918	4.7024464e-14
6750.896749496456	4.6871903e-14
6754.240036725994	4.674744e-14
6757.583323955532	4.6051904e-14
6760.92661118507	4.5828694e-14
6764.269898414608	4.5485906e-14
6767.613185644146	4.547689e-14
6770.956472873684	4.5350222e-14
6774.299760103222	4.5132978e-14
6777.64304733276	4.4824028e-14
6780.986334562298	4.4743923e-14
6784.329621791836	4.4543887e-14
6787.672909021374	4.431053e-14
6791.016196250912	4.4476555e-14
6794.35948348045	4.4058768e-14
6797.702770709988	4.4071097e-14
6801.046057939526	4.3746385e-14
6804.389345169064	4.3896754e-14
6807.732632398602	4.3408436e-14
6811.07591962814	4.3538022e-14
6814.419206857678	4.3492455e-14
6817.762494087216	4.316391e-14
6821.105781316754	4.2930066e-14
6824.4490685462915	4.280768e-14
6827.7923557758295	4.2632507e-14
6831.1356430053675	4.2337824e-14
6834.478930234905	4.2447816e-14
6837.822217464443	4.227144e-14
6841.165504693981	4.1940288e-14
6844.508791923519	4.204639e-14
6847.852079153057	4.1830153e-14
6851.195366382595	4.177824e-14
6854.538653612133	4.1637626e-14
6857.881940841671	4.1581024e-14
6861.225228071209	4.0475913e-14
6864.568515300747	3.7423173e-14
6867.911802530285	3.3571317e-14
6871.255089759823	3.1391007e-14
6874.598376989361	3.2635915e-14
6877.941664218899	3.519049e-14
6881.284951448437	3.6862725e-14
6884.628238677975	3.720242e-14
6887.971525907513	3.6396162e-14
6891.314813137051	3.5867065e-14
6894.658100366589	3.5995417e-14
6898.001387596127	3.6389552e-14
6901.344674825665	3.6937948e-14
6904.687962055203	3.717296e-14
6908.031249284741	3.775281e-14
6911.374536514279	3.7875647e-14
6914.717823743817	3.8272496e-14
6918.0611109733545	3.8527734e-14
6921.4043982028925	3.8534033e-14
6924.74768543243	3.8297846e-14
6928.090972661968	3.898502e-14
6931.434259891506	3.8818243e-14
6934.777547121044	3.8875214e-14
6938.120834350582	3.8872575e-14
6941.46412158012	3.9048578e-14
6944.807408809658	3.9233448e-14
6948.150696039196	3.9441103e-14
6951.493983268734	3.9609314e-14
6954.837270498272	3.9850234e-14
6958.18055772781	3.9766093e-14
6961.523844957348	3.9971505e-14
6964.867132186886	4.0139296e-14
6968.210419416424	4.0315024e-14
6971.553706645962	4.0694255e-14
6974.8969938755	4.046524e-14
6978.240281105038	4.063828e-14
6981.583568334576	4.0478468e-14
6984.926855564114	4.038621e-14
6988.270142793652	4.032526e-14
6991.61343002319	4.025612e-14
6994.956717252728	4.0300974e-14
6998.300004482266	4.046614e-14
7001.643291711804	4.0354313e-14
7004.986578941342	4.0458515e-14
7008.3298661708795	4.0446464e-14
7011.6731534004175	4.039117e-14
7015.0164406299555	4.0241678e-14
7018.359727859493	4.0192164e-14
7021.703015089031	4.032503e-14
7025.046302318569	4.0241787e-14
7028.389589548107	4.0150426e-14
7031.732876777645	4.040394e-14
7035.076164007183	4.03793e-14
7038.419451236721	3.980614e-14
7041.762738466259	4.0392772e-14
7045.106025695797	4.022822e-14
7048.449312925335	3.9986365e-14
7051.792600154873	3.9911793e-14
7055.135887384411	3.9727956e-14
7058.479174613949	3.9790843e-14
7061.822461843487	3.9686536e-14
7065.165749073025	3.976123e-14
7068.509036302563	3.9638533e-14
7071.852323532101	3.9615985e-14
7075.195610761639	3.9397515e-14
7078.538897991177	3.9411735e-14
7081.882185220715	3.937906e-14
7085.225472450253	3.9269928e-14
7088.568759679791	3.913941e-14
7091.912046909329	3.9118404e-14
7095.255334138867	3.9199363e-14
7098.598621368405	3.9182413e-14
7101.9419085979425	3.8788556e-14
7105.2851958274805	3.8902204e-14
7108.6284830570185	3.8833194e-14
7111.971770286556	3.8707017e-14
7115.315057516094	3.877357e-14
7118.658344745632	3.850505e-14
7122.00163197517	3.8452758e-14
7125.344919204708	3.8324876e-14
7128.688206434246	3.816048e-14
7132.031493663784	3.808288e-14
7135.374780893322	3.8019182e-14
7138.71806812286	3.7792726e-14
7142.061355352398	3.7746167e-14
7145.404642581936	3.785844e-14
7148.747929811474	3.772086e-14
7152.091217041012	3.7902122e-14
7155.43450427055	3.784686e-14
7158.777791500088	3.8030658e-14
7162.121078729626	3.8314922e-14
7165.464365959164	3.778848e-14
7168.807653188702	3.7633613e-14
7172.15094041824	3.726834e-14
7175.494227647778	3.7105125e-14
7178.837514877316	3.702325e-14
7182.180802106854	3.672016e-14
7185.524089336392	3.6425398e-14
7188.86737656593	3.6239458e-14
7192.210663795468	3.6710964e-14
7195.5539510250055	3.670899e-14
7198.8972382545435	3.6692536e-14
7202.240525484081	3.658981e-14
7205.583812713619	3.6967716e-14
7208.927099943157	3.7490173e-14
7212.270387172695	3.786961e-14
7215.613674402233	3.773949e-14
7218.956961631771	3.7878212e-14
7222.300248861309	3.7675887e-14
7225.643536090847	3.7383098e-14
7228.986823320385	3.689014e-14
7232.330110549923	3.6563827e-14
7235.673397779461	3.6390968e-14
7239.016685008999	3.6283612e-14
7242.359972238537	3.669132e-14
7245.703259468075	3.701737e-14
7249.046546697613	3.7124102e-14
7252.389833927151	3.7312943e-14
7255.733121156689	3.763081e-14
7259.076408386227	3.782866e-14
7262.419695615765	3.781718e-14
7265.762982845303	3.7916932e-14
7269.106270074841	3.7821278e-14
7272.449557304379	3.7696104e-14
7275.792844533917	3.7733553e-14
7279.136131763455	3.8214162e-14
7282.479418992993	3.8426615e-14
7285.8227062225305	3.8446134e-14
7289.1659934520685	3.8291517e-14
7292.5092806816065	3.842726e-14
7295.852567911144	3.8611865e-14
7299.195855140682	3.845171e-14
7302.53914237022	3.8568446e-14
7305.882429599758	3.8404172e-14
7309.225716829296	3.8488374e-14
7312.569004058834	3.8682958e-14
7315.912291288372	3.866046e-14
7319.25557851791	3.8779113e-14
7322.598865747448	3.8959992e-14
7325.942152976986	3.9009987e-14
7329.285440206524	3.8956445e-14
7332.628727436062	3.8609707e-14
7335.9720146656	3.861455e-14
7339.315301895138	3.8793896e-14
7342.658589124676	3.8603164e-14
7346.001876354214	3.854364e-14
7349.345163583752	3.8267776e-14
7352.68845081329	3.8175314e-14
7356.031738042828	3.8082527e-14
7359.375025272366	3.795191e-14
7362.718312501904	3.7673495e-14
7366.061599731442	3.7624543e-14
7369.40488696098	3.7555134e-14
7372.748174190518	3.7558982e-14
7376.091461420056	3.7516976e-14
7379.4347486495935	3.7513768e-14
7382.7780358791315	3.7477003e-14
7386.1213231086695	3.76054e-14
7389.464610338207	3.7538376e-14
7392.807897567745	3.7858283e-14
7396.151184797283	3.806942e-14
7399.494472026821	3.8114792e-14
7402.837759256359	3.8326835e-14
7406.181046485897	3.8646434e-14
7409.524333715435	3.8727312e-14
7412.867620944973	3.8642117e-14
7416.210908174511	3.8780516e-14
7419.554195404049	3.8792113e-14
7422.897482633587	3.90008e-14
7426.240769863125	3.8990834e-14
7429.584057092663	3.897317e-14
7432.927344322201	3.8916055e-14
7436.270631551739	3.8960094e-14
7439.613918781277	3.8902482e-14
7442.957206010815	3.906169e-14
7446.300493240353	3.9020006e-14
7449.643780469891	3.8905565e-14
7452.987067699429	3.888822e-14
7456.330354928967	3.898822e-14
7459.673642158505	3.9014595e-14
7463.016929388043	3.8983577e-14
7466.360216617581	3.9003804e-14
7469.703503847119	3.8832043e-14
7473.0467910766565	3.8940188e-14
7476.3900783061945	3.8994043e-14
7479.733365535732	3.8824277e-14
7483.07665276527	3.8624984e-14
7486.419939994808	3.8561182e-14
7489.763227224346	3.8495686e-14
7493.106514453884	3.8109036e-14
7496.449801683422	3.8179817e-14
7499.79308891296	3.8179136e-14
7503.136376142498	3.7967947e-14
7506.479663372036	3.780381e-14
7509.822950601574	3.809875e-14
7513.166237831112	3.7749568e-14
7516.50952506065	3.759096e-14
7519.852812290188	3.7625793e-14
7523.196099519726	3.7432026e-14
7526.539386749264	3.716721e-14
7529.882673978802	3.7154653e-14
7533.22596120834	3.6997627e-14
7536.569248437878	3.7009875e-14
7539.912535667416	3.6662093e-14
7543.255822896954	3.6640233e-14
7546.599110126492	3.6267647e-14
7549.94239735603	3.6250076e-14
7553.285684585568	3.635145e-14
7556.628971815106	3.603141e-14
7559.972259044644	3.6012934e-14
7563.3155462741815	3.569916e-14
7566.6588335037195	3.5782687e-14
7570.0021207332575	3.564581e-14
7573.345407962795	3.5423196e-14
7576.688695192333	3.5327677e-14
7580.031982421871	3.5097152e-14
7583.375269651409	3.5066778e-14
7586.718556880947	3.4257587e-14
7590.061844110485	3.0975534e-14
7593.405131340023	2.4767066e-14
7596.748418569561	1.7685868e-14
7600.091705799099	1.2481473e-14
7603.434993028637	1.0276155e-14
7606.778280258175	1.06222124e-14
7610.121567487713	1.3430095e-14
7613.464854717251	1.8401332e-14
7616.808141946789	2.2546345e-14
7620.151429176327	2.297818e-14
7623.494716405865	2.0786925e-14
7626.838003635403	1.8758824e-14
7630.181290864941	1.8196468e-14
7633.524578094479	1.8771319e-14
7636.867865324017	1.9897817e-14
7640.211152553555	2.1152271e-14
7643.554439783093	2.249978e-14
7646.897727012631	2.4062539e-14
7650.241014242169	2.5478787e-14
7653.584301471707	2.6662854e-14
7656.9275887012445	2.7793589e-14
7660.2708759307825	2.8491674e-14
7663.6141631603205	2.894443e-14
7666.957450389858	2.9067257e-14
7670.300737619396	2.8726018e-14
7673.644024848934	2.8391965e-14
7676.987312078472	2.7728874e-14
7680.33059930801	2.7252418e-14
7683.673886537548	2.6817233e-14
7687.017173767086	2.6524617e-14
7690.360460996624	2.6617558e-14
7693.703748226162	2.7132608e-14
7697.0470354557	2.7781093e-14
7700.390322685238	2.852904e-14
7703.733609914776	2.9111306e-14
7707.076897144314	2.9864007e-14
7710.420184373852	3.0557262e-14
7713.76347160339	3.1086255e-14
7717.106758832928	3.1484733e-14
7720.450046062466	3.204757e-14
7723.793333292004	3.249375e-14
7727.136620521542	3.3029684e-14
7730.47990775108	3.3360603e-14
7733.823194980618	3.382672e-14
7737.166482210156	3.399542e-14
7740.509769439694	3.4608204e-14
7743.853056669232	3.5024667e-14
7747.19634389877	3.5194995e-14
7750.5396311283075	3.5312993e-14
7753.8829183578455	3.5617234e-14
7757.226205587383	3.5951802e-14
7760.569492816921	3.6062905e-14
7763.912780046459	3.619603e-14
7767.256067275997	3.656796e-14
7770.599354505534	3.6581337e-14
7773.942641735072	3.6786793e-14
7777.28592896461	3.6901407e-14
7780.629216194148	3.6788803e-14
7783.972503423686	3.6921414e-14
7787.315790653224	3.704938e-14
7790.659077882762	3.6948065e-14
7794.0023651123	3.6807444e-14
7797.345652341838	3.6730954e-14
7800.688939571376	3.6624363e-14
7804.032226800914	3.6624265e-14
7807.375514030452	3.6410413e-14
7810.71880125999	3.6389416e-14
7814.062088489528	3.621184e-14
7817.405375719066	3.5992744e-14
7820.748662948604	3.6021882e-14
7824.091950178142	3.588378e-14
7827.43523740768	3.559496e-14
7830.778524637218	3.5609723e-14
7834.121811866756	3.5640226e-14
7837.465099096294	3.5391578e-14
7840.808386325832	3.540772e-14
7844.15167355537	3.522918e-14
7847.494960784908	3.5209167e-14
7850.8382480144455	3.5184644e-14
7854.1815352439835	3.4746616e-14
7857.524822473521	3.5035963e-14
7860.868109703059	3.4931486e-14
7864.211396932597	3.4750753e-14
7867.554684162135	3.4653395e-14
7870.897971391673	3.452237e-14
7874.241258621211	3.4401867e-14
7877.584545850749	3.4382338e-14
7880.927833080287	3.4309805e-14
7884.271120309825	3.408171e-14
7887.614407539363	3.414052e-14
7890.957694768901	3.37943e-14
7894.300981998439	3.3764048e-14
7897.644269227977	3.3695187e-14
7900.987556457515	3.371496e-14
7904.330843687053	3.374331e-14
7907.674130916591	3.3492184e-14
7911.017418146129	3.3537094e-14
7914.360705375667	3.374017e-14
7917.703992605205	3.3535566e-14
7921.047279834743	3.3253317e-14
7924.390567064281	3.3426702e-14
7927.733854293819	3.3364448e-14
7931.077141523357	3.3224454e-14
7934.420428752895	3.3406346e-14
7937.763715982433	3.3303513e-14
7941.107003211971	3.329997e-14
7944.4502904415085	3.3360152e-14
7947.7935776710465	3.3170556e-14
7951.136864900584	3.3127838e-14
7954.480152130122	3.303901e-14
7957.82343935966	3.2960854e-14
7961.166726589198	3.278974e-14
7964.510013818736	3.280262e-14
7967.853301048274	3.268871e-14
7971.196588277812	3.2678707e-14
7974.53987550735	3.2870963e-14
7977.883162736888	3.2845898e-14
7981.226449966426	3.2643762e-14
7984.569737195964	3.2627404e-14
7987.913024425502	3.2639114e-14
7991.25631165504	3.2589915e-14
7994.599598884578	3.2378875e-14
7997.942886114116	3.251648e-14
8001.286173343654	3.2426332e-14
8004.629460573192	3.2273412e-14
8007.97274780273	3.2249628e-14
8011.316035032268	3.235222e-14
8014.659322261806	3.21752e-14
8018.002609491344	3.2238684e-14
8021.345896720882	3.2154723e-14
8024.68918395042	3.2127912e-14
8028.032471179958	3.2065564e-14
8031.375758409496	3.1986183e-14
8034.7190456390335	3.1930476e-14
8038.0623328685715	3.1968453e-14
8041.4056200981095	3.1833314e-14
8044.748907327647	3.181069e-14
8048.092194557185	3.1852423e-14
8051.435481786723	3.1859267e-14
8054.778769016261	3.1777515e-14
8058.122056245799	3.1784657e-14
8061.465343475337	3.157618e-14
8064.808630704875	3.1601752e-14
8068.151917934413	3.1460044e-14
8071.495205163951	3.1382828e-14
8074.838492393489	3.136229e-14
8078.181779623027	3.112401e-14
8081.525066852565	3.1124663e-14
8084.868354082103	3.0978973e-14
8088.211641311641	3.0730864e-14
8091.554928541179	3.0491296e-14
8094.898215770717	3.0247414e-14
8098.241503000255	3.0027792e-14
8101.584790229793	2.9807733e-14
8104.928077459331	2.9754353e-14
8108.271364688869	2.9639418e-14
8111.614651918407	2.9573857e-14
8114.957939147945	2.9366927e-14
8118.301226377483	2.9169833e-14
8121.644513607021	2.9230914e-14
8124.987800836559	2.900746e-14
8128.3310880660965	2.8587846e-14
8131.6743752956345	2.835064e-14
8135.017662525172	2.8176986e-14
8138.36094975471	2.8224786e-14
8141.704236984248	2.8102571e-14
8145.047524213786	2.802289e-14
8148.390811443324	2.783521e-14
8151.734098672861	2.7819167e-14
8155.077385902399	2.7661374e-14
8158.420673131937	2.7320492e-14
8161.763960361475	2.716872e-14
8165.107247591013	2.7260027e-14
8168.450534820551	2.7562735e-14
8171.793822050089	2.7870208e-14
8175.137109279627	2.7797228e-14
8178.480396509165	2.7910393e-14
8181.823683738703	2.8252408e-14
8185.166970968241	2.8691998e-14
8188.510258197779	2.853377e-14
8191.853545427317	2.8485667e-14
8195.196832656855	2.8460727e-14
8198.540119886393	2.881566e-14
8201.88340711593	2.9248817e-14
8205.226694345469	2.9461117e-14
8208.569981575007	2.985725e-14
8211.913268804545	2.9753994e-14
8215.256556034083	2.9593864e-14
8218.59984326362	2.9321214e-14
8221.943130493159	2.8439887e-14
8225.286417722697	2.7304278e-14
8228.629704952235	2.6701843e-14
8231.972992181772	2.714625e-14
8235.31627941131	2.809172e-14
8238.659566640848	2.8562188e-14
8242.002853870386	2.8405882e-14
8245.346141099924	2.8367982e-14
8248.689428329462	2.8245311e-14
8252.032715559	2.7756689e-14
8255.37600278854	2.7357313e-14
8258.719290018078	2.7004784e-14
8262.062577247616	2.6865607e-14
8265.405864477154	2.6509483e-14
8268.749151706692	2.6024604e-14
8272.09243893623	2.522544e-14
8275.435726165768	2.4489496e-14
8278.779013395306	2.3777113e-14
8282.122300624844	2.3199321e-14
8285.465587854382	2.24511e-14
8288.80887508392	2.16774e-14
8292.152162313458	2.093811e-14
8295.495449542996	2.0133617e-14
8298.838736772534	1.9212684e-14
8302.182024002072	1.8184522e-14
8305.52531123161	1.7236151e-14
8308.868598461147	1.6307793e-14
8312.211885690685	1.5227252e-14
8315.555172920223	1.4188836e-14
8318.898460149761	1.3090237e-14
8322.2417473793	1.2225875e-14
8325.585034608837	1.1486491e-14
8328.928321838375	1.066024e-14
8332.271609067913	9.758517e-15
8335.614896297451	9.007127e-15
8338.95818352699	8.558367e-15
8342.301470756525	7.903097e-15
8345.644757986063	7.413512e-15
8348.988045215601	7.028506e-15
8352.33133244514	6.595845e-15
8355.674619674677	6.360248e-15
8359.017906904215	6.1765422e-15
8362.361194133753	6.0172505e-15
8365.704481363291	5.9682615e-15
8369.047768592829	5.951564e-15
8372.391055822367	5.994053e-15
8375.734343051905	6.0932835e-15
8379.077630281443	6.1920904e-15
8382.42091751098	6.3649465e-15
8385.764204740519	6.5020426e-15
8389.107491970057	6.6954596e-15
8392.450779199595	6.9903368e-15
8395.794066429133	7.330664e-15
8399.13735365867	7.648415e-15
8402.480640888209	7.957477e-15
8405.823928117747	8.385321e-15
8409.167215347285	8.823916e-15
8412.510502576823	9.290891e-15
8415.85378980636	9.833684e-15
8419.197077035898	1.03636954e-14
8422.540364265436	1.0928925e-14
8425.883651494974	1.1553531e-14
8429.226938724512	1.2155626e-14
8432.57022595405	1.2796409e-14
8435.913513183588	1.3415382e-14
8439.256800413126	1.41304535e-14
8442.600087642664	1.50242e-14
8445.943374872202	1.560516e-14
8449.28666210174	1.621286e-14
8452.629949331278	1.6886691e-14
8455.973236560816	1.7436739e-14
8459.316523790354	1.7801719e-14
8462.659811019892	1.8298051e-14
8466.00309824943	1.8643261e-14
8469.346385478968	1.887423e-14
8472.689672708506	1.902986e-14
8476.032959938044	1.9061963e-14
8479.376247167582	1.9102683e-14
8482.71953439712	1.905893e-14
8486.062821626658	1.9085851e-14
8489.406108856196	1.8985917e-14
8492.749396085734	1.8899194e-14
8496.092683315272	1.8837537e-14
8499.43597054481	1.86618e-14
8502.779257774348	1.8513545e-14
8506.122545003886	1.8320186e-14
8509.465832233423	1.8188508e-14
8512.809119462961	1.8081031e-14
8516.1524066925	1.8132785e-14
8519.495693922037	1.8164081e-14
8522.838981151575	1.8190027e-14
8526.182268381113	1.8302571e-14
8529.525555610651	1.843873e-14
8532.86884284019	1.8664232e-14
8536.212130069727	1.8919435e-14
8539.555417299265	1.9341264e-14
8542.898704528803	1.9784684e-14
8546.241991758341	2.0265453e-14
8549.585278987879	2.0988158e-14
8552.928566217417	2.171382e-14
8556.271853446955	2.2695441e-14
8559.615140676493	2.38729e-14
8562.958427906031	2.4900837e-14
8566.301715135569	2.616519e-14
8569.645002365107	2.739301e-14
8572.988289594645	2.8601162e-14
8576.331576824183	2.989563e-14
8579.67486405372	3.1116833e-14
8583.018151283259	3.2297105e-14
8586.361438512797	3.3452255e-14
8589.704725742335	3.45832e-14
8593.048012971873	3.5760582e-14
8596.39130020141	3.6698116e-14
8599.734587430949	3.7802738e-14
8603.077874660486	3.897944e-14
8606.421161890024	3.979797e-14
8609.764449119562	4.0760723e-14
8613.1077363491	4.1677948e-14
8616.451023578638	4.211666e-14
8619.794310808176	4.276689e-14
8623.137598037714	4.3570355e-14
8626.480885267252	4.411638e-14
8629.82417249679	4.4759887e-14
8633.167459726328	4.5239938e-14
8636.510746955866	4.579943e-14
8639.854034185404	4.6191146e-14
8643.197321414942	4.6349765e-14
8646.54060864448	4.6435576e-14
8649.883895874018	4.6796578e-14
8653.227183103556	4.689758e-14
8656.570470333094	4.6989624e-14
8659.913757562632	4.7138857e-14
8663.25704479217	4.724911e-14
8666.600332021708	4.7388935e-14
8669.943619251246	4.7275372e-14
8673.286906480784	4.756066e-14
8676.630193710322	4.7803927e-14
8679.97348093986	4.7753305e-14
8683.316768169398	4.7627456e-14
8686.660055398936	4.7395732e-14
8690.003342628474	4.714005e-14
8693.346629858012	4.721797e-14
8696.68991708755	4.6995746e-14
8700.033204317087	4.6708527e-14
8703.376491546625	4.655193e-14
8706.719778776163	4.6287718e-14
8710.063066005701	4.5880332e-14
8713.40635323524	4.5446204e-14
8716.749640464777	4.5297316e-14
8720.092927694315	4.498621e-14
8723.436214923853	4.4795375e-14
8726.779502153391	4.4283435e-14
8730.12278938293	4.38919e-14
8733.466076612467	4.3347992e-14
8736.809363842005	4.3094705e-14
8740.152651071543	4.25703e-14
8743.495938301081	4.2274527e-14
8746.839225530619	4.1805033e-14
8750.182512760157	4.133001e-14
8753.525799989695	4.0743484e-14
8756.869087219233	4.011431e-14
8760.21237444877	3.946537e-14
8763.555661678309	3.8944278e-14
8766.898948907847	3.8404464e-14
8770.242236137385	3.812003e-14
8773.585523366923	3.759094e-14
8776.92881059646	3.714385e-14
8780.272097825999	3.6790852e-14
8783.615385055537	3.6416203e-14
8786.958672285074	3.5887197e-14
8790.301959514612	3.5931534e-14
8793.64524674415	3.5444216e-14
8796.988533973688	3.461242e-14
8800.331821203226	3.411963e-14
8803.675108432764	3.368946e-14
8807.018395662302	3.2935755e-14
8810.36168289184	3.2353267e-14
8813.704970121378	3.1718287e-14
8817.048257350916	3.1139547e-14
8820.391544580454	3.054686e-14
8823.734831809992	2.9734085e-14
8827.07811903953	2.9281438e-14
8830.421406269068	2.8868357e-14
8833.764693498606	2.8541707e-14
8837.107980728144	2.850479e-14
8840.451267957682	2.827137e-14
8843.79455518722	2.8223431e-14
8847.137842416758	2.802153e-14
8850.481129646296	2.7852534e-14
8853.824416875834	2.78958e-14
8857.167704105372	2.7802923e-14
8860.51099133491	2.7868233e-14
8863.854278564448	2.7819848e-14
8867.197565793986	2.7797854e-14
8870.540853023524	2.7719468e-14
8873.884140253062	2.7644675e-14
8877.2274274826	2.7503519e-14
8880.570714712137	2.7484378e-14
8883.914001941675	2.7423883e-14
8887.257289171213	2.7448516e-14
8890.600576400751	2.7270712e-14
8893.94386363029	2.7213947e-14
8897.287150859827	2.7064492e-14
8900.630438089365	2.7075932e-14
8903.973725318903	2.7028691e-14
8907.317012548441	2.6854492e-14
8910.66029977798	2.6544393e-14
8914.003587007517	2.645304e-14
8917.346874237055	2.6399283e-14
8920.690161466593	2.6185488e-14
8924.033448696131	2.6303217e-14
8927.376735925669	2.621738e-14
8930.720023155207	2.6079738e-14
8934.063310384745	2.6130523e-14
8937.406597614283	2.629622e-14
8940.74988484382	2.613294e-14
8944.093172073359	2.5994455e-14
8947.436459302897	2.5630892e-14
8950.779746532435	2.527536e-14
8954.123033761973	2.4894983e-14
8957.46632099151	2.4549498e-14
8960.809608221049	2.4143036e-14
8964.152895450587	2.3662072e-14
8967.496182680125	2.3294477e-14
8970.839469909663	2.3107337e-14
8974.1827571392	2.3249777e-14
8977.526044368738	2.3088568e-14
8980.869331598276	2.2693324e-14
8984.212618827814	2.1793555e-14
8987.555906057352	2.0745231e-14
8990.89919328689	2.0673538e-14
8994.242480516428	2.1166066e-14
8997.585767745966	2.1491704e-14
9000.929054975504	2.1351395e-14
9004.272342205042	2.1252367e-14
9007.61562943458	2.1306331e-14
9010.958916664118	2.1339184e-14
9014.302203893656	2.1228204e-14
9017.645491123194	2.1510973e-14
9020.988778352732	2.1611083e-14
9024.33206558227	2.202408e-14
9027.675352811808	2.237393e-14
9031.018640041346	2.294562e-14
9034.361927270884	2.3413666e-14
9037.705214500422	2.3534646e-14
9041.04850172996	2.3468496e-14
9044.391788959498	2.3571802e-14
9047.735076189036	2.3772632e-14
9051.078363418574	2.3811194e-14
9054.421650648112	2.3790838e-14
9057.76493787765	2.3861033e-14
9061.108225107188	2.3602578e-14
9064.451512336726	2.3348694e-14
9067.794799566263	2.2883171e-14
9071.138086795801	2.2696388e-14
9074.48137402534	2.2801522e-14
9077.824661254877	2.2916886e-14
9081.167948484415	2.291974e-14
9084.511235713953	2.3005332e-14
9087.854522943491	2.2988716e-14
9091.19781017303	2.2982204e-14
9094.541097402567	2.2792708e-14
9097.884384632105	2.2619425e-14
9101.227671861643	2.2327084e-14
9104.57095909118	2.2216163e-14
9107.914246320717	2.2233692e-14
9111.257533550255	2.195812e-14
9114.600820779793	2.1482624e-14
9117.944108009331	2.1042155e-14
9121.287395238869	2.0810497e-14
9124.630682468407	2.063567e-14
9127.973969697945	2.0058569e-14
9131.317256927483	1.9541028e-14
9134.660544157021	1.9461925e-14
9138.003831386559	1.9701382e-14
9141.347118616097	2.0263119e-14
9144.690405845635	2.0716207e-14
9148.033693075173	2.0447031e-14
9151.37698030471	1.9789351e-14
9154.720267534249	1.9563388e-14
9158.063554763787	1.9858875e-14
9161.406841993325	2.0453613e-14
9164.750129222863	2.0712509e-14
9168.0934164524	2.064087e-14
9171.436703681939	2.028613e-14
9174.779990911476	2.0283807e-14
9178.123278141014	2.0744528e-14
9181.466565370552	2.1329762e-14
9184.80985260009	2.1652449e-14
9188.153139829628	2.206586e-14
9191.496427059166	2.2286204e-14
9194.839714288704	2.2504e-14
9198.183001518242	2.291785e-14
9201.52628874778	2.312217e-14
9204.869575977318	2.3282833e-14
9208.212863206856	2.3263889e-14
9211.556150436394	2.3197845e-14
9214.899437665932	2.3152804e-14
9218.24272489547	2.3466287e-14
9221.586012125008	2.3756164e-14
9224.929299354546	2.3923231e-14
9228.272586584084	2.394152e-14
9231.615873813622	2.3734009e-14
9234.95916104316	2.3610174e-14
9238.302448272698	2.3575582e-14
9241.645735502236	2.3671728e-14
9244.989022731774	2.3801943e-14
9248.332309961312	2.3873434e-14
9251.67559719085	2.391239e-14
9255.018884420388	2.373888e-14
9258.362171649926	2.3699094e-14
9261.705458879464	2.3656307e-14
9265.048746109002	2.3572292e-14
9268.39203333854	2.352751e-14
9271.735320568077	2.3259252e-14
9275.078607797615	2.2700783e-14
9278.421895027153	2.210849e-14
9281.765182256691	2.1623553e-14
9285.10846948623	2.1325738e-14
9288.451756715767	2.1047969e-14
9291.795043945305	2.0553729e-14
9295.138331174843	2.0090437e-14
9298.481618404381	1.949563e-14
9301.82490563392	1.8922741e-14
9305.168192863457	1.8467133e-14
9308.511480092995	1.79681e-14
9311.854767322533	1.711558e-14
9315.198054552071	1.6286174e-14
9318.541341781609	1.5828581e-14
9321.884629011147	1.5552338e-14
