0
1.95
2.456
4.246
7.936
9.426
11.436
11.556
11.846
12.136
15.156
16.196
16.895
17.095
17.545
20.676
21.896
23.466
23.556
26.676
27.366
27.436
27.526
27.766
30.566
31.196
31.876
31.976
32.146
32.296
34.736
35.876
41.046
41.436
43.706
43.946
44.526
47.376
48.536
50.596
50.686
51.349
54.844
58.836
59.369
60.542
65.712
66.472
66.494
66.602
70.447
73.152
73.233
74.291
79.039
80.729
80.745
82.755
82.926
83.906
87.336
88.646
91.586
91.686
95.526
97.756
97.836
98.846
103.046
103.646
103.776
104.396
107.256
108.396
109.796
109.936
110.106
111.216
114.556
115.266
115.326
115.896
118.796
119.336
119.946
119.986
120.576
123.286
123.776
123.846
125.646
127.836
128.506
128.526
128.836
131.076
