0
0.311
0.593
1.713
3.163
3.937
5.067
5.677
5.857
6.477
7.437
7.587
7.917
8.407
8.907
10.467
11.435
11.492
11.74
12.209
12.909
12.939
13.389
13.569
13.639
22.109
22.289
22.609
23.199
23.769
25.619
27.659
28.4
28.47
28.579
28.895
29.097
29.327
29.714
33.042
35.653
36.442
42.126
43.044
43.487
47.946
49.062
50.113
54.893
56.058
56.361
56.671
57.106
58.127
60.375
62.594
62.654
62.734
62.784
64.114
64.424
64.904
65.242
65.253
65.267
65.877
65.92
66.02
66.2
66.46
66.9
66.96
67.321
67.546
67.806
69.596
69.826
70.706
70.766
70.906
71.1
