0.6656999999999975
1.110199999999999
0.6848000000000027
0.6375999999999955
1.5309999999999988
0.12029999999999674
0.7095999999999982
0.3523999999999994
0.07039999999999935
0.5648000000000017
0.2112000000000016
0.6732999999999976
0.4224999999999959
0.12660000000000338
0.18540000000000134
0.13500000000000156
0.09969999999999857
0.15760000000000218
3.956699999999998
6.549900000000001
2.059000000000001
0.8018000000000001
0.05969999999999942
0.02289999999999992
0.15319999999999823
0.18740000000000023
0.12096199999999868
0.36631699999999867
0.5394979999999983
0.45234100000000055
0.11051199999999994
0.2839790000000022
0.45023800000000236
0.5358270000000012
0.2074499999999979
0.13358000000000203
0.18760400000000033
0.0956179999999982
0.1453579999999981
0.09039399999999986
0.1116330000000012
0.33393200000000434
0.2569930000000049
0.04178699999999935
0.14980400000000316
0.013733000000001994
0.5373000000000019
0.4175000000000004
0.24213800000000418
0.1631119999999946
0.36936599999999586
0.46555600000000297
0.4485720000000022
1.0618999999999978
2.018699999999999
0.9601540000000028
1.2710080000000055
2.584390000000006
0.48297200000000373
0.4795639999999999
1.5774000000000008
1.4517450000000025
