0.12239999999999895
0.5432999999999986
0.5669000000000004
0.11790000000000234
0.7554999999999978
0.775500000000001
0.8957999999999977
0.18619999999999948
0.1661999999999999
0.09580000000000055
0.4690000000000012
0.2577999999999996
0.415499999999998
0.006999999999997897
0.13360000000000127
0.05180000000000007
0.0832000000000015
0.18290000000000006
0.02529999999999788
3.9314
2.618500000000001
0.5594999999999999
0.24230000000000018
0.18260000000000076
0.15970000000000084
0.31289999999999907
0.12549999999999883
0.004538000000000153
0.3708549999999988
0.16864299999999943
0.2836980000000011
0.17318600000000117
0.11079300000000103
0.33944500000000133
0.19638199999999983
0.01106799999999808
0.1446480000000001
0.042956000000000216
0.13857399999999842
0.006783999999999679
0.08361000000000018
0.02802300000000102
0.3059090000000033
0.048915999999998405
0.007128999999999053
0.1569330000000022
0.14320000000000022
0.39410000000000167
0.023399999999998755
0.26553800000000294
0.42864999999999753
0.05928400000000167
0.4062720000000013
0.04230000000000089
1.1041999999999987
0.9145000000000003
0.045654000000002526
1.225354000000003
1.3590360000000032
0.8760639999999995
0.39649999999999963
1.1809000000000012
0.27084500000000133
