19.0046
19.127
18.5837
19.1506
19.0327
18.2772
19.0527
19.9485
20.1347
19.9685
19.8727
20.3417
20.5995
20.184
20.191
20.3246
20.2728
20.356
20.5389
20.5642
16.6328
19.2513
19.8108
19.5685
19.3859
19.2262
18.9133
18.7878
18.783262
18.412407
18.58105
18.297352
18.124166
18.234959
17.895514
18.091896
18.080828
17.93618
17.979136
18.11771
18.110926
18.194536
18.166513
18.472422
18.521338
18.528467
18.6854
18.8286
18.4345
18.4579
18.723438
19.152088
19.211372
18.8051
18.8474
19.9516
19.0371
19.082754
17.8574
19.216436
20.0925
20.489
19.3081
19.578945
