# UNNS Normalized Spectral Ladder

# index coord spectral
0 0.000000000000 0.415978184589
1 0.017572706188 0.389348095875
2 0.017983763241 0.337924770720
3 0.018497582108 0.303030269859
4 0.018908644062 0.269972621269
5 0.019422462929 0.236914753744
6 0.019936286696 0.242424434821
7 0.064330487676 0.211202981700
8 0.065358135210 0.161616070948
9 0.068954881978 0.078971511604
10 0.071729524439 0.036730915263
11 0.074709690527 0.018365457631
12 0.077792623329 0.000000000000
13 0.081183846470 0.089990873757
14 0.111293807491 0.185491428589
15 0.120748119721 0.277318716747
16 0.126502928271 0.299357222119
17 0.131641146340 0.323232360826
18 0.153632713403 0.519742932635
19 0.157846050651 0.495867793927
20 0.158976464899 0.563819943378
21 0.163189802147 0.415059648987
22 0.163395335574 0.365472957168
23 0.165245097215 0.282828397826
24 0.182715026889 0.279155350086
25 0.183639907710 0.328742041905
26 0.207275722588 0.332415089643
27 0.208611650661 0.405876920170
28 0.210666945729 0.393021143615
29 0.222895890621 0.576675938868
30 0.234713807860 0.442607835435
31 0.236974616754 0.440771421031
32 0.240468606609 0.161616289881
33 0.241701767969 0.113866231398
34 0.243962596464 0.128558422356
35 0.256294308069 0.235078120408
36 0.267392858314 0.347107499536
37 0.271503448450 0.415059867920
38 0.274791904878 0.527089247048
39 0.278799708700 0.736455595410
40 0.280341170200 0.898071666357
41 0.280546703627 1.000000000000
42 0.280649470341 0.976124861292
43 0.290925906479 0.992653904520
44 0.294419896334 0.784205872826
45 0.296372424688 0.776859667880
46 0.297708352762 0.723599709388
47 0.298633233582 0.938475738826
48 0.309629017114 0.947658577108
49 0.313123006969 0.775023144009
50 0.313431287508 0.563820162311
51 0.313739607249 0.345270866200
52 0.316925277363 0.556473847900
53 0.321755214893 0.752984419706
54 0.322269028859 0.964187401405
55 0.322782842826 0.978879811296
56 0.325043671321 0.778696191749
57 0.328640408288 0.787878920566
58 0.328845941715 0.752984419706
59 0.332648251311 0.846648341202
60 0.335320107459 0.595041396499
61 0.337580935953 0.584022253279
62 0.340150044988 0.688705317994
63 0.344774449090 0.923783438402
64 0.348782252912 0.730945914335
65 0.349398813991 0.730945914335
66 0.351351361946 0.539945023603
67 0.352687270419 0.727272866593
68 0.352892803846 0.734619181006
69 0.353612151240 0.743801909823
70 0.355256379454 0.773186729607
71 0.358853155623 0.578512572202
72 0.359264222477 0.760330734118
73 0.365224535052 0.702479411218
74 0.369026805447 0.695133315740
75 0.369232338874 0.676767858107
76 0.369540658615 0.714417090038
77 0.373137395582 0.883379475397
78 0.373342929009 0.866850432169
79 0.373959529290 0.841138660125
80 0.376117571471 0.859504117756
81 0.378378360764 0.841138660125
82 0.378481147078 0.887052523137
83 0.379200494472 0.817263740350
84 0.383413831720 0.853994655613
85 0.386496754722 0.642791673915
86 0.390401811430 0.517906518232
87 0.391018411711 0.499541060600
88 0.391121158824 0.646464721655
89 0.395951096353 0.762167148523
90 0.400780994681 0.611570439729
91 0.402836289749 0.490358331785
92 0.403144570289 0.419651232328
93 0.403966703996 0.414141551252
94 0.407049626998 0.555555750163
95 0.408693855212 0.517906518232
96 0.409002174953 0.541781656940
97 0.412804445347 0.523416199308
98 0.413729326168 0.631772530696
99 0.418764757923 0.607897391989
100 0.423491948339 0.528007563716
101 0.424005762306 0.621671485212
102 0.427602499274 0.619834851875
103 0.428630166408 0.736455595410
104 0.429555047229 0.661157131546
105 0.431815836522 0.661157131546
106 0.432740717343 0.503214108340
107 0.435618146118 0.486685065111
108 0.437159588018 0.499540841667
109 0.444969701436 0.569329624454
110 0.445175195661 0.488521698449
111 0.445277981975 0.571166476726
112 0.448258157864 0.569329843389
113 0.451957641944 0.587695301021
114 0.452985309079 0.598714444239
115 0.455348884686 0.668503227026
116 0.461309236463 0.712580237769
117 0.461617517003 0.686868684657
118 0.462336864396 0.688705317994
119 0.463158958903 0.675849541439
120 0.470969072320 0.578512572204
121 0.471277352860 0.556474066833
122 0.472818833961 0.527089247048
123 0.475901756962 0.550964385756
124 0.478162585457 0.453627307054
125 0.478676399424 0.435261849420
126 0.480115094211 0.582185510475
127 0.481964855852 0.699724461212
128 0.482889736672 0.664830106308
129 0.486178193100 0.633608872122
130 0.493268919923 0.554637360518
131 0.493577239664 0.646464721655
132 0.496043562385 0.547291119081
133 0.500154152520 0.504132315540
134 0.501079033341 0.399449031892
135 0.502106661274 0.610652013592
136 0.503853675802 0.707070775625
137 0.505395117702 0.745638324226
138 0.505806184556 0.539944914136
139 0.506731065376 0.640954931112
140 0.506936598803 0.576675829399
141 0.507553199084 0.532598709190
142 0.510533335771 0.330578456307
143 0.515568806727 0.481175384036
144 0.517007501514 0.560146895640
145 0.518035129448 0.561983528976
146 0.518548982616 0.479338750699
147 0.519165543695 0.558310481236
148 0.523173347517 0.747474957565
149 0.530572394080 0.672176712634
150 0.530675180395 0.549127971354
151 0.531805555441 0.393021362550
152 0.535505078722 0.443220192504
153 0.537560373790 0.472604793353
154 0.539307349117 0.443219973569
155 0.540848830218 0.536271756930
156 0.543109658713 0.549127752420
157 0.544137286646 0.725436452192
158 0.545884301175 0.629935897360
159 0.546706395681 0.567493210051
160 0.549481038142 0.359963276091
161 0.550303171850 0.341597818458
162 0.550508666076 0.339761185121
163 0.552255680604 0.354453595014
164 0.552461214031 0.407713553507
165 0.552872280885 0.494031379524
166 0.558113246066 0.488521698447
167 0.560887888528 0.416896282323
168 0.561504488809 0.536271975863
169 0.562223836202 0.600551077574
170 0.563868064416 0.601469394242
171 0.566334387136 0.379247050391
172 0.566950987417 0.364554640499
173 0.570444977272 0.365472957168
174 0.573630647386 0.382001781462
175 0.575480409027 0.321395727490
176 0.581235227377 0.479338750698
177 0.581749041343 0.534435342526
178 0.582776708478 0.721763185519
179 0.584523683805 0.620753168543
180 0.584831964345 0.510560203819
181 0.587914926547 0.361799909428
182 0.588737021053 0.339761239856
183 0.588942554480 0.407713608241
184 0.589456368447 0.385675102870
185 0.590175715840 0.326905627501
186 0.590895063234 0.323232579761
187 0.590997849548 0.348944132871
188 0.591717196942 0.433425325551
189 0.592025477481 0.503214108338
190 0.593258638842 0.416896501256
191 0.596752628697 0.225895610524
192 0.597574762404 0.203856886220
193 0.598088576371 0.235078120408
194 0.598191362685 0.398530824692
195 0.599218990618 0.350780766209
196 0.603740608406 0.422406182333
197 0.604768275541 0.486685284044
198 0.606720784295 0.449954149846
199 0.607234598261 0.421181541174
200 0.609495426756 0.344046443974
201 0.610728588116 0.349556125050
202 0.613503230578 0.372819052646
203 0.614119830859 0.374655795450
204 0.618744234961 0.385675157603
205 0.619771862894 0.352617290078
206 0.620799490827 0.350780547274
207 0.622649252468 0.382001781462
208 0.623060319322 0.376492100388
209 0.623368599862 0.396694191357
210 0.623471386176 0.363636323833
211 0.629637232178 0.372819162115
212 0.630048299032 0.387511572006
213 0.632309127527 0.398530934158
214 0.633028474921 0.337924770720
215 0.634056102854 0.301193855455
216 0.635905864495 0.299357222119
217 0.638063906675 0.363636323829
218 0.639502601463 0.365702426867
219 0.640324735170 0.345500554832
220 0.640941296250 0.310606272904
221 0.643099338430 0.306703536530
222 0.643407697373 0.317722679750
223 0.645257459014 0.301193636522
224 0.647312714880 0.179981528579
225 0.648134848588 0.189164257394
226 0.650292890769 0.203856667285
227 0.650703957622 0.409549967908
228 0.654403480904 0.387511462537
229 0.655842175691 0.391184510277
230 0.656047669917 0.236914534810
231 0.656150456231 0.303030269859
232 0.656767017310 0.251606944703
233 0.660055473738 0.279155131151
234 0.660569326907 0.252065993570
235 0.660877607446 0.360422324958
236 0.661494168526 0.443067103235
237 0.664782624954 0.315886265348
238 0.664885411268 0.312213217608
239 0.666426892369 0.236914753744
240 0.667043453448 0.376492319319
241 0.667968373470 0.328742041903
242 0.669920843023 0.358126642754
243 0.674545286327 0.304866684262
244 0.675983981114 0.301193636522
245 0.676086767428 0.255279992441
246 0.676600542193 0.271809035671
247 0.684924430376 0.323232360826
248 0.688212965207 0.370982638244
249 0.689343301051 0.378328733722
250 0.690371007387 0.341597818460
251 0.690576501613 0.337924770720
252 0.691193062692 0.325068994165
253 0.691501421635 0.291223998067
254 0.691706915860 0.326118279993
255 0.692015196400 0.280204635914
256 0.692837330108 0.328742041903
257 0.692940116422 0.336088356316
258 0.693042824333 0.429752277811
259 0.693145610647 0.415978184587
260 0.693248396962 0.340679720723
261 0.694995372288 0.285583347828
262 0.695611933368 0.244261068156
263 0.695817505996 0.253443796972
264 0.698078334491 0.290174712237
265 0.701366790919 0.313131534277
266 0.701572285144 0.360881811693
267 0.701777857773 0.360881811693
268 0.701880565684 0.345271085133
269 0.701983351998 0.295684174380
270 0.704860741572 0.249770530301
271 0.706093942134 0.277318716749
272 0.706196728448 0.321395946425
273 0.707121570067 0.385675048135
274 0.707532636921 0.411386820180
275 0.710204532270 0.372819271581
276 0.710512812809 0.310376584273
277 0.710615520721 0.242424215890
278 0.710821093349 0.269972402336
279 0.711026587575 0.286501445564
280 0.712157001822 0.319559313086
281 0.712259788136 0.330578675240
282 0.712465282362 0.315886265348
283 0.712670854990 0.297520807717
284 0.715753738790 0.273645669009
285 0.716164805644 0.282828397824
286 0.717192511980 0.249770530299
287 0.717706286745 0.251607163636
288 0.718220139913 0.262626306856
289 0.720686462633 0.332415089645
290 0.721405810027 0.359963276093
291 0.722536224274 0.376492319321
292 0.723358357982 0.374655904917
293 0.723563852207 0.385675048135
294 0.724591480141 0.341597818460
295 0.725208119623 0.304866684262
296 0.729421417670 0.284664812227
297 0.730551831917 0.321395727490
298 0.730757404546 0.317722679750
299 0.731990526704 0.303030269859
300 0.732298807244 0.317722789218
301 0.732504379873 0.350780656743
302 0.732607166187 0.380165476527
303 0.732812660412 0.385675048137
304 0.733120940952 0.409550186845
305 0.733326513580 0.370982638244
306 0.733532007806 0.367309590504
307 0.734045860974 0.343434451796
308 0.734867916279 0.341597818460
309 0.736512183694 0.303030269859
310 0.736614970008 0.269972402334
311 0.736820464234 0.269972402334
312 0.736923250548 0.269972402334
313 0.737026036862 0.284664812227
314 0.738978506414 0.284664812227
315 0.742678029696 0.295684174380
316 0.743089096550 0.315886265348
317 0.744219510798 0.350780766209
318 0.744322297112 0.374655904917
319 0.744425005023 0.374655904917
320 0.744527791337 0.339761404056
321 0.745041644505 0.290174493304
322 0.745658205585 0.257116625779
323 0.745760991899 0.260789673519
324 0.747507967226 0.280991764487
325 0.748638381473 0.236914534811
326 0.748946662013 0.229568439331
327 0.750179862574 0.220385710515
328 0.751721265273 0.263544623523
329 0.753365532688 0.263544623523
330 0.754907013789 0.263544623523
331 0.756962269656 0.258953259114
332 0.757784403364 0.277318716747
333 0.758503750757 0.277318716747
334 0.758709244983 0.262626306856
335 0.760353512398 0.310376584272
336 0.761175646106 0.332415089643
337 0.761381140331 0.337924770720
338 0.762408768265 0.269972402334
339 0.762922621433 0.271809035671
340 0.763128115658 0.290786631436
341 0.763641968826 0.318334817884
342 0.764155821994 0.310988503473
343 0.765286236242 0.297520588784
344 0.768369120041 0.284664812229
345 0.768780186895 0.299357222120
346 0.768882973209 0.287419543299
347 0.769191253749 0.291092591039
348 0.775459886065 0.239669265883
349 0.777309647706 0.269972402336
350 0.778542769865 0.295684174380
351 0.778953836719 0.345270975667
352 0.781728518382 0.323232470296
353 0.783269999483 0.273645778476
354 0.783886560563 0.231405291603
355 0.784194841102 0.249770749234
356 0.784811402181 0.235078339341
357 0.786866736451 0.257116844712
358 0.787997150698 0.265381256861
359 0.789024778631 0.278237033417
360 0.789333059171 0.314967948682
361 0.789744126025 0.315886265350
362 0.795293410948 0.400367458029
363 0.795396118859 0.402204091364
364 0.795498905173 0.402204091364
365 0.795601691488 0.315886265349
366 0.799814989535 0.238751168148
367 0.801253762725 0.181818161916
368 0.801459256950 0.264462940192
369 0.802075818029 0.284665031162
370 0.803822871759 0.288338078902
371 0.804747713378 0.178145114177
372 0.805158780232 0.174472066437
373 0.809063797739 0.194674157405
374 0.810194211987 0.220385929450
375 0.810296998301 0.202020471818
376 0.813482668415 0.194674157405
377 0.814818655291 0.192837524069
378 0.815024149516 0.205693300623
379 0.831260937431 0.205693300623
380 0.835782516018 0.200183619547
381 0.836296369186 0.196510571807
382 0.839687611928 0.253443578039
383 0.840715239861 0.310376584272
384 0.841023520401 0.310376584272
385 0.841640081480 0.251607163636
386 0.841742867794 0.178145333108
387 0.846470019009 0.176308699772
388 0.849141914358 0.185491428589
389 0.852019303932 0.266299573529
390 0.853869065573 0.262626525789
391 0.858699003103 0.247934115896
392 0.861781965305 0.176308699770
393 0.862604020610 0.227732024926
394 0.886342641403 0.238751168146
395 0.908847983231 0.268135987931
396 0.917069163503 0.191000890730
397 0.937005474699 0.187327842990
398 0.946151496590 0.119375474607
399 0.948617819310 0.115702426868
400 0.952522836817 0.080808144942
401 0.957661054886 0.191001109667
402 0.961977217651 0.183655014187
403 0.964032473517 0.284665031162
404 0.966087729383 0.288338078902
405 0.967629210485 0.295684174382
406 0.968245849967 0.297520807719
407 0.970198319519 0.299357222120
408 0.972459148014 0.405876920170
409 0.973281281722 0.314049413077
410 0.973795056487 0.314049413077
411 0.973897842801 0.315886046413
412 0.974617190195 0.411386601245
413 0.975336537588 0.413223234582
414 0.975850390756 0.415059867918
415 0.978213927162 0.416896501255
416 0.978419499791 0.418733134591
417 0.980371969343 0.418733134591
418 0.980885822511 0.418733134591
419 0.980988608825 0.420569548995
420 0.983043864692 0.314049632010
421 0.984482559479 0.315886046413
422 0.984790840018 0.315886046413
423 0.984893626333 0.304866903195
424 0.986126826894 0.306703536532
425 0.986948960602 0.308540169868
426 0.988182082761 0.429752277811
427 0.988387655389 0.429752277811
428 0.988490363300 0.431588692215
429 0.990340124941 0.433425106618
430 0.991059472335 0.435261521022
431 0.991778819728 0.435261521022
432 0.992806526065 0.437098154358
433 0.993217514515 0.312212998675
434 0.993320300830 0.314049632012
435 0.993936940312 0.187327842992
436 0.994758995617 0.314049632012
437 0.994861781931 0.187327842992
438 0.995786623550 0.187327842992
439 0.996814329886 0.187327842992
440 0.997430890966 0.187327842992
441 0.997533677280 0.315886265348
442 0.997944744134 0.317722898685
443 0.998253024673 0.316804582016
444 0.998972372067 0.188246159660
445 0.999383438921 0.059687737304
446 0.999691719460 0.058769420636
447 0.999794505775 0.058769420636
448 0.999897213686 0.056932787299
449 1.000000000000 0.057851103968
