# UNNS Normalized Spectral Ladder

# index coord spectral
0 0.000000000000 0.001903236541
1 0.000135321650 0.354942313451
2 0.000148853817 0.354466497226
3 0.000162385985 0.650886109170
4 0.000189450320 0.343047418300
5 0.000243578965 0.366837095164
6 0.000257111132 0.095634552040
7 0.000270643325 0.075413326706
8 0.000284175467 0.123706433130
9 0.000311239802 0.129415944234
10 0.000351836280 0.488878256585
11 0.000365368472 0.445818901758
12 0.000405964950 0.481027657548
13 0.000433029285 0.394433188389
14 0.000514222290 0.452242165559
15 0.000649543914 0.608302627286
16 0.000663076107 0.533127180334
17 0.000690140442 0.690852913770
18 0.001109637509 0.741762810915
19 0.001123169701 1.000000000000
20 0.001163766179 0.875206003133
21 0.001190830564 0.955139385458
22 0.001461473813 0.772077643326
23 0.001596795438 0.856429132805
24 0.001732117164 0.504341631625
25 0.001867438889 0.413940802823
26 0.002002760413 0.459617005090
27 0.002138082138 0.539312479303
28 0.002544047113 0.583561308520
29 0.003085333612 0.538043711662
30 0.003220655337 0.750247850492
31 0.003355976861 0.781174411508
32 0.003491298788 0.752468165504
33 0.003626620312 0.651599833507
34 0.003761941836 0.466991816261
35 0.003897263763 0.498870000274
36 0.004032585287 0.386820525824
37 0.004167906810 0.402997540122
38 0.004303228738 0.421553522108
39 0.004438550261 0.579517135297
40 0.004573871785 0.480551954762
41 0.004709193712 0.562864361492
42 0.004844515236 0.527417683410
43 0.005250480211 0.532889314761
44 0.005791766710 0.487212999057
45 0.005927088233 0.608302627287
46 0.006062410160 0.748899751787
47 0.006197731684 0.636612397583
48 0.006333053208 0.571428561975
49 0.006468375135 0.635747256549
50 0.006603696659 0.764687441277
51 0.006739018183 0.721628076996
52 0.006874339707 0.588160657391
53 0.007009661231 0.577217394689
54 0.007280305085 0.355973201339
55 0.007415626609 0.341382174951
56 0.007550948132 0.274929628422
57 0.007821591180 0.364752741149
58 0.007956913511 0.479656971152
59 0.008092235034 0.387035742259
60 0.008227556558 0.322667634823
61 0.008362878082 0.129257386091
62 0.009039486508 0.062519330921
63 0.009174808032 0.044042642186
64 0.009310129555 0.046421628779
65 0.009445451079 0.003885643440
66 0.009580773410 0.311169281553
67 0.009716094933 0.593553004943
68 0.009986737981 0.865231364292
69 0.010122059505 0.775306294996
70 0.010528024883 0.739859716172
71 0.010663346407 0.689901338039
72 0.010933989454 0.571904416012
73 0.011204632502 0.413702852172
74 0.011339954832 0.305539049520
75 0.011610597880 0.261290182490
76 0.011745919404 0.398080980435
77 0.011881240928 0.353277041742
78 0.012016562452 0.323777853775
79 0.012287206306 0.094920912781
80 0.012422527830 0.277387898812
81 0.012557849354 0.326394663402
82 0.012828492401 0.319257760343
83 0.012963814732 0.315927216925
84 0.013099136255 0.456920817134
85 0.013234457779 0.610715560239
86 0.013369779303 0.583753869741
87 0.013505100827 0.598107002196
88 0.013640422351 0.558740701228
89 0.013775743875 0.674675885292
90 0.013890767008 0.783394830506
91 0.013911065398 0.951588067137
92 0.014181708446 0.888783240810
93 0.014587674631 0.797747971468
94 0.014722996154 0.711153417231
95 0.014858317678 0.528924316624
96 0.015128960726 0.454621161605
97 0.015264282250 0.434320605207
98 0.015399603774 0.433606909229
99 0.015534925297 0.389120171900
100 0.015670246821 0.397525899319
101 0.015805568345 0.459854932109
102 0.015940891482 0.486816603700
103 0.016076213006 0.563657327088
104 0.016211534530 0.648269342082
105 0.016482177577 0.631061439895
106 0.016617499101 0.691487278684
107 0.016752820625 0.595456184764
108 0.016888142149 0.664208424635
109 0.017023463673 0.672693426399
110 0.017158785196 0.861345768118
111 0.017294106720 0.876571149967
112 0.017429428244 0.731295364439
113 0.017564749768 0.547400986452
114 0.017700072905 0.553586313781
115 0.017970715953 0.569525391608
116 0.018106037476 0.665397885791
117 0.018241359000 0.679909571662
118 0.018376680524 0.713215175991
119 0.018512002048 0.661591492118
120 0.018647323572 0.652789317350
121 0.018782645096 0.487450892989
122 0.018917966619 0.399666911627
123 0.019053288143 0.390151040881
124 0.019188609667 0.491685487233
125 0.019323932804 0.537123809747
126 0.019459254328 0.524753211809
127 0.019594575852 0.483644618426
128 0.019729897376 0.651362038832
129 0.019865218899 0.665635844951
130 0.020135861947 0.683716010711
131 0.020406504995 0.585702405906
132 0.020677148042 0.791721189048
133 0.020812469566 0.915903381684
134 0.020947791090 0.968716543729
135 0.021353757275 0.779112682998
136 0.021624400322 0.812894103551
137 0.021759721846 0.592363549460
138 0.021895043370 0.484120406291
139 0.022030364894 0.466516056756
140 0.022165686418 0.661829542028
141 0.022436329465 0.589033062762
142 0.022571650989 0.469370840667
143 0.022706974126 0.282383742297
144 0.022842295650 0.457000129292
145 0.022977617174 0.332817879936
146 0.023112938697 0.520756497318
147 0.023654224793 0.419650257208
148 0.023789546317 0.546687233755
149 0.023924867840 0.578565502847
150 0.024060189364 0.496015244723
151 0.024330832412 0.619483826459
152 0.024736798597 0.346853834661
153 0.024872120120 0.301891300013
154 0.025007441644 0.170096331374
155 0.025142763168 0.189128072865
156 0.025413406216 0.442012542117
157 0.025548727740 0.287379529064
158 0.025684049263 0.408072629593
159 0.025819370787 0.475159597756
160 0.026225336972 0.670642952572
161 0.026360658496 0.584682848327
162 0.026495980019 0.511410552836
163 0.026766623067 0.414257938015
164 0.026901944591 0.402838859089
165 0.027037266115 0.412116850081
166 0.027307909162 0.610205722029
167 0.027443230686 0.609016238186
168 0.027578552210 0.482930865729
169 0.027849195258 0.302367087879
170 0.027984516782 0.328773640541
171 0.028255159829 0.383252045935
172 0.028525802877 0.278815234048
173 0.028661127627 0.461044368686
174 0.029067092198 0.484992669865
175 0.029202413722 0.706236919934
176 0.029337735246 0.619166606190
177 0.029743699818 0.681099134912
178 0.030014342865 0.730105908955
179 0.030149664389 0.718211070523
180 0.030284985913 0.702747808921
181 0.030420307437 0.597121541551
182 0.030690950484 0.760080969867
183 0.030826272008 0.720590038210
184 0.031232236580 0.553110554275
185 0.031367558104 0.584275070670
186 0.031773522675 0.553824250253
187 0.031908844199 0.872130444317
188 0.032044168949 0.810634075741
189 0.032314811997 0.786368554293
190 0.032450133520 0.719281586131
191 0.032585455044 0.512905926640
192 0.033126741140 0.492446821553
193 0.033262062663 0.507989433125
194 0.033397384187 0.688315331222
195 0.033668027235 0.754807514924
196 0.033803348759 0.719757288917
197 0.033938670283 0.715713077882
198 0.034073991806 0.792752058030
199 0.034209313330 0.830339819319
200 0.034344634854 0.667856150510
201 0.034615277902 0.413369804448
202 0.034750599425 0.423837269830
203 0.034885920949 0.614630671123
204 0.035021242473 0.736846289040
205 0.035156563997 0.597676594308
206 0.035291885521 0.586495451854
207 0.035427210271 0.487213098315
208 0.035562531795 0.530272424782
209 0.035833174842 0.239800146976
210 0.035968496366 0.247888625766
211 0.036103817890 0.193172312260
212 0.036239139414 0.454859041358
213 0.036374460938 0.634709179949
214 0.036509782462 0.753657706066
215 0.036780425509 0.591292991313
216 0.036915747033 0.457832779325
217 0.037051068557 0.458784355056
218 0.037186390081 0.501724755826
219 0.037457033128 0.506006903334
220 0.037727676176 0.495301520386
221 0.037862997700 0.424884008806
222 0.037998319224 0.427342269743
223 0.038133640747 0.401411504946
224 0.038268962271 0.501328261212
225 0.038404283795 0.409658626957
226 0.038810251593 0.268109907820
227 0.038945573117 0.173188995038
228 0.039080894641 0.202688239725
229 0.039486859212 0.141072921819
230 0.039757502260 0.181277521094
231 0.039892823784 0.131794959186
232 0.040028145307 0.124895945333
233 0.040434109879 0.030212940664
234 0.040569431403 0.125847521063
235 0.040704752926 0.125609612951
236 0.040975395974 0.128940156368
237 0.041110717498 0.031878184013
238 0.041381360546 0.104674663279
239 0.041516682069 0.114190534025
240 0.041652003593 0.109670478405
241 0.041787325117 0.039252966825
242 0.042193292915 0.120137981601
243 0.042328614439 0.138456027114
244 0.042463935963 0.280718442229
245 0.042734579010 0.362079216510
246 0.043005222058 0.664684212501
247 0.043411186629 0.522421797386
248 0.044764401868 0.366361335658
249 0.045441009487 0.104198847055
250 0.045576334237 0.379683566045
251 0.045711655761 0.421553465389
252 0.045846977285 0.414416562329
253 0.046523584904 0.322826221325
254 0.046658906427 0.338051631534
255 0.046929549475 0.367075059996
256 0.047064870999 0.521470193296
257 0.047876800142 0.486261409146
258 0.048147443190 0.559057888413
259 0.048282764713 0.462471789002
260 0.049094697083 0.420601946378
261 0.049230018606 0.322112582067
262 0.049500661654 0.298322848484
263 0.050177269273 0.377304655078
264 0.051395162988 0.393957485602
265 0.051530484512 0.233376996614
266 0.051665806035 0.209111503525
267 0.052071770607 0.317116738581
268 0.052207092131 0.535744027773
269 0.052613059928 0.546687290475
270 0.052748381452 0.495777279892
271 0.053289667548 0.259307733052
272 0.053424989071 0.195789216418
273 0.053966275167 0.110146322989
274 0.054236918214 0.356607613519
275 0.054913529060 0.592839365685
276 0.055048847357 0.590460397999
277 0.055184172107 0.383014222901
278 0.055319490405 0.178422774995
279 0.055454815155 0.208873595412
280 0.055725458203 0.146544562622
281 0.056808030393 0.144165594936
282 0.056943348691 0.076127051043
283 0.057078673441 0.154157281907
284 0.058431888679 0.391578517915
285 0.059379142572 0.729392269696
286 0.059920428668 0.878315714927
287 0.060732357811 0.946830018326
288 0.061273643906 0.828357280074
289 0.061814930001 0.616153226323
290 0.061950254751 0.614725834368
291 0.062762183894 0.651837798339
292 0.063980074383 0.615201650593
293 0.064250723883 0.333055788049
294 0.064792009978 0.077078626773
295 0.064927328276 0.147020322128
296 0.065062653026 0.389199436791
297 0.065874582169 0.439157758205
298 0.066145225216 0.393005739714
299 0.066280543514 0.319733500942
300 0.066415868264 0.304983935318
301 0.066551186562 0.573331751249
302 0.067363115704 0.396098502636
303 0.067498440455 0.384441543957
304 0.068310369598 0.348756971943
305 0.068851655693 0.308076598982
306 0.069257623491 0.285952137108
307 0.069392941788 0.312596597883
308 0.069528266538 0.500059455759
309 0.070340195681 0.477697170850
310 0.070610838729 0.460568580820
311 0.071016806527 0.340192691107
312 0.071422767872 0.398556758847
313 0.072775983110 0.391419912508
314 0.073181950908 0.311010713957
315 0.073587912253 0.287379585783
316 0.073993880051 0.021886497043
317 0.077241596623 0.059236312407
318 0.077647564421 0.129178064481
319 0.078053532218 0.131557032167
320 0.078324175266 0.205542995277
321 0.079271422706 0.197930275992
322 0.079677390504 0.265493060380
323 0.080218676600 0.165100544608
324 0.080353994897 0.090400885520
325 0.081030605743 0.023789733583
326 0.081301248790 0.000000000000
327 0.081571891838 0.148447714084
328 0.083737036219 0.333531547555
329 0.084278322314 0.383014166182
330 0.084413647065 0.317830406199
331 0.085496219255 0.420601889658
332 0.086443473148 0.523849189342
333 0.087120077541 0.482455106223
334 0.089149903625 0.441061079824
335 0.090232475815 0.324015733528
336 0.091315054459 0.282383742297
337 0.094562771030 0.339478966770
338 0.097539844555 0.480313989930
339 0.097810487602 0.701320303528
340 0.098351780150 0.693231824738
341 0.099434352341 0.625669097069
342 0.100110956734 0.692280249006
343 0.100652242829 0.421077705883
344 0.101464178425 0.351611770034
345 0.102411425865 0.077078626774
346 0.103493998056 0.040442479028
347 0.103764641103 0.295468064572
348 0.104305927199 0.294040729335
349 0.104441251949 0.561436912817
350 0.105388505842 0.362079216509
351 0.107959611568 0.478648746580
352 0.108094936318 0.331152636587
353 0.113237160676 0.222671585306
354 0.114319732867 0.180325869738
355 0.114590369462 0.184132229380
356 0.115672954558 0.240751751066
357 0.117432124689 0.274771051372
358 0.118514709785 0.184370165852
359 0.122303712452 0.318544045458
360 0.123115635142 0.203163970871
361 0.123521609392 0.398239548031
362 0.123656921237 0.427262976492
363 0.123927570738 0.664208452995
364 0.124062895488 0.467229724374
365 0.126634001214 0.343999107469
366 0.127175287309 0.291185945424
367 0.129340431691 0.295468064573
368 0.129746405941 0.248840229857
369 0.131234939477 0.101344063144
370 0.131505576072 0.092779824848
371 0.132994122513 0.085642921788
372 0.133264759108 0.314499862782
373 0.134347331299 0.572380232238
374 0.134617980799 0.826930001557
375 0.134888617394 0.707743595688
376 0.135159266894 0.612584718075
377 0.135565228239 0.632568092016
378 0.136106514335 0.663970516523
379 0.140707452597 0.490305761979
380 0.141384063443 0.348281254976
381 0.141654700038 0.316165162850
382 0.142466635633 0.479838287143
383 0.145579040360 0.302129208125
384 0.148420782682 0.341144266838
385 0.148556107432 0.405852210596
386 0.148962081682 0.535743971054
387 0.149774004373 0.477221354625
388 0.150044653873 0.236469631918
389 0.155457514826 0.222195825800
390 0.156810736517 0.204591419546
391 0.157622659207 0.582371805770
392 0.159652491744 0.664208396276
393 0.160735063934 0.737480691767
394 0.161817636125 0.578089714982
395 0.172914007531 0.680385382216
396 0.174131904472 0.512430082056
397 0.189423252796 0.356369648688
398 0.189964538891 0.258831916827
399 0.196865946285 0.431069336134
400 0.198219155071 0.385868950093
401 0.199437052012 0.420126130152
402 0.200248987607 0.252170886711
403 0.203632028929 0.379207863259
404 0.204443951620 0.178898591221
405 0.208232954287 0.159866793010
406 0.212969217300 0.198406092217
407 0.217164181312 0.206018754782
408 0.217840805063 0.402045907673
409 0.223388990766 0.286427953332
410 0.244363836638 0.297847032259
411 0.246123032579 0.301653391900
412 0.248288176960 0.278815290768
413 0.260467120557 0.397763788525
414 0.263985486629 0.401094331942
415 0.269939620773 0.599024693013
416 0.272104790964 0.709884711980
417 0.274405260096 0.739383899948
418 0.280359394239 0.546687290474
419 0.312971910518 0.326870460720
420 0.343013333976 0.306411327273
421 0.354921628072 0.326870460720
422 0.454518347040 0.347329594167
423 0.467779914449 0.209825171143
424 0.599447876506 0.226002185442
425 0.614874536674 0.190793429653
426 0.620152072877 0.174140599129
427 0.630977794783 0.206970387233
428 0.713118033951 0.291185888706
429 0.729356642621 0.315927198019
430 0.746407148170 0.340668450614
431 0.804730799145 0.365409759927
432 0.821240057315 0.389675253016
433 0.838425913425 0.364934000421
434 0.856423666415 0.437730479688
435 1.000000000000 0.474366627433
