# UNNS Normalized Spectral Ladder

# index coord spectral
0 0.000000000000 0.220950292522
1 0.000028502616 0.220950292522
2 0.000057005229 0.220950292522
3 0.000128261768 0.164281662007
4 0.000242272223 0.107613031492
5 0.000513047092 0.309101298419
6 0.001040345492 0.309673735020
7 0.001054596829 0.494275975172
8 0.001368125601 0.186319413482
9 0.001410879506 0.462793395082
10 0.001553392555 0.461553127153
11 0.002123444966 0.515932079500
12 0.002408471065 0.502337324354
13 0.003121036419 0.427733256827
14 0.003263549575 0.418574748865
15 0.003406062518 0.164854098609
16 0.003548575674 0.287922235965
17 0.003976114929 0.406983470646
18 0.004118627872 0.413852368676
19 0.004261141240 0.220091620562
20 0.004403654183 0.115912986907
21 0.004546167127 0.264167174688
22 0.005686271948 0.230681168849
23 0.005828784891 0.357756157702
24 0.006113811203 0.383896155401
25 0.006398837090 0.506582691102
26 0.006683863401 0.374356045785
27 0.006826376345 0.289687109502
28 0.007111402656 0.478677734570
29 0.007681455279 0.478105297969
30 0.007823968222 0.552089274180
31 0.008536533789 0.579278750354
32 0.008821559676 0.617057791873
33 0.008964072619 0.787635915309
34 0.010246690808 0.713222637237
35 0.010531716695 0.880652529960
36 0.010674229638 0.579564934536
37 0.010816742582 0.603606111758
38 0.011671821092 0.557527114825
39 0.011956846978 0.796222054906
40 0.012241873715 0.789925593477
41 0.012811925488 0.979107053491
42 0.013239465168 0.987693124851
43 0.013381978111 0.991699976349
44 0.013524491054 1.000000000000
45 0.013667003998 0.850372114497
46 0.013952030734 0.589762102550
47 0.014094543677 0.352084759302
48 0.014237056621 0.349308581671
49 0.014379569564 0.617359928249
50 0.014522082508 0.805523791431
51 0.014949621338 0.867678005447
52 0.015234648923 0.720854875050
53 0.015377161867 0.598645324359
54 0.015519674810 0.397538590852
55 0.015662187753 0.542930732101
56 0.015804700697 0.464510568412
57 0.015947213640 0.680881504599
58 0.016089726584 0.701202014507
59 0.016232239527 0.840297626090
60 0.016374752470 0.809387482601
61 0.016659778357 0.640526600731
62 0.016802291301 0.579278750354
63 0.017514857716 0.430452194209
64 0.017799883603 0.293073824192
65 0.018512448320 0.197290580482
66 0.018939988849 0.443426855194
67 0.019225014736 0.479488655146
68 0.019367527679 0.435174574398
69 0.019510040623 0.188465931322
70 0.019652553566 0.435747010999
71 0.019795066509 0.684602240151
72 0.020080092396 0.763022403840
73 0.020222605340 0.623354423893
74 0.020507632925 0.597023568502
75 0.020935171755 0.573268507225
76 0.021077684699 0.710074372404
77 0.021220197642 0.489124148118
78 0.021362710585 0.453348566466
79 0.022075275302 0.172867801604
80 0.022645328775 0.297080743926
81 0.022787841718 0.410417902602
82 0.023072867605 0.449341783205
83 0.023215380548 0.439610770406
84 0.023785432322 0.277046384083
85 0.024212972851 0.396680004187
86 0.024497998738 0.278000388220
87 0.024640511681 0.279488627852
88 0.024783024624 0.160427410230
89 0.024925537568 0.504636538582
90 0.025068050511 0.495706964320
91 0.025353076398 0.475100201994
92 0.025923129870 0.125071563105
93 0.026350668701 0.085002843418
94 0.026493181644 0.210074372404
95 0.026778207531 0.532054914337
96 0.027063233417 0.930452160090
97 0.027348259304 0.784583079323
98 0.027633286890 0.456592260144
99 0.027775799833 0.383323816281
100 0.027918312777 0.682885027830
101 0.028345851607 0.695605234639
102 0.028488364550 0.395662483173
103 0.028915903380 0.310373319100
104 0.029628468097 0.529192884863
105 0.029770981041 0.753577524047
106 0.029913493984 0.726388116109
107 0.030056006927 0.597023500266
108 0.030198519871 0.559244458746
109 0.030341036212 0.381224966561
110 0.030483549155 0.256725805939
111 0.030626062099 0.172581583304
112 0.030768575042 0.184602171915
113 0.030911087985 0.220663971868
114 0.031053600929 0.319547754614
115 0.031196113872 0.571694374809
116 0.031338626816 0.573984052977
117 0.031481139759 0.496851837522
118 0.031623652702 0.253005172741
119 0.031766165646 0.226531208201
120 0.031908678589 0.148397262813
121 0.032193704476 0.354464817838
122 0.032336217419 0.430738446627
123 0.032763756249 0.392386968507
124 0.032906269193 0.233257031199
125 0.033191295080 0.126216368070
126 0.033618833910 0.234115651981
127 0.033761346853 0.148254187780
128 0.034188889081 0.145392141248
129 0.034331402024 0.005151724700
130 0.034473914968 0.214176720984
131 0.034758940855 0.219900814049
132 0.034901453798 0.241079944739
133 0.035186479685 0.325701209247
134 0.035328992628 0.306811688488
135 0.035471505571 0.316351866340
136 0.035614018515 0.006678131320
137 0.035756531458 0.107422264784
138 0.035899044402 0.093302798833
139 0.036184070288 0.097023466148
140 0.036611609118 0.109330307178
141 0.036754122062 0.123640608075
142 0.037466690177 0.165712685274
143 0.037609203120 0.105323421562
144 0.037751716063 0.263880922269
145 0.037894229007 0.228963927282
146 0.038464280780 0.230681168848
147 0.038606793724 0.054092734046
148 0.039034332554 0.076416737939
149 0.039461871384 0.112764756192
150 0.039604384327 0.139095611583
151 0.039889410214 0.226960501533
152 0.040174436101 0.162564386323
153 0.040459461988 0.164567812072
154 0.040601974931 0.060103011293
155 0.040744487874 0.099026857778
156 0.041029517159 0.111047480507
157 0.041314543046 0.299227261766
158 0.041457055989 0.246279366802
159 0.041742081876 0.224527765392
160 0.042169620706 0.035203179169
161 0.042454646593 0.071465355815
162 0.042739672479 0.137864930892
163 0.042882185423 0.131854653646
164 0.043024698366 0.112478572011
165 0.043309724253 0.107899283912
166 0.043452237196 0.208929601557
167 0.043879776027 0.197481415428
168 0.044449827800 0.250143126210
169 0.044592344141 0.210646843124
170 0.045019882971 0.360045790379
171 0.045447421802 0.248425839152
172 0.046159986518 0.204922704568
173 0.046302499462 0.071551231540
174 0.046587525349 0.188322839231
175 0.047015064179 0.176016032319
176 0.047157577122 0.283056695448
177 0.047442603009 0.214367510439
178 0.047870141839 0.358900962667
179 0.048155171124 0.246136206475
180 0.048440197010 0.286777294526
181 0.049010248784 0.234115583745
182 0.049295274671 0.318259806380
183 0.050720404104 0.509444760379
184 0.051432968821 0.713795073838
185 0.051717998106 0.706926175808
186 0.052003023993 0.520606728208
187 0.052573075766 0.591585591384
188 0.054140718143 0.515495964947
189 0.054853282860 0.436503398775
190 0.054995795804 0.101643613330
191 0.055993389805 0.090726970600
192 0.056563441579 0.087578705767
193 0.056705954522 0.056239286005
194 0.056990980409 0.070549518666
195 0.057276006296 0.297796272618
196 0.057988574410 0.574127093891
197 0.058986161616 0.623354321538
198 0.059271187503 0.605609605744
199 0.059698729731 0.342301120076
200 0.060411291050 0.296508307325
201 0.060696323732 0.207784796592
202 0.060838833278 0.483113973226
203 0.061266375506 0.614768250178
204 0.061408885052 0.492844917787
205 0.061551401393 0.322839162715
206 0.062121453166 0.281625638063
207 0.063546582600 0.272467061865
208 0.064686686147 0.345735466735
209 0.065969306035 0.537492857337
210 0.067109409582 0.543216950401
211 0.067251919128 0.421866088730
212 0.067821977697 0.164853996255
213 0.067964487243 0.203777910976
214 0.068249513129 0.435031482307
215 0.068392029471 0.564968517693
216 0.070387210678 0.587006286226
217 0.071242288338 0.317973639256
218 0.074092547206 0.141957606938
219 0.076230244754 0.219519166902
220 0.077512864643 0.195477989679
221 0.077655374188 0.220950224286
222 0.078082916416 0.262163680702
223 0.078795484531 0.269605015333
224 0.080078097623 0.342873488441
225 0.080363123510 0.192902127330
226 0.080505639851 0.268460210368
227 0.082785846946 0.210074406522
228 0.083498415060 0.211219211488
229 0.084638518607 0.211219211488
230 0.085208570381 0.192902127330
231 0.086063648041 0.173440238205
232 0.086633699815 0.378935356629
233 0.088058829248 0.319977116183
234 0.091764172572 0.336576958775
235 0.091906682118 0.210074406522
236 0.093474327893 0.257584392604
237 0.095326999554 0.275329108398
238 0.100457472312 0.193474495694
239 0.101027524085 0.497996574251
240 0.101170033631 0.817973690434
241 0.106157990047 0.776760165782
242 0.112001030919 0.619347470040
243 0.113853695785 0.249570689608
244 0.113996212126 0.220377787686
245 0.114138728467 0.087006269166
246 0.114281244809 0.105895789926
247 0.114708780241 0.276473913363
248 0.116133902879 0.259874002535
249 0.116418935562 0.251860299539
250 0.119839246203 0.111619882990
251 0.122689505070 0.144247268046
252 0.125397261188 0.178591826432
253 0.126109829303 0.132799081917
254 0.128247520056 0.144819704647
255 0.129387623603 0.145392141248
256 0.129815159035 0.143102463080
257 0.129957675376 0.133943886883
258 0.131525314356 0.084716659236
259 0.132807934244 0.393245657527
260 0.133092966926 0.312535849789
261 0.133377986017 0.272467130102
262 0.134233070473 0.000000000000
263 0.135373174020 0.128563283074
264 0.142498827985 0.447395594292
265 0.142641344326 0.658614805780
266 0.145064067761 0.594161419615
267 0.146061654967 0.300515158823
268 0.146204171309 0.147109314579
269 0.147486791197 0.283915316231
270 0.148626894744 0.323411599317
271 0.149766998291 0.420148881282
272 0.152189721726 0.448769346603
273 0.158032755803 0.706353807443
274 0.159315375691 0.824842656701
275 0.164018306220 0.692043574783
276 0.186392855320 0.605037237380
277 0.186962907094 0.311963344951
278 0.192378405738 0.286777294526
279 0.210192540650 0.114481929523
280 0.222591176917 0.119633654223
281 0.227436623788 0.149971429347
282 0.238267607485 0.162564420441
283 0.269335463120 0.325701209247
284 0.309951696155 0.295363434123
285 0.312659452273 0.302232400389
286 0.324060487743 0.369204343831
287 0.339594415561 0.405266212020
288 0.347147618549 0.406983385350
289 0.428665090119 0.207212359991
290 0.485242772813 0.180309067999
291 0.598540681725 0.174012606570
292 0.600535856137 0.204922750059
293 0.610939304401 0.246708643076
294 0.619490121778 0.352032064638
295 0.830124435577 0.405838580385
296 0.839530296636 0.460217532732
297 0.849078701218 0.445334863470
298 0.858912084118 0.431024630810
299 0.869030499700 0.416141961548
300 0.879291458806 0.506010277246
301 1.000000000000 0.550658216796
