# UNNS Normalized Spectral Ladder

# index coord spectral
0 0.000000000000 0.501072025596
1 0.000070037817 0.580704488568
2 0.000280151269 0.739969414512
3 0.000686370634 0.739969414512
4 0.001106597564 0.520673830056
5 0.001260680765 0.561715124118
6 0.001400756373 0.561715124118
7 0.001540831982 0.781010708573
8 0.001961059017 0.481470148114
9 0.002661437164 0.224808566859
10 0.003361815312 0.086370544462
11 0.003782042242 0.251148489320
12 0.004062193668 0.322613527681
13 0.004202269172 0.261970356137
14 0.004342344676 0.187238326024
15 0.004762571607 0.174578774065
16 0.005182798537 0.172741088923
17 0.005743100971 0.360796245035
18 0.006163327902 0.325880519431
19 0.006443479328 0.414395078573
20 0.006863706258 0.208575803144
21 0.007424009110 0.303522187259
22 0.007844235623 0.148238888116
23 0.007984311127 0.150689086290
24 0.008264462970 0.069831524231
25 0.008964840492 0.379173023431
26 0.009665218848 0.685451811424
27 0.009945370691 0.975497726170
28 0.010225521700 0.677182264798
29 0.010365597204 0.543644711772
30 0.010505672708 0.339356828456
31 0.010785823717 0.357121020797
32 0.011906429421 0.387136277030
33 0.012466731438 0.386523690975
34 0.012746883281 0.458192900347
35 0.012886958786 0.181929514632
36 0.013307185298 0.357733533829
37 0.013727412646 0.313016845144
38 0.013867488150 0.714241944231
39 0.014848018350 0.467993814748
40 0.014988093854 0.665237274865
41 0.015128169359 0.594793164579
42 0.015548395871 0.914548115553
43 0.015688471376 0.732006014867
44 0.015828546880 0.528637010633
45 0.015968622384 0.275650799662
46 0.016248773393 0.297702875318
47 0.016528926071 0.480244976004
48 0.018069756618 0.427565082400
49 0.019190362322 0.725268030740
50 0.020030817017 0.646452300493
51 0.020591119034 0.656865764437
52 0.021151421052 0.608473729808
53 0.021431572060 0.437366033312
54 0.021851800243 0.354058236569
55 0.021991875747 0.069831524231
56 0.023252555285 0.021133196575
57 0.023812858972 0.077794741319
58 0.023952934477 0.135987678178
59 0.024093009981 0.224093834446
60 0.024233085485 0.345073921018
61 0.024513236494 0.348136741758
62 0.024793387502 0.603369040745
63 0.025073538511 0.706278714971
64 0.025213614015 0.663399662746
65 0.025353691189 0.369984634233
66 0.026334219719 0.342725832690
67 0.026474295223 0.649617133716
68 0.027174674414 0.996324702739
69 0.027594900927 0.905155713560
70 0.027875051936 0.593159796494
71 0.028435353953 0.552731015465
72 0.028715504961 0.468402278474
73 0.028995655970 0.452067404913
74 0.029135731474 0.401225099088
75 0.029696036831 0.384073492802
76 0.029836112335 0.719755023996
77 0.029976187839 0.646248129482
78 0.030116263344 0.924349273362
79 0.030956716369 0.668912791193
80 0.031096791873 0.554977115650
81 0.031657093890 0.328943376683
82 0.032217395908 0.379785645997
83 0.032777697925 0.330781025313
84 0.033197927777 0.258499229887
85 0.033478078786 0.145788616919
86 0.033618154290 0.332006087889
87 0.033758229794 0.627565021548
88 0.034318531811 0.826033629434
89 0.035439135845 0.570597147265
90 0.035859362358 0.235834531664
91 0.036419664375 0.189280182177
92 0.036559739879 0.423277101721
93 0.037400196245 0.507810034064
94 0.037540271749 0.547626265549
95 0.038100573766 0.616232734506
96 0.038240649270 0.610107166049
97 0.038380724774 0.420418532317
98 0.038800951287 0.140479769015
99 0.039361253304 0.070035658730
100 0.039501328809 0.234609469088
101 0.039641404313 0.215620177660
102 0.039781479817 0.592343002917
103 0.039921555321 0.353445614002
104 0.040481860678 0.449617133716
105 0.040762011687 0.399999963489
106 0.041042162695 0.570903440293
107 0.041182238199 0.488208193092
108 0.041742540217 0.222358295662
109 0.041882615721 0.189484401869
110 0.042022691225 0.223787614441
111 0.043143295259 0.272179649070
112 0.043843676120 0.243185272231
113 0.044123827129 0.237059703774
114 0.044403978137 0.321592636116
115 0.044824204650 0.259111779430
116 0.045244431163 0.329249633200
117 0.045664657676 0.174272590572
118 0.045804733180 0.472587978921
119 0.046505110701 0.406738057149
120 0.047065412718 0.495558872807
121 0.047205491562 0.268912693830
122 0.047345567066 0.301378245601
123 0.047485642571 0.243491565258
124 0.048606246605 0.291883599887
125 0.048886397613 0.579173023430
126 0.049726850639 0.573966261033
127 0.050007001647 0.559877438976
128 0.050147077152 0.273200528465
129 0.050427228160 0.339356755434
130 0.050707382508 0.444104102632
131 0.051127609021 0.455130140460
132 0.051267684526 0.384686030174
133 0.052108137551 0.133537480003
134 0.054349348959 0.097396582290
135 0.054629499968 0.112097990402
136 0.055049726480 0.108422620119
137 0.055189801985 0.202756491203
138 0.055329877489 0.197856021832
139 0.057150862384 0.251148525830
140 0.057571085557 0.148851401148
141 0.057991315410 0.132312307894
142 0.058831768435 0.505359762868
143 0.059532149296 0.689127035663
144 0.059812300305 0.760796318058
145 0.061493206356 0.679326242967
146 0.061913429529 0.706891301026
147 0.063594342260 0.943951004799
148 0.063874493268 0.671362916345
149 0.064014565433 0.425114859886
150 0.064154644277 0.073200601487
151 0.064995097302 0.033384333490
152 0.065835550328 0.032159234403
153 0.066395852345 0.042878979204
154 0.066816082197 0.042878979204
155 0.067796607387 0.039203608920
156 0.069897743291 0.027565058060
157 0.070458045308 0.000000000000
158 0.071578649342 0.041041367085
159 0.071998879195 0.102297051661
160 0.072138951359 0.109647719206
161 0.072279030203 0.106584934977
162 0.072979404385 0.156202141715
163 0.075920993314 0.218070485368
164 0.077041604028 0.499234340454
165 0.077181676192 0.367534472571
166 0.079282812096 0.363859102287
167 0.081243869156 0.083307760233
168 0.082224401025 0.199693706973
169 0.082504552034 0.213169942976
170 0.084325536929 0.221133196575
171 0.084465609093 0.160489952008
172 0.084885838946 0.554976969605
173 0.087267119179 0.524349127317
174 0.089648406091 0.513935675543
175 0.091889620838 0.042266466172
176 0.092029693003 0.046554349487
177 0.094130828907 0.099846853487
178 0.096091885966 0.140275634516
179 0.096512115819 0.145482396914
180 0.097912870861 0.098621754400
181 0.099033474896 0.128637083656
182 0.101274682964 0.098315461373
183 0.103655969876 0.437365923778
184 0.104076199728 0.436753337724
185 0.104356350737 0.472894235437
186 0.104496422902 0.090045914746
187 0.105476954771 0.379173023431
188 0.108278464856 0.632771820458
189 0.109679226578 0.710566598288
190 0.110519679604 0.405206725887
191 0.110659751769 0.150382829774
192 0.111360132630 0.199387450457
193 0.111640283638 0.241347660112
194 0.113321196369 0.243185345254
195 0.114021563871 0.110872891315
196 0.116402850783 0.075038250117
197 0.117523454817 0.081776331607
198 0.121305503451 0.127105618519
199 0.124807394398 0.131699831373
200 0.125367696415 0.105359872401
201 0.127048602466 0.166615593488
202 0.133772240029 0.138437949375
203 0.134752765219 0.123736614285
204 0.135593211566 0.102297124683
205 0.135873369254 0.059418072458
206 0.136153513583 0.093721285029
207 0.136853894444 0.464931054861
208 0.138394735010 0.759264925944
209 0.139935562217 1.000000000000
210 0.147079422953 0.546094982968
211 0.151841996778 0.263399735768
212 0.153662968314 0.003062784229
213 0.160246527034 0.222970881716
214 0.173133486785 0.227258765032
215 0.198907406287 0.304441029830
216 0.209693223455 0.192343039428
217 0.209833302299 0.481470148114
218 0.225381706650 0.388973962172
219 0.231124805664 0.445941763433
220 0.268244844352 0.458805486403
221 0.273007418176 0.653598724005
222 0.273147497020 0.600918806060
223 0.280011200069 0.479019876918
224 0.286034456771 0.381623294627
225 0.292758080976 0.433690699540
226 0.300042020556 0.482082734168
227 0.313209137995 0.610719744801
228 0.315170188375 0.665849933942
229 0.328757515629 0.508422620118
230 0.332119327731 0.344257224804
231 0.332959800795 0.207044301495
232 0.333800247141 0.207044301495
233 0.334640693487 0.207656887549
234 0.335341087707 0.323430248235
235 0.343465473634 0.360796245035
236 0.351869990531 0.453904944009
237 0.359574166643 0.563552736237
238 0.368118789102 0.619908024465
239 0.372741284082 0.597243435776
240 0.377363779062 0.429402670179
241 0.396834284174 0.386523690976
242 0.409301007394 0.339969341489
243 0.448662280866 0.301990831656
244 0.455385905071 0.265237347888
245 0.462389686964 0.309954012233
246 0.479618984007 0.352220478404
247 0.498809331431 0.337519143315
248 0.506653586387 0.234609505599
249 0.522482148426 0.142113319658
250 0.557220900201 0.243797858286
251 0.585936395274 0.339356828456
252 0.588737918718 0.426339958973
253 0.596442068113 0.376110239202
254 0.604426375196 0.407963180577
255 0.607508056327 0.397549728804
256 0.612690839966 0.322817735202
257 0.626838455878 0.308728913146
258 0.655554004385 0.395099530630
259 0.675864929126 0.544563517832
260 0.698697273058 0.558039826857
261 0.705841160512 0.513935675544
262 0.714245677409 0.471056623318
263 0.722790299867 0.455130116119
264 0.731474974452 0.439203608920
265 0.740439806725 0.467381253034
266 0.749264586872 0.456967801261
267 0.749684796686 0.481470075091
268 0.807676102207 0.490045914745
269 0.810057415837 0.537825363319
270 0.818882195983 0.544563517831
271 0.837092018217 0.523736541262
272 0.846477060304 0.502297051661
273 0.856002207953 0.592955552461
274 1.000000000000 0.637978546345
