# MSM outgoing transition strength ladder
# one numeric value per line
0.434438511866
0.369940213087
0.078094082061
0.518930459621
0.286279301004
0.028182680920
0.213036984680
0.262977621626
0.006464943102
0.184763351277
0.238899733499
0.019557258705
0.045765612982
0.287122123065
0.183580955931
0.143218502169
0.010193998840
0.092343255694
0.342948943917
0.613585479124
0.386525755263
0.775610363267
0.001673858342
0.999999245463
0.242048978847
0.002919882752
0.404006823595
0.225236741818
0.017676419550
0.224948995768
0.089901757509
0.195979489652
0.009829917168
0.242941628575
0.373580448576
0.709466275078
0.018354659888
0.112968403837
0.891748314206
0.190231025881
0.317931196167
0.110626910671
0.204119261855
0.000244600971
0.243642007043
0.139082136016
0.133346615018
0.008552518119
0.311529250315
0.309591035396
0.113202183099
0.290903750587
0.171868765047
0.452890455481
0.275567555722
0.034094992460
0.108816859891
0.031877414300
0.176341135934
0.031611428224
0.065013439332
0.149717748758
0.118803532127
0.485425526077
0.512920251462
0.441855934946
0.657515774050
0.369073713162
0.012027672708
0.666909991060
0.432724686700
0.030803609982
0.000413888477
0.036808623006
0.123416095535
0.145814257356
0.809917617505
0.199293263214
0.080878148153
0.074703958275
0.480473413134
0.491371608155
0.207827933662
0.346167109981
0.158518527827
0.299469928914
0.312634058743
0.785056710251
0.223268275118
0.348795404685
0.435672178332
0.652939115001
0.163935594229
0.253972273643
0.027932669781
0.027070193026
0.668990247040
0.214236687737
0.022160340143
0.729495557264
0.243064551052
0.318369137257
0.522420997173
0.598434395782
0.131327824864
0.310781393092
0.317809524510
0.690781650617
0.195035155403
0.657875631508
0.206808794058
0.026968977466
0.069916755920
0.422131924258
0.269402410032
0.002607595149
0.045602023838
0.279381951463
0.608553387586
0.077241413067
0.262572437743
0.088144343658
0.314195066673
0.477890960873
0.377297910735
0.878841231657
0.022320100986
0.027264206418
0.294971241016
0.255679411051
0.364049332901
0.700124519037
0.209102345835
0.128002967278
0.333042790183
0.397800896991
0.317001910850
0.999972072696
0.138482259371
0.536700217496
0.486977386684
0.000137031114
0.154850411671
0.037485263775
0.464855336120
0.478836050603
0.410424164739
0.112048338567
0.077682158782
0.049094878656
0.633803207998
0.460472018822
0.396891302469
0.699762131981
0.016808164907
0.413586318856
0.017594975082
0.708938920371
0.303382072970
0.633408351919
0.087657697813
0.474824854413
0.322198263070
0.256587502861
0.329748894573
0.515192941440
0.217097533940
0.122402042061
0.056456586620
0.369440542024
0.401697292053
0.718724806130
0.251666829679
0.106702405899
0.568258442940
0.159677089935
0.006221078102
0.451933606305
0.134021244915
0.305938253642
0.726373209423
0.273533368543
0.706570238344
0.142812201945
0.092320793134
0.043992679055
0.296355928632
0.086777159193
0.376952860964
0.231490651876
0.613010406589
0.300712709299
0.280641703636
0.024159232814
0.351086132651
0.399974113812
0.381137390961
0.370211779005
0.287108158928
0.433509762345
0.319793894792
0.346759065938
0.136180574082
0.002555368623
0.925349504413
0.596107199379
0.686976380189
0.067965762449
0.334459816290
0.306484644791
0.663977601585
0.035047350995
0.378460063486
0.000493293279
0.485456024726
0.169938611137
0.692581589807
0.000675535738
0.025958227404
0.060583701846
0.379335640024
0.032492822718
0.233962594835
0.105732590983
0.555424084941
0.072969064043
0.116713931990
0.552921745590
0.018749195024
0.177854605026
0.579595490677
0.835893757545
0.383015098700
0.449323382429
0.423874661118
0.416830497935
0.156452918983
0.349511425657
0.169890260164
0.471054420094
0.457894748412
0.126125024457
0.616288325688
0.882365042148
0.061914387693
0.216057231720
0.167471843113
0.482733019423
0.197875272105
0.470053080186
0.032748991487
0.181522970967
0.036053410928
0.169646671889
0.282805571582
0.280952411848
0.129723649032
0.124512355412
0.665112292319
0.156985187765
0.262191689963
0.106548944739
0.881198830175
0.765410208383
0.199595190733
0.548783941982
0.032769287583
0.209235585674
0.333537149597
0.512003759758
0.225007259717
0.000213501025
0.859429786518
0.221819624772
0.414208314873
0.190223899539
0.551515216693
0.044383085992
0.518929198012
0.585505161942
0.469614433834
0.387374381957
0.450204823227
0.171140412894
0.378786959816
0.363941190457
0.155213625755
0.091714180673
0.020246922204
0.190497419415
0.128123471350
0.321646182768
0.383635723589
0.557278832450
0.041614981659
0.025184498557
0.179807075755
0.444175799328
0.649506126583
0.742785219762
0.101156231947
0.384167719723
0.188125634631
0.228710501036
0.501107144191
0.822278996209
0.190630315026
0.572042778765
0.430002177606
0.120114836484
0.697622170193
0.710928696649
0.077714084243
0.533630993446
0.005247644086
0.139757021461
0.165207237553
0.044308466205
0.553481258633
0.149909995142
0.294907798248
0.136702991125
0.900536382010
0.182089232383
0.139761069768
0.236532615592
0.666818287133
0.375763133556
0.289207692358
0.334776471893
0.136441250436
0.453907554034
0.064591696845
0.473650658449
0.379774015011
0.210732386589
0.172308808234
0.645286979332
0.307830171892
0.582199688531
0.368398137514
0.211088617320
0.380017021238
0.194783461630
0.311698974997
0.185546070210
0.489279905204
0.239172684382
0.634546279936
0.276221212514
0.678060003847
0.000801114195
0.183776746655
0.136153433812
0.425769695432
0.473575623862
0.211170953037
0.045298663273
0.267836586667
0.094637139383
0.386375139162
0.178097388741
0.240942436276
0.501035249027
0.164749558831
0.230570645498
0.495518106503
0.183720150818
0.030405153052
0.597841832250
0.452564154199
0.205278671856
0.807904354915
0.280660065768
0.408872613143
0.310318656135
0.241114920601
0.643018569614
0.457984312663
0.325570328645
0.289609330229
0.157533502362
0.226604725236
0.139617715455
0.464149556402
0.583028832628
0.532020841246
0.056730040743
0.028930049341
0.015296583960
0.443459634204
0.620824170644
0.000000000000
0.203476606811
0.443268584133
0.234019337747
0.234231604555
0.196684396606
0.120615846385
0.291931257608
0.342971280534
0.657816094443
0.262221907471
0.756119374636
0.470777037825
0.551913052491
0.179754945948
0.324065311838
0.326164872868
0.518451143083
0.784208707820
0.091886732683
0.089427380501
0.273439566618
0.147165601471
0.565480823864
0.126716050918
0.497559990808
0.358139559419
0.203799240412
0.272198073178
0.193849393364
0.487851164743
0.338949997459
0.339528943338
0.327459342030
0.209301068734
0.623548039484
0.255198692574
0.317862240781
0.465270099215
0.436073029358
0.748794705536
0.541818042185
0.003781997126
0.197363626150
0.009699853666
0.148411543329
0.018320036461
0.098810318545
0.533035574902
0.416545022356
0.289181983687
0.577788494563
0.299477641592
0.436534005287
0.162019105540
0.620118992613
0.229808407196
0.074962216952
0.023953687953
0.571069873691
0.454893866945
0.553632364041
0.668780671485
0.071754817501
0.825539055835
0.383247186786
0.222092155847
0.473252601396
0.452319674471
0.042352924647
0.464948691305
0.189199128185
0.923111548755
0.643007011057
0.064280812895
0.193402532577
0.689910948049
0.816252899448
0.074009192932
0.127455308016
0.170128240054
0.249874391646
0.029007971014
0.047532313357
0.006022377404
0.590009825800
0.702932842550
0.070886172700
0.232504323541
0.563851564800
0.259614909045
0.073809189752
0.189775664356
0.295783893050
0.134003514977
0.332848249882
0.718908113295
0.459510440588
0.163233376222
0.158708154296
0.349576310049
0.657570353969
0.236558255541
0.362687388058
0.369688811350
0.293992232160
0.129280513263
0.390884001328
0.484530755732
0.112991340140
0.280001224532
0.156123661974
0.037896816494
0.477981813876
0.473424345273
0.135914689850
0.058407750491
0.487432378646
0.203331873598
0.316902169834
0.339571538279
0.409297884953
0.177553227960
0.699912145505
0.317495432458
0.277288276403
0.273903855605
0.528930795818
0.983120426603
0.540678382459
0.438661667630
0.250097253353
0.684270272230
0.484153424482
0.918581773771
0.442991086521
0.137925010673
0.085433177809
0.181680903455
0.037254330805
0.399261447430
0.129755614111
0.306478137784
0.381090734724
0.940697945039
0.314280792460
0.647482227247
0.704573984079
0.745599545838
0.278621193241
0.506072973787
0.595572886459
0.173478507410
0.740369652627
0.419462088377
0.548921862286
0.059086256260
0.081588119287
0.524506022868
0.100332440915
0.089961975691
0.467844785838
0.421774338875
0.284846437694
0.246144411129
0.787300970248
0.117067376449
0.042513208874
0.110887504221
0.419677004931
0.571622470820
0.392640035265
0.719839625847
0.821741677865
0.228994197292
0.552979587479
0.247591722891
0.316993968619
0.427203249390
0.207901546290
0.501991540805
0.327708451112
0.251104081586
0.509316323658
0.720510136942
0.502696242198
0.837245380925
0.483412262619
0.130372901713
0.062527333574
0.284916239593
0.393736990218
0.171318280944
0.641118659304
0.217417828553
0.241687012466
0.317050702011
0.301476617202
0.408799870344
0.368008483286
0.642115206571
0.871453785315
0.007454200490
1.000000000000
0.038904582609
0.131841953757
0.162971590981
0.078007198501
0.068464630410
0.533618980808
0.558673973320
0.282473994236
0.363504579514
0.314602739399
0.643134595764
0.293944486682
0.323518375600
0.148253662307
0.571188198806
0.444875525389
0.476892554647
0.395481754157
0.640197390081
0.505523046373
0.036868924536
0.576498889360
0.354707781282
0.133899339562
0.323232977407
0.133488816983
0.059770598309
0.271820786937
0.133819310283
0.281939156901
0.684230491279
0.541492958626
0.563885455636
0.646754032480
0.647781489401
0.513132604668
0.310941769137
0.116623575368
0.432492377318
0.257825519209
0.279346126115
0.271314819247
0.749946315035
0.292180481866
0.166060247129
0.093237064571
0.295173626018
0.064298419099
0.153354921057
0.671555632128
0.265189391028
0.681736060624
0.251694506947
0.692333197215
0.516631880459
0.324761670997
0.114866059850
0.043121416401
0.094579589839
0.619278859598
0.453766186528
0.645656953967
0.341506603768
0.048717879602
0.620933846583
0.333372402002
0.243540113669
0.058691534242
0.425084070438
0.434000789147
0.730752309570
0.278250162581
0.371067141188
0.123213377655
0.558793963379
0.564773312102
0.542802036383
0.049409877053
0.342663815345
0.120579191063
0.228634166934
0.463205591789
0.554278812743
0.602404197894
0.306861063243
0.100330039267
0.483967767683
0.190698123829
0.401924367866
0.358637443555
0.445477176241
0.204574310511
0.189813125409
0.405846048445
0.373865530313
0.405818152068
0.233000515333
0.777019348940
0.652860343233
0.171343034866
0.205050414754
0.003485442193
0.634594713473
0.049109208858
0.438317203158
0.223838880863
0.192961589188
0.264958086710
0.184250637088
0.134329760850
0.564446732634
0.348408707238
0.063815813457
0.265273095871
0.535650822785
0.547405824619
0.142841693403
0.802587191124
0.447125946375
0.107167470059
0.614404733709
0.570607440624
0.197276996974
0.071255704369
0.159820734546
0.468022825369
0.165372343908
0.222260642068
0.022807971668
0.438551245355
0.405810903655
0.553940981870
0.385180124914
0.078734326280
0.712349247183
0.491533302411
0.826001742870
0.228479480880
0.107428240069
0.475809424590
0.490415690710
0.058430005886
0.858434134009
0.411356214199
0.260057890503
0.341670383940
0.534188385705
0.237264985412
0.197117366678
0.067938208221
0.409681404315
0.083372996953
0.542096590808
0.389057188246
0.377806837494
0.035195785282
0.553815977273
0.474243814752
0.035635874714
0.453577699011
0.366205946930
0.749817402642
0.402879023064
0.517874137700
0.723579114452
0.377106258618
0.240077153821
0.617831840318
0.571117032456
0.664141977031
0.236003660337
0.197405907820
0.308520723443
0.243927420227
0.454729094482
0.411965675113
0.211666187210
0.307782689229
0.170832773857
0.547204901483
0.386069026214
0.677035271816
0.421693124436
0.415081815279
0.081865899754
0.229394338981
0.370307818026
0.469086013212
0.444133448606
0.043732745130
0.140559612478
0.769060263935
0.459105823534
0.379300140190
0.399671882375
0.050391298244
0.246559644921
0.590940189644
0.508606207602
0.683185319936
0.564815062843
0.310869781564
0.370721549573
0.351584432683
0.089195284354
0.388743860945
0.291090440807
0.999996406517
0.549632730228
0.785858644726
0.059072433425
0.197380594082
0.401992847284
0.311221214826
0.621782343525
0.376662108032
0.429926196815
0.245346933637
0.157012416407
0.545816074032
0.447068093786
0.533417846993
0.541424181890
0.204773409202
0.583725310067
0.247417208915
0.553108501546
0.176902683043
0.660649065955
0.347693877082
0.117779495250
0.436280513436
0.660928990276
0.557406598385
0.313538397457
0.747453346821
0.698896250999
0.194874667564
0.554933556313
0.480635114610
0.425979559710
0.205520250750
0.111859661543
0.371303639778
0.182404071074
0.523953652658
0.196744851664
0.017160622579
0.824503325866
0.495631426791
0.602614752343
0.669692463959
0.714583697915
0.350631635794
0.388096539495
0.274795005044
0.317140892914
0.269761864643
0.408744500194
0.602568388109
0.149327444831
0.867983935941
0.185577733591
0.126799995807
0.267970255662
0.276757567522
0.653870234276
0.537462721521
0.147605637035
0.530349652679
0.101808850907
0.465376366078
0.369306320950
0.131264837262
0.216767524665
0.399979843746
0.613849925627
0.168340446214
0.297883984507
0.250813487279
0.348824142415
0.130946963314
0.126105081865
0.280824550929
0.223729899073
0.606219607087
0.037487160687
0.402411789313
0.283494558739
0.249454347175
0.445148337900
0.599472145128
0.460332784341
0.629895525166
0.647003151402
0.289052220236
0.340199275421
0.029255892077
0.040339803418
0.363838146774
0.911283253807
0.265213284577
0.442838297426
0.642236022434
0.370200716625
0.212150846710
0.695364897905
0.253267943631
0.923568300741
0.356392965889
0.551509222066
0.461419595803
0.656170205956
0.073563138628
0.470914454137
0.348352978298
0.726804485772
0.226029041351
0.282361143462
0.665762543619
0.640863058800
0.403845183035
0.210365552952
0.517356634842
0.348488767289
0.270470995126
0.641756634530
0.823633032781
0.341768444241
0.128622346494
0.912916335395
0.412325493215
0.797814390447
0.240497730417
0.522207983885
0.935608932256
0.406412339330
0.166478184079
0.078058621621
0.275859543181
0.777026566302
0.499225832396
0.355577581571
0.664638332958
0.274729753317
0.464659488088
0.504992821103
0.740272587895
0.027207052965
0.366262309519
0.431723594927
0.014608720525
0.133687400279
0.670868037147
0.256673454329
0.652658399916
0.795674184790
0.261448449237
0.245457743246
0.136669520129
0.335514581665
0.059761579347
0.662470290299
0.253380098454
0.269281756985
0.256572742108
0.310740503812
0.353949813474
0.118636907874
0.836136158267
0.392428366239
0.084438148996
0.396039077707
0.174172132027
0.652677112994
0.268056116838
0.514715858249
0.211493786292
0.322617393487
0.601771185594
0.479073502680
0.357633913734
0.531047305699
0.450022190598
0.058080925514
0.187044946851
0.407569416265
0.216568452445
0.348969107041
0.417166754104
0.485062631691
0.362454296362
0.369804963875
0.456881032308
0.703158776056
0.153391918101
0.531564305847
0.622976544529
0.202724906061
0.577039058645
0.539300142117
0.066201993580
0.636366546864
0.249518146796
0.229767517277
0.170586891065
0.487645023428
0.703405766195
0.525403108676
0.567168738846
0.773634360775
0.082834641212
0.364841316943
0.661031063082
0.624878910128
0.454383848542
0.415479220128
0.807396803860
0.592195832868
0.759960414825
0.223270940519
0.298362022248
0.173693028353
0.347367290979
0.622798259537
0.354179547293
0.652018996384
0.593629582110
0.192653502773
0.304134737726
0.435353480406
0.285778967861
0.558218269426
0.109292707583
0.461430060835
0.217760073401
0.540500694000
0.577813466848
0.462652918178
0.565650004102
0.025549164381
0.817309796010
0.404350228345
0.488066762288
0.515776868399
0.110251116000
0.570634760823
0.348808918467
0.841620840437
0.301719463748
0.249583903956
0.670120113396
0.168640648330
0.812184855349
0.469281496607
0.709506886595
0.282100762937
0.083258449284
0.587641829394
0.294713700205
0.152228313889
0.085301934179
0.422031568873
0.294051294709
0.601567327883
0.891198458072
0.062423344247
0.054330288132
0.062313483262
0.442365665777
0.249023648117
0.411893929964
0.049308589970
0.324816766719
0.724226937366
0.108977102646
0.359505895036
0.881312278375
0.139919932037
0.326876365335
0.258673547730
0.829371655072
0.541831673015
0.569026717341
0.501312894447
0.517607906483
0.779830422457
0.082150502470
0.277414628503
0.490596206120
0.428716444098
0.416153599267
0.592830259166
0.704678633201
0.237089106038
0.164604455118
0.369619391006
0.456065801497
0.572611590940
0.319912391573
0.259415073655
0.073746892544
0.441304809983
0.394871121151
0.464026238372
0.879662650497
0.397431687926
0.826922856008
0.274357385013
0.044436457474
0.601186249258
0.501074199922
0.178584157925
0.663306921516
0.489219079939
0.729136595928
0.644612765972
0.507722248719
0.238464393011
0.172323905301
0.269479025257
0.396105987793
0.999999771428
0.957064462705
0.320323721767
0.419818904730
0.112371121729
0.784907620455
0.318912540120
0.575248079290
0.138060933446
0.131727634164
0.304783885232
0.489229081544
0.295817121113
0.525653887572
0.149307884525
0.219288284367
0.154139941657
0.486748456839
0.503024012283
0.628693385572
0.448485081695
0.466759813517
0.448723233853
0.353118600796
0.692474653015
0.598587930652
0.396966193996
0.519960641912
0.651181921557
0.411909823514
0.492192287710
0.215828078066
0.260597676291
0.282140753369
0.491936573433
0.112169832855
0.447833978119
0.434104586848
0.662060135582
0.586691012698
0.331009635659
0.760170181147
0.137188309285
0.348680633592
0.784747394954
0.402016690471
0.361740724198
0.708489195882
0.284311901600
0.608252641561
0.864431254552
0.117327381379
0.515061925930
0.596929197123
0.712639750756
0.486177505508
0.897817060576
0.390422059978
0.461499309534
0.114860844107
0.637366098489
0.555705837584
0.289568785737
0.161689558242
0.178655893982
0.440298245390
0.874067354592
0.877028085089
0.230750940351
0.429865983234
0.646476436918
0.129506824927
0.973360672781
0.414142959810
0.645836579405
0.939097067273
0.161367363834
0.349427335264
0.561594873418
0.119803701331
0.526115397012
0.197285926141
0.475436058129
0.715389574793
0.652978787740
0.774099584457
0.352200859320
0.282661198410
0.327614215893
0.217705258791
0.418706477017
0.474782294680
0.724153683688
0.358657795866
0.355446470640
0.167693661302
0.432845164681
0.054406664828
0.424857665673
0.482343689760
0.479939527747
0.529375647148
0.351267735375
0.422060467927
0.340639613896
0.529815732989
0.328758968791
0.332848151044
0.230590776419
0.197740680926
0.578189669432
0.655922997401
0.655438187360
0.683766827723
0.294613547392
0.771841360678
0.115509786426
0.224256597100
0.318738686090
0.082131521234
0.218363415329
0.530941735367
0.354670671800
0.722875842928
0.546887745703
0.217970392946
0.660557490788
0.484338581244
0.540043161238
0.404352221030
0.695939282687
0.794396105173
0.371365245076
0.377119580591
0.208784702814
0.148466517509
0.200667922198
0.450085346923
0.474216605636
0.540105788440
0.426980766117
0.262631789066
0.457082389842
0.098412450840
0.173210705088
0.552534781865
0.159312508507
0.184148157046
0.317425375011
0.545339451094
0.314572534878
0.244488365615
0.492204575348
0.296671347858
0.624727398941
0.409428623816
0.410882835304
0.501720683901
0.675347070334
0.477947351339
0.487821270172
0.367897268409
0.527800087036
0.059311180365
0.561822354138
0.293378507451
0.527656798626
0.399986325689
0.231800005952
0.176723135303
0.336706880296
0.453692564992
0.570269593021
0.723376541060
0.598646495631
0.658993758552
0.783531003300
0.055736328038
0.289101678779
0.616262583698
0.200513785848
0.290677243164
0.195569668454
0.186088317707
0.227090472034
0.291009971746
0.797818329182
0.457879407477
0.210578829737
0.588205048503
0.389276463461
0.467400735313
0.420577875192
0.486840637886
0.436853063859
0.384138556203
0.168545851112
0.355070140139
0.671892927606
0.482363809170
0.447277902468
0.144663876218
0.605241442498
0.408943334615
0.705938328986
0.744258840541
0.396084572363
0.652885357506
0.231675427379
0.408048246140
0.690349005455
0.445572750524
0.849442603739
0.316073716102
0.162367807002
0.430711325751
0.692461827727
0.274461024284
0.437706651309
0.797986236733
0.563055955210
0.435752950393
0.657009754563
0.161448061501
0.482409997944
0.439736838210
0.912514375417
0.644863242017
0.204484865112
0.638141199069
0.227223622393
0.549871322909
0.615169594505
0.463995169438
0.410310082005
0.583645116580
0.722618639322
0.283307337172
0.322446326779
0.742369395964
0.799854637931
0.610397804352
0.227075465003
0.456422508859
0.427750089455
0.245311765154
0.677209535690
0.516284125907
0.346665963292
0.579769963119
0.191989924289
0.657656378399
0.603147672313
0.287986823854
0.905887649311
0.464045662295
0.438179403038
0.224390406310
0.731447814090
0.583796057203
0.492546236046
0.078031211678
0.598340557008
0.137247302337
0.534850699293
0.244409239864
0.124377075659
0.331785457878
0.913529054457
0.160931836517
0.389181712560
0.258275418153
0.353662789628
0.324229118799
0.627495930372
0.212030270025
0.517878225699
0.765462510715
0.719141050546
0.856010865018
0.501652016577
0.473677170699
0.824373092512
0.321233175360
0.247053748049
0.196034614741
0.228387057419
0.211768921577
0.786471056814
0.362560572198
0.521660705528
0.546115701049
0.053701523404
0.848931732871
0.261381767389
0.357629062462
0.212735551391
0.694973649441
0.537504233634
0.820219073624
0.515171009517
0.705871248553
0.553975275084
0.255272434820
0.346959010873
0.712187829096
0.684026560971
0.489217164655
0.397692920745
0.673294369707
0.242967756887
0.471883256816
0.609836289845
0.658240338019
0.759950516944
0.794775016753
0.534798814777
0.766488928211
0.179185991091
0.720106295020
0.461809473951
0.520059439355
0.458515482575
0.599281026534
0.571200636193
0.791391975321
0.841370316004
0.318437981919
0.658361719334
0.441703873409
0.639134989645
0.624818622168
0.317837392539
0.225109504048
0.476806085942
0.426965441607
0.687676543195
0.501987516759
0.518236941030
0.724124978239
0.658768646739
0.486030490447
0.234105697215
0.109689919045
0.170892801517
0.465047190769
0.504332882367
0.391404116001
0.036030175426
0.440976010482
0.429681134612
0.351239997065
0.520008420644
0.444961733109
0.233711383817
0.725547685575
0.410076022237
0.690385007218
0.258341246452
0.593667143172
0.419357686052
0.786996697653
0.514545469316
0.508724967945
0.649419348179
0.654934954288
0.387568808319
0.661609162280
0.636953039240
0.768764871483
0.203322230875
0.187882664895
0.176366901535
0.423136296980
0.707786623542
0.296421938188
0.699058989097
0.432341249147
0.335852481962
0.438801838716
0.129408305045
0.155567596675
0.108788385558
0.296002532808
0.364617454757
0.627182247219
0.492353683868
0.364275941945
0.446509987263
0.546702506142
0.213281778543
0.725983150991
0.573259044779
0.295201068426
0.215841778055
0.377542577778
0.259608899895
0.650567240931
0.364126200134
0.641667773712
0.033653000344
0.727244904457
0.458748637367
0.390181615504
0.523566895765
0.712990079823
0.202885555369
0.140450056955
0.310877636853
0.387740571101
0.310017146426
0.887814019197
0.592031967611
0.262541692819
0.408234054580
0.833925164990
0.705077444754
0.401684964549
0.536671258577
0.457588887895
0.129334643066
0.686398721385
0.089883604899
0.599772261854
0.691865351407
0.746353702535
0.440464028388
0.480809421105
0.502385687089
0.475228393767
0.395863969131
0.647578348883
0.406019878896
0.736802843546
0.299287572885
0.172972088292
0.477542360134
0.826622113228
0.715454949731
0.317254192476
0.299490648737
0.659345518955
0.556774222559
0.489977909352
0.558893308645
0.174354153592
0.381895167338
0.541393431777
0.212165119103
0.248899929323
0.661035094741
0.061157334360
0.699589943497
0.342724884449
0.030700878880
0.455963761276
0.618666754600
0.246408499814
0.201924933540
0.717822280838
0.999988155831
0.272610141997
0.245958610957
0.708103816664
0.825238448848
0.717245265416
0.814028094671
0.373999096339
0.334802819195
0.723716667447
0.917143419355
0.171794601533
0.255049415844
0.631260734155
0.354014794491
0.402246340376
0.382342593732
0.558091873428
0.750712658572
0.292869115085
0.077055296737
0.722204501634
0.486421049788
0.703756429280
0.466659843752
0.632368894739
0.136971477417
0.283543393393
0.734558401617
0.318822206289
0.220028648588
0.092014313431
0.182436952576
0.669349783749
0.384537728361
0.247121360596
0.362676425973
0.507249701333
0.546724215176
0.949346264534
0.573720913973
0.407341484241
0.536026469764
0.453237784835
0.499636219919
0.714581416063
0.799777200730
0.595847699760
0.561713813004
0.531087889096
0.711149181068
0.543822267490
0.289338404195
0.738999163887
0.746309749128
0.651058198433
0.384715320606
0.252868081758
0.444094246911
0.538267465656
0.433058313429
0.698138729101
0.738537212785
0.259563433072
0.526957988104
0.651141782571
0.536769917531
0.295894625746
0.418384043585
0.176419636083
0.881190771024
0.660583197739
0.305733328641
0.365341432557
0.792456898503
0.029371733621
0.516615515820
0.787980241111
0.585237668977
0.523462900947
0.759701682147
0.567699408892
0.264955886581
0.343520429500
0.833899604743
0.179121026022
0.216358285134
0.658170459563
0.258006323691
0.276122217821
0.832783803770
0.302597005781
0.225643879538
0.633996895253
0.381942762692
0.366400955502
0.177179416920
0.687494107542
0.541664211226
0.219895460666
0.733937974711
0.551885908760
0.359806269140
0.715473126436
0.162481070326
0.689824550510
0.556015505516
0.291754464436
0.586357112895
0.661914777094
0.540389560923
0.580919801061
0.508830403379
0.704914956549
0.744538139931
0.417295347581
0.862843769904
0.844028496535
0.511823170578
0.561078223207
0.703850560108
0.602723113779
0.442193480964
0.593535061573
0.674363126381
0.906970136434
0.418060408846
0.322468177776
0.531672084887
0.706877949293
0.718037068049
0.244263592169
0.374600075146
0.361626386167
0.322597280404
0.644076510084
0.450951793511
0.090247165390
0.351152751610
0.348695533852
0.960205383576
0.137490968878
0.634727220385
0.458241142069
0.654871968849
0.421522282377
0.612490625981
0.593424406886
0.715121632783
0.361370369983
0.829781595012
0.317754202253
0.240677216180
0.673661371453
0.390504756280
0.375798785487
0.272798894353
0.546825719904
0.468590185099
0.316676995710
0.605375659696
0.596537896616
0.742765914621
0.844527549916
0.777275324712
0.335479622630
0.583171728845
0.117077007871
0.680735687294
0.554268930514
0.734155501025
0.689339676280
0.366313021732
0.755669223268
0.755888055497
0.626971242170
0.553783264618
0.321354998376
0.692663618464
0.721629010545
0.572313812254
0.707296234490
0.596462984472
0.087069979717
0.558145227191
0.656082016028
0.214315937895
0.311642107472
0.579533069032
0.823390588471
0.696158199614
0.898609433735
0.107674183226
0.314536131406
0.674302996552
0.356867819585
0.501524508528
0.737139513203
0.402822557910
0.026473471101
0.457286904660
0.295744289257
0.369138131955
0.712840092071
0.141724354696
0.797921646879
0.411641269622
0.106259664805
0.512476689328
0.108726677867
0.688248162867
0.348288380646
0.672183835383
0.453160227724
0.650788036403
0.530348407960
0.588589979155
0.159079466159
0.778643705623
0.514116401967
0.554585379822
0.406619182111
0.395929568190
0.517246191639
0.761452421665
0.542994726926
0.559395248569
0.570185275773
0.199152701518
0.621221328137
0.507483484539
0.795036766424
0.787324158161
0.746830855572
0.697991214009
0.524029610885
0.414150582448
0.695279994302
0.675513751706
0.617421453522
0.600668929376
0.380621348010
0.224005259932
0.636320229662
0.445513907547
0.316941514460
0.516042896543
0.638439520680
0.125760698057
0.798593970157
0.846844728492
0.863704872194
0.575086966130
0.549207842983
0.514306779130
0.710640156480
0.488748321678
0.240072462086
0.767503760523
0.472420628172
0.158698586922
0.535292647584
0.635290464605
0.679296695753
0.325645854161
0.391935317353
0.592372706450
0.490367680627
0.407792443955
0.608850080216
0.475849969218
0.516324489728
0.673438418005
0.718848393227
0.736401210330
0.340256393393
0.603457710625
0.163896453510
0.779351704276
0.168483620225
0.539272106752
0.308099133260
0.137303535033
0.510643725172
0.600645383716
0.357681956859
0.716757783935
0.544380761838
0.554627418500
0.798326248043
0.663506719358
0.658505693390
0.546517257150
0.639422687930
0.476637552643
0.073794472323
0.571345142344
0.398546557049
0.279384738695
0.258856388032
0.402205791751
0.902572502654
0.815178481072
0.230922335558
0.726634305388
0.314337741704
0.315864495960
0.707594494589
0.337640225921
0.371718706532
0.420781059270
0.323133252175
0.713807108263
0.507934090397
0.835710021015
0.705004471435
0.509537596565
0.688270486575
0.330551965783
0.779428129095
0.278375419572
0.577705836506
0.527572309815
0.732117632260
0.495621729246
0.043152311128
0.662319309010
0.741182492409
0.846636658478
0.446609650302
0.304372296747
0.244683623784
0.760414094019
0.407860354163
0.647849630473
0.140889887160
0.604955176415
0.458562560124
0.491009252220
0.562964055489
0.619515315437
0.812255649795
0.156551001472
0.749223942822
0.678465855522
0.373231137895
0.704256431939
0.878019960598
0.683590751468
0.071742680695
0.410755941315
0.524627404652
0.159465567975
0.294893527091
0.426010661172
0.496471680732
0.536535001598
0.487094529215
0.209007884786
0.646582992738
0.400961178015
0.253379833909
0.658843106052
0.423338946329
0.219523725068
0.712141272593
0.753048369283
0.231048328813
0.727601949803
0.248107784244
0.514026750067
0.328798084498
0.314697315810
0.396282420214
0.799307604912
0.596027231502
0.557912630225
0.715943212358
0.624088954717
0.584786712301
0.502671312071
0.769063277305
0.491662469743
0.885737890114
0.821636792248
0.733672283036
0.810829723937
0.743353783275
0.378553502966
0.827606193532
0.658641767710
0.314006095855
0.803780616598
0.536442195289
0.640006624669
0.550119956055
0.773357137341
0.417650104655
0.607590341925
0.640727966938
0.735413826507
0.388259692787
0.425225481392
0.830048417117
0.588278842735
0.653553561696
0.244555209048
0.630962027395
0.498378864183
0.295989639754
0.296278696667
0.391158705464
0.676251253849
0.188897099995
0.690159723148
0.660932465802
0.417667634936
0.633194170762
0.195490948500
0.682601190751
0.829523750413
0.511133280634
0.681364552715
0.742663272963
0.210269195867
0.245088996919
0.827236841323
0.470953140715
0.619188107884
0.770450936110
0.331882865499
0.739126952325
0.260916029038
0.463138407953
0.269205499499
0.355128759100
0.442782643587
0.678492890313
0.755259964140
0.486338384349
0.487334173928
0.489714781965
0.515221932293
0.311882744977
0.739297473069
0.673132264430
0.671215916212
0.436273272643
0.614133404800
0.818488636634
0.598622830714
0.018988810422
0.782760546920
0.855512896211
0.486618699770
0.835115298718
0.192921285465
0.754071219680
0.428741147049
0.697004668081
0.757892112936
0.349479595427
0.620555214683
0.785222177876
0.295170799152
0.655249781340
0.454402613450
0.526388533561
0.695479629081
0.704343198335
0.761176160181
0.308704466801
0.742436784518
0.519141693230
0.042051346612
0.486677595816
0.369406382183
0.407699598825
0.554741367688
0.537791827899
0.576583056261
0.588151351738
0.517965650840
0.374222160983
0.467680980136
0.670825040288
0.343742852690
0.398417373996
0.450980391277
0.482907843692
0.676631229722
0.315314939044
0.165404507046
0.068629463618
0.641536262204
0.475238609269
0.284029146520
0.759478710242
0.587354252981
0.382313140121
0.452495293221
0.807916487494
0.744425650142
0.391614767111
0.408393511001
0.404315940912
0.285551436549
0.557477014907
0.495076587288
0.534719267876
0.313403695979
0.603880545639
0.747024002707
0.311543174340
0.746907059976
0.512659273691
0.185176351192
0.307202957358
0.290760826781
0.683960274639
0.666424450518
0.581401942752
0.390700056555
0.633415395083
0.581267283793
0.713535625055
0.500586555605
0.340166644838
0.780167099197
0.741174081272
0.378351187952
0.558960800447
0.625577418367
0.395121726652
0.659228991937
0.625755048253
0.409841967187
0.540441038669
0.760013638182
0.410184495746
0.262130763875
0.403402101442
0.337385813000
0.240122719727
0.568234669706
0.454732755540
0.654212079321
0.129412620417
0.570283325834
0.680127018714
0.619293872257
0.604113962353
0.408775771740
0.687385307651
0.795725377740
0.449056137507
0.547874722972
0.237069081793
0.882035971834
0.266109515736
0.272796658033
0.266621438833
0.850735291234
0.655495460829
0.436160273389
0.794754525500
0.712810117806
0.328052719562
0.088357809838
0.741110591679
0.744122581496
0.388914984790
0.254021951030
0.181062393112
0.854762869685
0.658156857327
0.823535430356
0.676108189549
0.589589506786
0.637004231001
0.670581605878
0.552647110415
0.366128567556
0.747707533953
0.535396457268
0.670665815437
0.472288525592
0.508802051670
0.539718268042
0.571213839485
0.660402158519
0.596073336721
0.488496473806
0.612868060473
0.614031813714
0.890269218990
0.379663564213
0.414765589642
0.612068007463
0.315824630887
0.958460240458
0.140551542502
0.793015115426
0.733233837178
0.728141160064
0.600038834164
0.395406874675
0.535784409182
0.621309637578
0.787749299398
0.482700361514
0.313496559506
0.544007623668
0.404691024996
0.278418126381
0.260172930121
0.469686349543
0.731974573600
0.341005687140
0.705089063864
0.492189469141
0.110776910364
0.089077586087
0.255500441799
0.650391574176
0.700219669542
0.476513354441
0.341883900911
0.558266084160
0.565620596625
0.705283402026
0.227540002734
0.273906739612
0.476289007231
0.187005752049
0.634886214673
0.195925647589
0.446716708946
0.553178094560
0.829697558254
0.396865232691
0.659806827115
0.258735738969
0.241513913883
0.369945867915
0.532884825041
0.544106312336
0.681511503599
0.715830497644
0.702596713461
0.464363966229
0.967177231591
0.623490446319
0.272048764425
0.671199329359
0.948292398957
0.643521231699
0.073271712464
0.786796080099
0.733093369671
0.421572422491
0.471624056931
0.623074699017
0.740499126065
0.645167121882
0.346811548195
0.459129089983
0.421944519556
0.485297864769
0.129639226519
0.503272238502
0.564334883219
0.604712909030
0.557191674320
0.786775829122
0.717145851688
0.592386806567
0.225852120000
0.435830256842
0.887198601689
0.350378111210
0.518705148868
0.802462936367
0.459028202780
0.638129039518
0.526665981669
0.740926375110
0.728715566899
0.556590693263
0.288596222686
0.593551973671
0.502772558802
0.833199682126
0.407532440494
0.460423254257
0.588527624145
0.673270125510
0.270864911909
0.631840369785
0.684718962026
0.741044882708
0.616479181770
0.642630621854
0.337415970508
0.528254619593
0.478471266374
0.632062708595
0.692577806292
0.699312007794
0.312292307704
0.588939357398
0.562743033895
0.186165897676
0.419027492395
0.742176559865
0.636552997055
0.450538961858
0.433460416520
0.213184291639
0.329531931021
0.547260624756
0.696237087743
0.290351484314
0.742073413672
0.414612100206
0.616159577258
0.501548623745
0.511298295444
0.618003129296
0.520443625616
0.218099889193
0.715845682971
0.696356978417
0.321673568089
0.880056323155
0.004421747421
0.338440661355
0.646332968212
0.246137466075
0.923838042448
0.409827438831
0.597015421967
0.690480344046
0.322721924007
0.786920307782
0.746467875943
0.356803004819
0.311913060961
0.862001439718
0.348169184482
0.209102386230
0.688446025922
0.574772580445
0.572531900844
0.265371640485
0.863294733376
0.705413470804
0.566681923293
0.663015403925
0.660559434116
0.109949122209
0.480966129284
0.426901738797
0.747043334108
0.489144879557
0.674547650223
0.771860393714
0.284507070784
0.771636549523
0.761631104291
0.320460892941
0.712588421578
0.784444781860
0.461625593396
0.410744493588
0.617686079836
0.662152593501
0.156873045160
0.476402845166
0.666139504631
0.663059784347
0.728113145648
0.862871206625
0.523552043761
0.633106349334
0.646450964782
0.199520589363
0.897541516334
0.631056616105
0.761014948753
0.830604627949
0.212068387681
0.348349027454
0.675204237786
0.751482674790
0.503864816919
0.571791277650
0.154985528457
0.233150217111
0.306496200556
0.311271975443
0.814697106247
0.679643148538
0.389386635002
0.567980123677
0.531336497470
0.386417636028
0.906421005827
0.585021614121
0.694222235489
0.938347826089
0.394244365741
0.577188668009
0.551184839499
0.376664939727
0.672623676799
0.710187070676
0.619528106297
0.516890237131
0.462505832743
0.535566842140
0.707263084336
0.792201307134
0.702395507239
0.631931539638
0.598218891066
0.203304134302
0.628499043519
0.900266919746
0.324374508881
0.677367528577
0.302237833927
0.797511778034
0.617757383074
0.766989060585
0.638213704921
0.716089594391
0.553453665207
0.510122611219
0.467650234461
0.822468239170
0.541888630020
0.371453167556
0.149381448801
0.303136795098
0.392445234371
0.669796398004
0.349965449813
0.711108298762
0.470228927588
0.444040320059
0.547402011721
0.681798917455
0.333399002092
0.751023911413
0.656286402575
0.685036206371
0.522690342219
0.592196619040
0.261681888029
0.760159080039
0.792403561437
0.543498715652
0.429477200597
0.472857137603
0.723967813843
0.858783778395
0.220873501970
0.401186512239
0.695766843980
0.388806558516
0.288288876096
0.575168174713
0.506043016792
0.517434777344
0.561839166773
0.714947431644
0.499636421571
0.414195096217
0.502383704767
0.770190842400
0.546714470806
0.791985388435
0.445684431897
0.871617333754
0.845702163094
0.730584536342
0.410042072892
0.697144437514
0.705376005175
0.420626327372
0.528304587525
0.769052489934
0.438636866395
0.688501164163
0.661610345199
0.554034934128
0.583929299306
0.375590561562
0.352470434535
0.188929035889
0.580995773308
0.816252334024
0.097132444832
0.692048917102
0.607911916818
0.636724708360
0.543786227098
0.542007643406
0.645192984425
0.659654497074
0.783381513594
0.732363911747
0.474234888446
0.455570938967
0.263191618282
0.234328270936
0.588594484129
0.431270953600
0.568893257353
0.613886736930
0.837656044922
0.753948849069
0.697591263376
0.600780403702
0.634124439361
0.720578671507
0.606030719956
0.593261877057
0.728164855913
0.852185988335
0.753862591974
0.696447064727
0.578049872015
0.725682535447
0.706542085807
0.440720269200
0.861510846585
0.354837790232
0.652511659273
0.330061578101
0.860876054546
0.327919565745
0.737163427240
0.292546328869
0.597885112708
0.731097116473
0.525900980074
0.732695640575
0.303999836178
0.408404869197
0.586645388758
0.196172127258
0.812101787701
0.735211740534
0.609150726506
0.659796195544
0.218812352695
0.433724730640
0.153872926721
0.421737762149
0.194407179367
0.534166765931
0.810751649954
0.184509139376
0.183102744472
0.510336186172
0.865933540257
0.218977595098
0.609608876041
0.669432725432
0.308830530658
0.748121983661
0.014741080043
0.111116065085
0.569787821915
0.673488459289
0.881755532174
0.263040943545
0.634570706049
0.576914708783
0.029376391197
0.485076085919
0.728545778795
0.522439759934
0.570648207441
0.437981833572
0.802331105697
0.909333680917
0.441971104241
0.681037957975
0.573111511915
0.473545955379
0.778731986933
0.315974849117
0.779601851617
0.355928473427
0.517634939774
0.337063222579
0.583724899452
0.616162654163
0.292496315950
0.604800728908
0.418678986729
0.760105555535
0.570694006421
0.572105000155
0.391986506395
0.785576708504
0.562381605583
0.868472855536
0.792804731653
0.660589780228
0.548360996146
0.344407537260
0.621238762472
0.517526912057
0.645823619310
0.626146368930
0.684429344460
0.634748675556
0.734221909585
0.680579615828
0.593749978782
0.682161214586
0.842714182984
0.354191276157
0.192030680726
0.505052802665
0.325586125092
0.447334452507
0.665462922547
0.682365181430
0.734940637509
0.180040396729
0.572959326171
0.694168005852
0.697915966933
0.643732769967
0.740930121775
0.347669878706
0.475881272012
0.596231743716
0.622154478542
0.377786666374
0.684099915453
0.584098999312
0.781903567539
0.560096932980
0.339470177770
0.757858916197
0.830222109501
0.523463318913
0.694663429635
0.457121832893
0.378607151157
0.739913463988
0.446615926975
0.255144393544
0.720113514950
0.735273680700
0.771559987200
0.364272119471
0.677505049343
0.792820464453
0.636746009605
0.657155941232
0.425558187977
0.661980018832
0.262538271567
0.653185177898
0.294845997432
0.481695800788
0.397469814338
0.409850422816
0.507741966701
0.698640106507
0.572446441258
0.658986089483
0.666339349000
0.739861250604
0.626533652253
0.303056456673
0.693113082238
0.641179081100
0.471490825161
0.827354382309
0.499418356799
0.239557524192
0.587276431637
0.929287529659
0.254967989574
0.876374459465
0.643530891911
0.403759213915
0.648177054646
0.566218977775
0.761080364497
0.781492629879
0.786338152637
0.444219301189
0.632451792694
0.620777122803
0.743030168799
0.747230303065
0.600665886533
0.662209297192
0.680988772622
0.625734136970
0.483570537828
0.795498164606
0.379030825603
0.485951133722
0.755519981406
0.515087109593
0.344978390261
0.584074310580
0.478353593764
0.749664482453
0.271592432649
0.143627752213
0.843129525627
0.834412495959
0.906973144898
0.767293047939
0.554463698950
0.866442179677
0.403225412941
0.599462699017
0.538961249092
0.758749098674
0.688091415233
0.535620191069
0.293894569028
0.521471035848
0.820277539761
0.883742810352
0.340597082446
0.420677707399
0.761831249079
0.831231703660
0.398423133585
0.780151047762
0.456036129444
0.569774941765
0.455582097411
0.701589861169
0.373105227515
0.452623222535
0.610785156355
0.839803407805
0.572435081412
0.644377739190
0.363875385920
0.328054774675
0.885322582223
0.769676022248
0.716455638308
0.999978426527
0.293048994575
0.803605696055
0.400716021650
0.457141073402
0.450304569356
0.362939643700
0.493918720302
0.640169915955
0.826500275908
0.712822085657
0.369824933905
0.772512395974
0.499091631797
0.810826929250
0.166451626676
0.486936767110
0.349867554417
0.386835271768
0.584790777857
0.468585894490
0.854169098338
0.896141177415
0.803299476829
0.695435914425
0.693042643858
0.882112375409
0.767029536951
0.429106697129
0.313020896306
0.103148950579
0.318317581277
0.800098579939
0.425417687953
0.204827244872
0.693800592631
0.785791522997
0.811784845290
0.677954920174
0.876846301155
0.845377536215
0.632619670413
0.758569840146
0.622318128331
0.437793420560
0.785184578449
0.627054553811
0.545379325001
0.729358225926
0.219797155526
0.364818507199
0.709328207327
0.529069399760
0.303493648905
0.583401497278
0.503342807312
0.594383394292
0.457641597479
0.671757032495
0.649987213931
0.827454834865
0.679899524104
0.629766175245
0.872977896644
0.458279104986
0.402389767364
0.605501516772
0.468114561844
0.754812575866
0.620128295078
0.430145526370
0.708988943593
0.790335691210
0.745729721399
0.219573892115
0.692108103885
0.300904266645
0.700812621995
0.787431805970
0.799774331092
0.811035350394
0.583961218868
0.676137810240
0.621198524845
0.392504624827
0.727702319300
0.604405685946
0.422014241241
0.218275443705
0.838096008480
0.657115944746
0.949896266090
0.699179608506
0.566671084119
0.895666845028
0.556537931140
0.742387407213
0.789212464025
0.613741936837
0.822265850501
0.652886191036
0.262560415960
0.664630001476
0.381659179749
0.697284289977
0.746852543052
0.419366233956
0.381167836558
0.861271074884
0.467959156240
0.108846427418
0.724456037178
0.785685551425
0.467811006182
0.775134860009
0.353258365889
0.473445147756
0.447993316483
0.972145132152
0.572213941611
0.567426560913
0.636865234069
0.748763223588
0.860193498684
0.434424507637
0.520004308836
0.446046089428
0.462158413385
0.758633010046
0.599607968783
0.462786600368
0.661374761080
0.367539785811
0.509751846979
0.705049105180
0.813998497353
0.318122357284
0.659629356560
0.477526809796
0.393424067369
0.522598709305
0.782579416824
0.910897411217
0.603294572947
0.557713047611
0.308124838146
0.866457073086
0.134122156398
0.392528528019
0.548792586603
0.798107539392
0.470871545152
0.711070533062
0.537861659543
0.652436289030
0.888267735590
0.745733228240
0.670868576218
0.905761845574
0.596789037118
0.820153199230
0.667034829498
0.600433798218
0.687998549824
0.194840134556
0.866114532352
0.351963939060
0.898746268041
0.733686688129
0.420432963937
0.540350210201
0.694657914794
0.911772171189
0.377981235483
0.695302146908
0.621373592925
0.313771573340
0.709975792827
0.631311203455
0.680581748791
0.788477600644
0.552776556179
0.624022901110
0.340747816624
0.641634277923
0.554903846613
0.445862815870
0.764541471908
0.422505029949
0.503696482160
0.447671965611
0.229791185598
0.384939731798
0.680387058748
0.649505277733
0.498711407751
0.699277794107
0.846163913593
0.807778800183
0.777766108437
0.296222737591
0.041909570150
0.680779504012
0.709399221421
0.495296591789
0.586378835927
0.651369685870
0.419053362468
0.509539116815
0.075321200731
0.360048633706
0.536748646167
0.600766430954
0.783137279159
0.725159858329
0.708834821491
0.375710015188
0.753034849753
0.795012840211
0.617989270678
0.681451084122
0.766763658186
0.685031879073
0.413877252458
0.585920837059
0.301765483658
0.329788007054
0.498482349163
0.769190096111
0.700480054658
0.294162070415
0.745178764878
0.532413479305
0.891666443754
0.798011476433
0.745670288484
0.552331273913
0.576119199078
0.320205477457
0.888077072898
0.198095994530
0.576154650313
0.139001567385
0.436776532090
0.644958395211
0.911108560413
0.391064567620
0.900215933449
0.830711489234
0.220771723054
0.663570824197
0.586562921729
0.717071634144
0.717610635061
0.687454613012
0.411765684451
0.734574440570
0.919361339807
0.643082822828
0.521860285615
0.741557501890
0.637806634632
0.581735010642
0.754592670551
0.470692975962
0.877406825849
0.890966066707
0.730790798338
0.519488953980
0.239382464718
0.825036478682
0.734276580827
0.485979905574
0.888577204610
0.548121315053
0.383630149929
0.720147322921
0.767163396548
0.457892729978
0.720352380870
0.739262060415
0.756832861767
0.723741691112
0.770010044902
0.861070855230
0.672756949230
0.882162402525
0.579179526944
0.623493852739
0.585570178460
0.420083715068
0.815863901776
0.804196687403
0.811942621206
0.693436879246
0.626662314597
0.395027635355
0.735939992036
0.747311651405
0.513298885300
0.496290445547
0.610902286451
0.872380247354
0.103034354184
0.509594555772
0.781583512668
0.473470036737
0.661020863656
0.727637414044
0.458940112860
0.638469697747
0.671201744885
0.363135309970
0.829054545991
0.609364383512
0.664294469123
0.590096433417
0.331980131487
0.395640230032
0.417092107042
0.883469020716
0.740313837436
0.436659373383
0.823482781012
0.657863887434
0.513236901015
0.719008922533
0.765847676893
0.779448043438
0.632626668914
0.721499395723
0.595136775809
0.268527416200
0.850902585762
0.571323279700
0.226445946200
0.518439280175
0.112268983787
0.834721660645
0.746376405459
0.328443191402
0.593754426718
0.793455780726
0.604634718967
0.652740692061
0.689724420808
0.522511416497
0.429594803265
0.349464047703
0.398147492813
0.671537695473
0.547522286670
0.709630741364
0.881122432627
0.739455937751
0.505743702750
0.791015492571
0.666480159092
0.795386925626
0.704578521320
0.793786797352
0.540988468358
0.720397151478
0.567218822653
0.500196190059
0.452884868652
0.703791197105
0.649410795749
0.596751988332
0.749101373919
0.737560036260
0.821370458587
0.500520994763
0.789689250333
0.727532001202
0.795176597682
0.641477910079
0.629138402058
0.901614420808
0.589686572757
0.785727876029
0.600274450156
0.714760425833
0.820538947557
0.565961805249
0.610209152209
0.645768364129
0.860483044460
0.637528151474
0.599385229874
0.150144252931
0.474684592513
0.357537369882
0.665491046345
0.633733497215
0.826437350971
0.852921857350
0.646221753392
0.745735759358
0.329940685852
0.171775556024
0.831918000658
0.782857825487
0.863041338371
0.222571630401
0.542993317146
0.783463370840
0.397283753249
0.406596272595
0.493399594942
0.771124180967
0.814953448970
0.322993235609
0.454163362956
0.822427571754
0.240167444616
0.703205982370
0.464916014178
0.658442756851
0.647360538327
0.310661599913
0.733160972077
0.639614602088
0.359645320967
0.565748546133
0.610350275322
0.851640010810
0.520430780554
0.781638064822
0.671987090340
0.578466085602
0.717246326248
0.816487107922
0.592408271583
0.509895036470
0.711628648340
0.563998576786
0.591511921198
0.386025401224
0.577842439814
0.392431057216
0.787317821878
0.570003150555
0.415345635036
0.038256697127
0.310739977233
0.659915709132
0.732444739934
0.547830425305
0.818440542697
0.300378867106
0.777878048603
0.745026699245
0.750994764474
0.823002707872
0.782163490374
0.822778247875
0.589026040920
0.470149864848
0.780949393442
0.750992540735
0.780365993866
0.674994095843
0.268109100630
0.645618960204
0.844986192516
0.816218455446
0.507185330098
0.748721818496
0.577939364971
0.756654125106
0.397422979150
0.522557155387
0.472055585188
0.724686793522
0.662220781762
0.415232537932
0.758777345806
0.685408011399
0.872931566639
0.703915606636
0.480424318646
0.627061155286
0.534924177610
0.621118246683
0.665019261007
0.706385734792
0.744916104146
0.769579617335
0.828341351651
0.762322735178
0.711057881141
0.702046448072
0.303046473202
0.830791392124
0.467804236997
0.468759722452
0.770925678776
0.373190280314
0.851002270897
0.730039002386
0.525275510806
0.738295182092
0.686073149974
0.348440044508
0.710586746415
0.603069257059
0.337703901064
0.507685865674
0.309597623530
0.242091958493
0.655171121552
0.728756420640
0.760454994923
0.796071137136
0.506655470962
0.660704304861
0.495789382485
0.361818909465
0.829881534968
0.711591493110
0.770105223455
0.798666352562
0.684193159743
0.096387421027
0.566243901085
0.501801679968
0.814993323420
0.547666445163
0.579507084949
0.546217264045
0.487536375225
0.432998726274
0.499968461095
0.723746989210
0.659031816451
0.481658020427
0.854623660433
0.833520876538
0.775418820823
0.576147259597
0.845354252399
0.294736562660
0.476763832704
0.523235138152
0.467066430483
0.804161331227
0.634446977880
0.429069643094
0.462377045877
0.589425962742
0.614665054691
0.328189470745
0.126787162553
0.874444317956
0.824922601042
0.461185742537
0.806593701416
0.750652123756
0.637513242833
0.710160850257
0.742768305821
0.478798246182
0.738869055512
0.686085646889
0.731852622412
0.743014633785
0.968315257739
0.559543126750
0.688654300117
0.248677103189
0.574592171461
0.748708973007
0.850063225137
0.524520613385
0.348325123132
0.570923366232
0.513060399887
0.673652117038
0.692404127436
0.749713847650
0.551534520900
0.741340495693
0.744759221477
0.611512000785
0.772364017010
0.750923788994
0.751031587633
0.073239064633
0.787106726114
0.555669327917
0.791157107857
0.606538319676
0.741901838221
0.637613931233
0.696243994717
0.542577283678
0.764284474906
0.664577610738
0.771841889091
0.770468304622
0.269074242070
0.576285548857
0.504071343161
0.806368907962
0.906240212243
0.763615761331
0.827957835058
0.813927868206
0.319556771172
0.394383536170
0.781878215722
0.901490227327
0.720147416819
0.592746229200
0.499032102607
0.727418893168
0.660762055320
0.620694170645
0.704565778034
0.532934025075
0.549124750649
0.708667907281
0.898391443180
0.635125121914
0.705333808712
0.116683650755
0.450513839992
0.781035185031
0.127449244188
0.705711120229
0.514399127465
0.730451429539
0.253866485576
0.777248449454
0.535800654327
0.905047569707
0.583485373702
0.525659511172
0.869656940533
0.724953579973
0.626321551103
0.645465270386
0.934810174175
0.556309502665
0.747391957652
0.488360201136
0.423753741339
0.328539909754
0.751010428107
0.302784940949
0.174962629455
0.107211774091
0.640443864414
0.549622532232
0.487031255872
0.511293378906
0.867946394085
0.671007633198
0.534810007882
0.495805830241
0.838166369855
0.795864062808
0.410548363187
0.779115873056
0.245593069907
0.776837917092
0.588006108834
0.850577044499
0.735910948000
0.470861750093
0.774911606251
0.702723729127
0.806944106723
0.625801560289
0.785115289515
0.298415817007
0.636951276136
0.560332305592
0.777786232619
0.700342162373
0.697253205943
0.470203106410
0.350725115692
0.595780880806
0.461932669507
0.561367636373
0.641612061086
0.825789732537
0.429725789570
0.646220381552
0.809938302107
0.552310423138
0.544113235744
0.521700749336
0.712387933949
0.368910631704
0.566033099619
0.473166964273
0.806971181623
0.655947812284
0.645244532823
0.960737069195
0.325372590499
0.710316102500
0.789640772866
0.266273123346
0.662453776195
0.631412658868
0.655740414447
0.616615010026
0.732914604609
0.933949973793
0.289844382443
0.782665925611
0.822739402839
0.808086578748
0.409866642140
0.541432032287
0.585577253485
0.798333144791
0.569945862389
0.753572569669
0.672155195925
0.634909055639
0.665434594257
0.328123464470
0.692255259262
0.485058080702
0.458631914543
0.801378202690
0.782741932942
0.731981997269
0.602749299307
0.722967332452
0.256236696887
0.618803385661
0.832828664587
0.882857998115
0.665933307889
0.682548427694
0.534408787890
0.835692559258
0.844837469496
0.823041217636
0.808421140664
0.798270130702
0.483881188841
0.566150086968
0.563331223725
0.766896201144
0.700392851918
0.466588662748
0.719796681359
0.954651873048
0.602608178286
0.603878748124
0.782432388779
0.631529922865
0.565116470983
0.762711447720
0.637699226902
0.647504620484
0.855140857442
0.882058134057
0.663818209260
0.548224343088
0.824616659187
0.383014674438
0.533418136327
0.815709197020
0.694130368292
0.769131603145
0.853409519328
0.670827741568
0.668188002258
0.779721169871
0.677709703648
0.675146740823
0.531730382960
0.702132820200
0.516918090479
0.396241118239
0.556050764795
0.780897723275
0.764910319022
0.679817214423
0.439173611305
0.663576729153
0.530400089026
0.615571928647
0.789685526448
0.687395141491
0.561814485751
0.844655489656
0.567610227854
0.637652170882
0.617397397757
0.742752663450
0.839311862777
0.634437650497
0.667040940157
0.771205889025
0.330015412715
0.449541759444
0.833126556076
0.591038795246
0.609273640332
0.700101506659
0.528327593088
0.635530636911
0.523652557814
0.281760139359
0.473056563287
0.784673633591
0.656802095639
0.668678313480
0.578895850577
0.646681854617
0.735728771459
0.620954824940
0.508751347466
0.799723378753
0.386210939343
0.628519833642
0.599669923201
0.654446140394
0.779851013858
0.912117995827
0.562327000689
0.820804317329
0.302997484461
0.815346683626
0.905005680737
0.716209047336
0.787834020696
0.760349802550
0.576687761789
0.477384987771
0.493835723356
0.791098070400
0.781629842345
0.144778574826
0.527694832111
0.551960130637
0.637057165037
0.335027007418
0.581974800668
0.588760644148
0.538837278524
0.553154647955
0.528760943693
0.634836148653
0.396102492346
0.560972209409
0.235455794859
0.676271017569
0.732261284928
0.771852489727
0.679491217605
0.441400364551
0.512134711938
0.371703979117
0.869709220772
0.839850565742
0.874325246757
0.535434066574
0.851919209072
0.566664955392
0.647615194657
0.530529630880
0.838532006877
0.832264916009
0.686816546565
0.537621915269
0.717210785426
0.766501584398
0.688076043691
0.341677898466
0.459413437683
0.766796003666
0.638320141207
0.728048950312
0.756259755549
0.750041419309
0.649237529324
0.707892076492
0.811040285538
0.365790834637
0.363493753058
0.819305808399
0.456275820721
0.858381267521
0.683237652050
0.636754787252
0.632969724763
0.885730115192
0.627258603410
0.533742310173
0.251237759991
0.480421098951
0.658076464716
0.678598550577
0.630562402935
0.459385620647
0.810809089307
0.610056590058
0.561856281355
0.694234656087
0.647616197859
0.574942004485
0.526620056517
0.496027234225
0.854994304702
0.550093308911
0.378940350307
0.752865208937
0.577588444192
0.844748953630
0.836197357004
0.409598676048
0.783363380578
0.468260164581
0.394725276699
0.686740686048
0.111753759277
0.693583530567
0.577542426770
0.816388055057
0.472818499259
0.832553527758
0.796491137025
0.837288125745
0.710702754001
0.405927379606
0.817917764587
0.698769829670
0.849783299698
0.598445386641
0.649609847016
0.570265370513
0.258496854286
0.779090544455
0.786538403636
0.625682385816
0.795972701680
0.755308427073
0.451236520860
0.829167862770
0.421782714782
0.769766912574
0.437209376701
0.610106160300
0.821122762084
0.823065178217
0.727685162675
0.241555654778
0.562041250006
0.237685458841
0.716871730734
0.823562176130
0.913102494211
0.805802867633
0.210025111933
0.787721984122
0.789604694729
0.704449165578
0.508856441231
0.453235401996
0.752180270616
0.608661839826
0.391955634433
0.606391828755
0.353349365442
0.711228779706
0.477761198659
0.868385716376
0.323179471599
0.600116232428
0.828629033495
0.521664422859
0.523429296753
0.691175615634
0.718791055987
0.660906438349
0.544574761516
0.389476651668
0.780974192791
0.798919352126
0.792283717355
0.703442752013
0.488323769745
0.524306861769
0.530546983864
0.903930687401
0.710644936312
0.712509837767
0.793648378613
0.763900258819
0.529658219390
0.405713568531
0.707955236078
0.711942711984
0.824970335574
0.911864356924
0.834613032058
0.320610618666
0.632463440188
0.394307887068
0.800796070680
0.759284053226
0.408887294925
0.473116363233
0.556378756291
0.629150006854
0.824196757575
0.742051342222
0.831888428363
0.535660544277
0.848527794735
0.423823611029
0.717738511206
0.940797665546
0.462510258562
0.683922907380
0.729504106143
0.829969159497
0.751514546486
0.721129014184
0.637149028961
0.105673412933
0.700636387026
0.668793464766
0.725270797510
0.373963034436
0.437844801034
0.499412694671
0.496058718802
0.784140450172
0.722327597278
0.801989758674
0.406003483440
0.936763325508
0.314911805458
0.898660799171
0.674604149955
0.788692524209
0.688618079761
0.855216619273
0.897573541911
0.238308143984
0.830184239893
0.476694552984
0.466313262581
0.435837568444
0.745367266315
0.502244450341
0.835689051675
0.682799941404
0.761307927829
0.585607941607
0.501514272183
0.611106306799
0.845559774484
0.794002163439
0.827658468485
0.409343266974
0.679061278369
0.735752225498
0.133664727027
0.541517757264
0.552675022502
0.358075816357
0.805341414705
0.433128381734
0.581735586803
0.624089855068
0.304899445789
0.652729238627
0.628572956233
0.662141346823
0.747279771887
0.757292989172
0.631186791496
0.780356072859
0.628994237465
0.656728095370
0.777929132174
0.518220169968
0.608854122059
0.422211196366
0.556485885451
0.529285594225
0.801693331952
0.520550088342
0.730502654478
0.343963506509
0.365055675800
0.830764829688
0.748106370129
0.515235317189
0.517111696131
0.228022790989
0.618255377187
0.685685371472
0.478216681717
0.801203087512
0.746229739658
0.547567803894
0.770790941892
0.502383758001
0.694036576593
0.631943513380
0.381496236957
0.791844034835
0.622881240348
0.615957277317
0.790502665969
0.772221440583
0.398406648669
0.451717110822
0.419853790350
0.461856532604
0.551984307074
0.870019296976
0.507835670826
0.636123970987
0.902595973756
0.746355660701
0.600234677489
0.410329372759
0.446656687775
0.413629282344
0.670262720879
0.511345443332
0.509364554269
0.878016430325
0.696197699079
0.468102666370
0.867138816971
0.764042833510
0.583453788724
0.773216257111
0.768969565149
0.681183391123
0.655381052199
0.463218015915
0.753104757915
0.860055788006
0.720339126132
0.946858100857
0.892742376260
0.374757187741
0.440202943678
0.780259022359
0.714555535660
0.437457362403
0.583933800687
0.356235946230
0.769488974910
0.633258136539
0.767338811113
0.627055144786
0.263380907190
0.779867458225
0.745670892797
0.474906729670
0.697278541856
0.910568258542
0.507184849754
0.773463704057
0.802828972354
0.613566535408
0.889267589569
0.572152906395
0.674551508588
0.826177714868
0.552159425387
0.182105267110
0.478170281352
0.447711283882
0.929000746314
0.560485329124
0.658558101230
0.616019465964
0.903595875532
0.331786302587
0.699580856817
0.525732468778
0.482892168122
0.619723869075
0.583924226041
0.713756169094
0.428905412856
0.952301440487
0.661575802504
0.710262809357
0.742817193799
0.863406300858
0.478789455552
0.720668851829
0.845147680226
0.866127408945
0.640756854009
0.583708152766
0.754396265766
0.616954482068
0.916774783773
0.736217727325
0.669082098705
0.696241136485
0.545037166792
0.532857976273
0.691625059053
0.411484889116
0.677755631600
0.842609591536
0.402179649917
0.496647668784
0.796512908940
0.677498542327
0.819075936364
0.893362028596
0.789017676035
0.689089797158
0.806966138737
0.864681888190
0.773607469184
0.629196383045
0.502244397116
0.838862296807
0.559191631935
0.787114120596
0.809468795788
0.760001180130
0.526131972272
0.300443836130
0.560554689205
0.793220258969
0.714747883103
0.580150104195
0.711180248860
0.661034940180
0.504509821742
0.686916497856
0.359403426422
0.732292413467
0.684444632392
0.687976525145
0.841282338785
0.431452562253
0.705513091564
0.742262063675
0.715149416703
0.661332530040
0.779226444851
0.754152114216
0.473435979595
0.810314485992
0.722224675058
0.785930867795
0.623532014101
0.817297275444
0.854142030541
0.563496139470
0.767034464616
0.624744278581
0.707280341971
0.825121826631
0.878136175389
0.670050240050
0.814937605352
0.812404585535
0.435740350827
0.716445856320
0.444492123490
0.799281074891
0.677498405433
0.737019174575
0.560042790845
0.537918251422
0.653390396044
0.703280448508
0.268941473057
0.902126914642
0.817776410420
0.821086016698
0.518804164106
0.577661242496
0.713130059023
0.598284980704
0.300664959285
0.703716380466
0.673385855282
0.270573950991
0.489289780310
0.539214180926
0.701518530797
0.504579932284
0.704701854238
0.639680695606
0.569448203840
0.775490143499
0.464272890951
0.779133974511
0.071977168358
0.694461197754
0.614878805016
0.648985351814
0.767026799948
0.480245527253
0.719515053849
0.737053067415
0.404369850685
0.726380679699
0.676208015809
0.796962866195
0.530338416471
0.792935970369
0.699299293783
0.773090425868
0.787567862177
0.688792245235
0.701666293405
0.751263397007
0.696268341206
0.711215933368
0.836353866963
0.830434107545
0.364800760589
0.680774663595
0.872188266413
0.807896484736
0.636904471148
0.805559105236
0.678395409673
0.811293063093
0.933554397834
0.886200018603
0.799642744587
0.746059528039
0.627226134020
0.386894220667
0.852812333905
0.737230022083
0.222431128283
0.793001516052
0.409301702075
0.750603166313
0.737404620879
0.064359970538
0.899643749263
0.467713447046
0.537407098304
0.458803879809
0.459628011480
0.626339734147
0.761688878818
0.453457957174
0.738240521311
0.748716198745
0.510918170948
0.819757154230
0.704031903091
0.702776590569
0.558616730124
0.817330572426
0.879697230144
0.626410341222
0.693988841783
0.754595899477
0.446667103967
0.810976851633
0.758794261283
0.676953191570
0.748771565762
0.739521256030
0.774645672122
0.876166686364
0.589439015643
0.833826933786
0.743739149461
0.854130288416
0.796556993346
0.682928833384
0.945282587288
0.767823062857
0.460524306550
0.417681304703
0.808127342157
0.752959288647
0.744237999972
0.555651479705
0.919372525300
0.833912651155
0.736106207051
0.428078608782
0.695338678991
0.874787057794
0.828169450598
0.484119510461
0.728948798094
0.803456811666
0.720499921429
0.890752327832
0.287035156163
0.717430017290
0.828632691483
0.623578296671
0.522757443479
0.459284392068
0.389147284346
0.774480639224
0.660688973999
0.728154537755
0.773242224497
0.442769637126
0.755650635503
0.740928790595
0.753753728988
0.663344815982
0.544676537952
0.437600017316
0.873044030870
0.870048103352
0.832068301012
0.701598464260
0.740739288939
0.735395185451
0.825786705118
0.654629249360
0.495359814156
0.244703501904
0.710591320782
0.526042174794
0.769923257086
0.468604476406
0.624132147376
0.763398296862
0.620110225688
0.771400859114
0.266184269769
0.735425213295
0.751542581515
0.924438319558
0.611075010760
0.628412943012
0.781163341637
0.650455775276
0.533737172981
0.676760564895
0.635282207141
0.768039436065
0.803453455832
0.780865373490
0.357565336252
0.864929705081
0.320033872532
0.745690135599
0.782056153956
0.712803688567
0.460234802770
0.886623806667
0.566931515170
0.857573882279
0.584738171221
0.478896862540
0.766751464868
0.766265030503
0.617077155137
0.673385240306
0.910956233612
0.866093698772
0.890257268704
0.761916298288
0.704170516956
0.500397340774
0.798797924499
0.809867185643
0.596552308904
0.563328589567
0.621784368241
0.415333530653
0.851191110822
0.862053366943
0.780563796045
0.761054164264
0.358218708643
0.796646584459
0.804034210481
0.979783255800
0.711778890248
0.851706782512
0.627989032189
0.798225845325
0.875777650702
0.919849832113
0.722608227602
0.737481761473
0.720405326128
0.442394243980
0.892935478291
0.531614505205
0.619901714824
0.767485697161
0.712486048055
0.670542251692
0.481542956119
0.892691219811
0.662627643169
0.382071330458
0.638376988998
0.464608391452
0.703378438808
0.541799068295
0.434613572346
0.697566592430
0.764588822381
0.846971591343
0.579731162540
0.422414578511
0.788687887644
0.253555386739
0.663677409678
0.806380205823
0.848752199213
0.589726538122
0.764690132632
0.738748340514
0.440931548695
0.238633780070
0.734702741430
0.809989763518
0.607032393951
0.556574208203
0.882918064163
0.891094261616
0.708410627111
0.817910880548
0.539217765523
0.722130033779
0.733452820354
0.512592090299
0.406711616642
0.834434399781
0.670173914599
0.861692027963
0.670558366769
0.616742961316
0.401747757171
0.630458168853
0.860617955193
0.703954023302
0.729605274489
0.637151958568
0.705261123980
0.683254139881
0.905909713591
0.726849975060
0.719139249990
0.693686231499
0.501191297278
0.455991757028
0.650474316249
0.772870033900
0.492947017506
0.675164839017
0.811844725668
0.755245473672
0.737068853525
0.477942308918
0.696595747506
0.633837078206
0.809111932086
0.920114289810
0.291645999900
0.818776097163
0.734426240054
0.853266460617
0.601774973455
0.748529577547
0.598354615470
0.733102005150
0.352452725393
0.789592324198
0.759402240308
0.749916522420
0.370433278002
0.690784241694
0.669841797572
0.524684655256
0.855059439671
0.862662955407
0.621709189545
0.772329908162
0.356295477681
0.563030985394
0.827110654447
0.813705195184
0.602036195840
0.981801964203
0.542456047936
0.810504801898
0.388889756947
0.707275983651
0.663918013793
0.884090464005
0.604862215549
0.798199742473
0.875428002158
0.594603793449
0.811411995255
0.472824796062
0.542214209605
0.809965411808
0.806778599610
0.740553723473
0.633918417919
0.725347302273
0.797237798073
0.109875878803
0.658303142791
0.746221111219
0.371003272284
0.741933153242
0.849919377977
0.427890479835
0.787597591725
0.464446510558
0.804630520148
0.628470985975
0.696227994207
0.552705271287
0.858465547242
0.795172715425
0.803279459330
0.810068306226
0.800440978729
0.768102664735
0.875272451051
0.464701016828
0.816648834723
0.280026307481
0.628864185829
0.756332549350
0.543109786316
0.742426416263
0.430231046659
0.738497314754
0.722411017396
0.403053042203
0.511152888492
0.804303943684
0.550017405156
0.725850051566
0.973124546683
0.864258619111
0.932702647766
0.702060424791
0.827227419271
0.468074358157
0.800138884687
0.323506901541
0.628761482655
0.735173359997
0.514446295797
0.498656431403
0.830169904719
0.677617451698
0.634386956192
0.754306338979
0.693847209554
0.383633122656
0.274075432622
0.756744837483
0.689855282847
0.567889451078
0.617396506551
0.820752052680
0.605866049244
0.814390256592
0.607038833380
0.744295079383
0.821795214198
0.817480840175
0.734495352099
0.732964435403
0.678985720344
0.877247259636
0.782933442612
0.317775922507
0.677661334904
0.770401941016
0.432394464080
0.870049395243
0.791532138715
0.795736597436
0.524395905208
0.769530112581
0.830062320661
0.597964196059
0.845137950425
0.757749374856
0.722141956364
0.742489241026
0.866633348628
0.824534837691
0.691303781386
0.537735186222
0.633034728423
0.774812434279
0.829481256075
0.781482328391
0.582433944854
0.711252920810
0.456801257139
0.712847370099
0.880542347589
0.853627676094
0.615081682403
0.493816484373
0.682745432863
0.462345131821
0.506503652468
0.793348800437
0.876432984318
0.596659353527
0.744553861864
0.732995933752
0.443141507015
0.745408626185
0.838825618978
0.724521865578
0.811073052233
0.855821352372
0.764209639857
0.838842855435
0.594655884050
0.813185849018
0.831669069588
0.724500118984
0.829257289758
0.365564685084
0.886328465974
0.665101649386
0.672489419190
0.834419598006
0.822861974485
0.661220854475
0.590408555269
0.148127023080
0.927750835609
0.656085087940
0.631331588953
0.608486632477
0.690667579337
0.801090140065
0.739066640811
0.848273595380
0.905920881714
0.753307821466
0.747095619465
0.664670913589
0.706441950200
0.512592236953
0.489611525834
0.785564724153
0.629737478422
0.903019682668
0.770757894864
0.705048388928
0.762443107047
0.272093909722
0.653287182610
0.441508811225
0.737553964527
0.462466479577
0.869767108373
0.754913324949
0.643595107008
0.756262026781
0.673653668634
0.757663485804
0.803419063601
0.386311787821
0.722564335937
0.734727634295
0.663289293972
0.936532344708
0.870422668205
0.809907444175
0.846938272610
0.682823937383
0.856439156950
0.756193723320
0.788109427104
0.759620279567
0.717721912341
0.749010158300
0.799272876267
0.423288982109
0.814830815935
0.847442823004
0.829541389277
0.441649740958
0.483090376547
0.903893026882
0.387876804057
0.302190842786
0.540236292932
0.500927858138
0.621864153762
0.810941405002
0.521653668568
0.851949891060
0.748830763255
0.633928188754
0.876071768744
0.899685047622
0.567032257317
0.456988506336
0.746191961643
0.682677012623
0.739372003577
0.801102519157
0.516898322189
0.771543597703
0.621875878275
0.828984159932
0.882432433857
0.692576117118
0.699961872867
0.865228383647
0.694433619644
0.770296558962
0.721635618408
0.669755554737
0.908813492041
0.669652581901
0.785256530133
0.922065737418
0.683726153830
0.554355190901
0.628104525012
0.687003058812
0.845609381818
0.844550391437
0.686231228687
0.637444668746
0.862413231720
0.783860550854
0.802600324080
0.710983215461
0.762897895838
0.492294981871
0.667875249553
0.855793199797
0.478536651987
0.702310709818
0.759370890038
0.640713000198
0.831030881254
0.582415165379
0.748843421588
0.739420924231
0.668281120544
0.797076427411
0.689979164993
0.725003750236
0.702837346510
0.724485047597
0.692452274573
0.830134006399
0.721703528129
0.387728499724
0.699581912770
0.857559158463
0.635991798725
0.812629816271
0.865243581807
0.693910637417
0.817445612802
0.701613534602
0.573613169778
0.657398277229
0.625048509073
0.546125062966
0.411716166251
0.375699487542
0.819135400418
0.742452340707
0.705789767638
0.716840787910
0.757956106386
0.998500022447
0.764982175333
0.587745820075
0.828193099291
0.729200598081
0.805628105584
0.821483206262
0.831132745688
0.682824275898
0.691674869259
0.344474334912
0.730120940994
0.339461972348
0.755211731039
0.784419253904
0.646032047199
0.248932560590
0.802019668111
0.807499415860
0.500093766136
0.480484967325
0.787697221529
0.843973440619
0.778940225863
0.855250262148
0.775627662965
0.850009474745
0.781387999715
0.675947144155
0.765331881567
0.601591465219
0.601692094498
0.724016208215
0.751656989915
0.968264951121
0.620968383155
0.563827675466
0.752695779716
0.812297570688
0.601640119242
0.519048476944
0.186309046710
0.822531514186
0.673667414129
0.522744187689
0.634249098450
0.881705377786
0.526794006008
0.539360209155
0.656115316237
0.831931559215
0.481387551569
0.724702089012
0.350917527464
0.457517849540
0.676145963345
0.797872511259
0.659521634299
0.507025070569
0.706818499891
0.654771177136
0.777984541906
0.905326632521
0.761490862016
0.770766067658
0.659625980344
0.765282837309
0.780457582245
0.635585284311
0.592068882037
0.835179836013
0.776453852381
0.632536453866
0.660735264172
0.465908912991
0.601381209870
0.599815491650
0.749121193470
0.802423305616
0.797203164987
0.469755604113
0.585294327400
0.826774899884
0.705551703857
0.742598019561
0.776555024941
0.524659826929
0.797978495180
0.790371281336
0.322304232874
0.617817662117
0.298603488642
0.881350482548
0.481094666844
0.653212042929
0.550524991756
0.728275432609
0.668740918483
0.550429291046
0.772146184595
0.851977203731
0.655698593838
0.736227243267
0.555464775442
0.728928417249
0.664310812530
0.768740771749
0.621346569594
0.735281889729
0.867138048878
0.805962146586
0.561963930996
0.434420235001
0.448656817803
0.760458836964
0.649951569373
0.520646378825
0.558266348536
0.625058231014
0.582319334259
0.538191478082
0.776761922898
0.502029467328
0.569827148762
0.800236828453
0.637683579085
0.883984339519
0.750599081780
0.554131446113
0.712428562939
0.846901423182
0.412023981656
0.609588895846
0.920471247295
0.721499909122
0.666918305080
0.713687392968
0.715814778679
0.754542441496
0.207877957584
0.362434660630
0.965320556979
0.845849616027
0.412562818013
0.547838474572
0.857542783263
0.678412610311
0.331547178451
0.762592217801
0.572864664519
0.764585473697
0.594570377453
0.869788246141
0.762417652143
0.399977581946
0.713038496673
0.610722921227
0.720766128118
0.705654544500
0.544989260972
0.733699683420
0.332848362118
0.860044296572
0.568388766865
0.750057325672
0.631486343361
0.408697378725
0.834499247660
0.799029345650
0.546600932970
0.899411857135
0.723182575559
0.688415493499
0.393802846765
0.707766300104
0.600712632577
0.508330512906
0.743146739243
0.829823253562
0.851046520076
0.791670975515
0.586515574484
0.499530885607
0.605701245831
0.646258507403
0.711428783891
0.763565517249
0.752775274214
0.758065395044
0.822133086568
0.331049228508
0.738756035799
0.878377469769
0.857678731027
0.896304294840
0.390288535688
0.505833726548
0.887796098896
0.781078531451
0.906793815315
0.305696770067
0.607815123369
0.815972119735
0.568677977216
0.623880878756
0.723033479529
0.465559795588
0.712949362076
0.763823196518
0.770951540402
0.619495419721
0.874790309493
0.799626371183
0.368414995914
0.507611711189
0.729748551792
0.841107534481
0.723769078482
0.775844187256
0.950435814858
0.661345800671
0.455525940242
0.626692160745
0.715791601241
0.678592095856
0.615575872783
0.723136346419
0.806367154162
0.833960344961
0.852591325661
0.605687997311
0.645607527985
0.541059870355
0.713826308901
0.690132810892
0.682706996772
0.595483677332
0.749064436928
0.754687062584
0.754692216450
0.510110538696
0.900976779046
0.596619454246
0.903165025581
0.789080315009
0.789070740905
0.609280397837
0.820869349942
0.631215286747
0.681568942905
0.801925506243
0.809308474881
0.641259648420
0.501765616139
0.751683555262
0.541568012192
0.881809785627
0.670993917125
0.763731709726
0.125181577671
0.647817142542
0.624372867880
0.707256434567
0.757687197024
0.637130280712
0.545012883428
0.421163560510
0.844186640767
0.634349846147
0.889101076098
0.733632698590
0.860228485999
0.890218885952
0.308220739630
0.216161445798
0.802592060323
0.653421415714
0.772378515931
0.829541144231
0.281607392573
0.803486478083
0.804133340494
0.626439428399
0.876033234770
0.632117522869
0.579765923516
0.636289352766
0.649876350112
0.710220952474
0.598578453556
0.397681254914
0.600542691785
0.555349437139
0.674337133491
0.487663545581
0.815038188381
0.622176511428
0.502554222131
0.711970822933
0.756409028655
0.812370097821
0.674383796950
0.618089322048
0.625202290981
0.745543997687
0.828061758232
0.828682798723
0.462310862142
0.322477986584
0.852213393245
0.849499393120
0.624184884348
0.813473224599
0.768827992085
0.673750070053
0.777172132834
0.451724992036
0.848192017875
0.465639443755
0.156915412404
0.566106349902
0.775001733838
0.702897403372
0.780154388920
0.804135289725
0.982443733823
0.806407681599
0.850307943995
0.808227140708
0.805417482578
0.489727336432
0.783565467586
0.630707940607
0.843300729088
0.747420583742
0.630295631323
0.643140681823
0.733623350082
0.697068939554
0.793115851201
0.900594609241
0.866997788494
0.673799402433
0.787381549829
0.870624009735
0.655842009160
0.544137361496
0.246386913404
0.811270517671
0.368062737822
0.807479875715
0.913266587049
0.870175420119
0.738554482558
0.896431162730
0.810280442289
0.720375061693
0.668123350107
0.630643738497
0.919173494896
0.824112626285
0.709091195001
0.600771956657
0.866454275051
0.569927902904
0.632943082053
0.659538736554
0.462706258928
0.737354826638
0.771069665839
