# MSM local bottleneck / rupture risk ladder
# one numeric value per line
0.000000000000
0.001449395139
0.004221900232
0.002841679283
0.054820192747
0.224615297703
0.001477381825
0.008264877079
0.000246689353
0.005145855613
0.009205875380
0.004659346305
0.007133805092
0.002637085577
0.014294660578
0.005640316623
0.013032676147
0.002054353476
0.000863345400
0.003603661232
0.012704605298
0.288971130851
0.001425849678
0.002077027773
0.003509801783
0.000985555741
0.002162110794
0.005062916885
0.008350326007
0.000676608913
0.009677717757
0.003344837514
0.007557961192
0.001370233774
0.032059725442
0.001978036698
0.002670362300
0.012489776966
0.010954365260
0.001009325632
0.002180183496
0.006766087677
0.012656857747
0.003176747819
0.009593014737
0.015761604510
0.013766060268
0.000252054516
0.004377934328
0.001544188135
0.006957171170
0.003578541161
0.008096084388
0.002761101920
0.005242864313
0.006977498642
0.009724922117
0.000528650190
0.009906809493
0.002856935528
0.010632827742
0.010658326837
0.031386595218
0.052904854461
0.018117648178
0.004767508911
0.001838003347
0.000387682771
0.001477921741
0.008130437729
0.022047131252
0.019024528083
0.006646599148
0.000144482588
0.001363480040
0.000902806055
0.006736236059
0.002661348655
0.009112481796
0.002826357005
0.001381637921
0.019096535021
0.003653648892
0.004493802920
0.007343963193
0.006300408816
0.018540788598
0.009315779777
0.003633002253
0.002776828779
0.013381848053
0.019815401026
0.015051765511
0.000783343032
0.036107204845
0.001735881235
0.000285851345
0.034510308820
0.001622085831
0.001424181294
0.030275756733
0.002195521929
0.028760004869
0.013588580352
0.012216907609
0.000596305674
0.010659365231
0.001431910470
0.005905266703
0.000456801412
0.003241852961
0.002162209317
0.000152752995
0.006825514620
0.004943155955
0.003787376932
0.000386166249
0.038520867693
0.007240474128
0.011475625106
0.010634750739
0.001107061050
0.011616016596
0.000173606511
0.000942082816
0.007916734629
0.028183686311
0.013268284860
0.011350142955
0.000663733180
0.000538258368
0.025932259356
0.000584473961
0.002421185951
0.000110340283
0.001824248785
0.001551901755
0.001955529535
0.015790065265
0.002599933321
0.014965301409
0.000173230516
0.003568030755
0.047342717960
0.002716699081
0.027969667048
0.003496388353
0.001272260912
0.000787595272
0.008144517782
0.020479841149
0.018926068318
0.019950760479
0.003131106661
0.001390607511
0.001446189267
0.002565615568
0.003158127610
0.005096676168
0.001182509145
0.014237526063
0.007814722646
0.001501680860
0.010058136082
0.023174893915
0.004037305198
0.015097220887
0.003035599528
0.002838291556
0.000457314173
0.010096229860
0.003286506050
0.008045429610
0.109231956882
0.012161901120
0.001884075913
0.003083779594
0.015373320945
0.000042304437
0.005045204828
0.008712215302
0.002153592406
0.001698510134
0.014693859818
0.006767984237
0.001951227978
0.001399443444
0.002293099010
0.000045980669
0.001076613951
0.003547997558
0.001536871151
0.019619023114
0.034738144264
0.001879890912
0.002209770136
0.006211863765
0.014305071530
0.033119755534
0.016635460556
0.003991315066
0.000267821840
0.002814721825
0.023245782289
0.002359587608
0.007555468785
0.005240863118
0.012654374561
0.000252574559
0.006241077671
0.013096697595
0.007465094707
0.005331965744
0.012737439805
0.005312057409
0.006987165181
0.005500290246
0.006517281272
0.000828464130
0.001848648543
0.000260074403
0.004775120500
0.002080772482
0.002662580364
0.001663867576
0.011184502516
0.008475139650
0.010747858168
0.003819643286
0.006632409252
0.010555587000
0.002333666585
0.016554156444
0.001400356993
0.003480622816
0.018180257730
0.001802448590
0.004669868359
0.005237397918
0.004478288766
0.002747706185
0.005414650398
0.014796876813
0.023007441204
0.003440851824
0.003558169894
0.003568178483
0.001615628514
0.009138425255
0.003113801673
0.003334332362
0.010036870940
0.005169431127
0.019186114765
0.002671749313
0.002725231665
0.013084432043
0.003745028051
0.026631077114
0.003224800814
0.020682061326
0.001494370128
0.021594204513
0.005550132658
0.021980652811
0.000396164219
0.017030867755
0.006556362626
0.003972816085
0.000232917913
0.023422166137
0.001831719519
0.003562224158
0.003109307311
0.044152410755
0.006715172670
0.005992944371
0.023024348880
0.005190134576
0.077755123729
0.022673589057
0.001681583715
0.003820134377
0.075908740863
0.001066003103
0.008028598672
0.002513804803
0.060598988343
0.002966067487
0.002875234785
0.001304485094
0.002616759658
0.003336018256
0.002036434786
0.013582255980
0.015578504845
0.000555991060
0.008133832338
0.000967803392
0.003574503200
0.001407170684
0.004163893140
0.001387446630
0.032444698430
0.003595502955
0.002756399829
0.000620722987
0.018669113808
0.017198059322
0.020103982140
0.004223210356
0.008535078572
0.005257724619
0.023957279281
0.010274360399
0.006335843900
0.007069941216
0.004003441326
0.009530227097
0.004717166320
0.004416485955
0.000804380709
0.024609878805
0.006161154428
0.001756444658
0.003563972612
0.017076234660
0.030960537282
0.002635566147
0.002252009969
0.004505096038
0.004691007239
0.014889154395
0.016851825959
0.007404178051
0.008378731719
0.008331301567
0.007887800800
0.025267683542
0.010391920832
0.000179803390
0.001772504550
0.005475960478
0.008379674359
0.025413756903
0.000732024239
0.005911760387
0.014612193110
0.001848325694
0.000952443777
0.003097426696
0.022937359057
0.005269310145
0.009222384291
0.005497870098
0.008036890903
0.002703156596
0.001215753806
0.000854092121
0.005565437775
0.016732589506
0.025844972115
0.030556834565
0.003444576602
0.004894343579
0.010542842478
0.002252213772
0.024278713797
0.041861662876
0.037114162610
0.006208316670
0.012823721437
0.005320031914
0.022337240462
0.016585267744
0.003044633293
0.004730521207
0.002912290721
0.014952785597
0.004281734630
0.009332617065
0.025562695480
0.003161845983
0.008990211565
0.026354780208
0.000972792238
0.002871467349
0.001537224133
0.002054678300
0.003326464080
0.021092902935
0.000782823976
0.005262348225
0.006926570014
0.004426424998
0.003686082631
0.003677520211
0.004035689341
0.001681281308
0.017327547862
0.006074969483
0.053238589349
0.009541836265
0.000814918257
0.017530448972
0.022847302345
0.007469407419
0.011027483355
0.003536682407
0.002998274822
0.005406510431
0.001106316149
0.012659853613
0.021142845656
0.001275695994
0.000854394638
0.001044106876
0.027821946443
0.021161458804
0.002817974248
0.006111506411
0.013187964260
0.001441711811
0.002278731007
0.004497863533
0.016332653889
0.006336869286
0.000280546557
0.014405668549
0.005726045824
0.011469064378
0.001008568989
0.003481728897
0.001579887174
0.005947993148
0.033565497158
0.038843600612
0.004010700282
0.005698546276
0.002275303043
0.004775714891
0.004452376180
0.003316844550
0.003566988207
0.009859805169
0.002910168468
0.012564777386
0.002405092712
0.002463673394
0.005292548288
0.027223667179
0.045960006668
0.006220006561
0.001835258113
0.002840635517
0.008630098634
0.020618737074
0.005085486323
0.049988829933
0.015323204158
0.017062958062
0.006145530262
0.017875182499
0.009075721363
0.055916057141
0.011344397815
0.009028274887
0.001744831522
0.002344634726
0.005817073391
0.012878442629
0.007964582606
0.000680749723
0.021493715601
0.005701700885
0.006919653963
0.001220642134
0.000621180374
0.002898526183
0.004547340106
0.001186533501
0.001579794321
0.001195097929
0.000135524309
0.033086491033
0.003667385846
0.001108591406
0.006543182635
0.015176098775
0.002079074111
0.001577974182
0.052769237875
0.006886781101
0.075559360268
0.022788724372
0.000402737227
0.015028654910
0.001696321084
0.009741445215
0.025090070107
0.015552417251
0.022633826324
0.004474822385
0.022903382063
0.012683513586
0.025351411613
0.017480561808
0.024738403711
0.000620835964
0.001374442154
0.001168141475
0.063114767872
0.001575886658
0.003267592089
0.045609270898
0.010128465022
0.004675033050
0.009034313391
0.002876301759
0.053318214749
0.002831372225
0.003924102881
0.004942367356
0.001524192131
0.000558631528
0.005902920185
0.018236477710
0.051811155824
0.020672745803
0.001846010288
0.018522600377
0.026671663602
0.015660518053
0.047646750870
0.003893815880
0.001851138486
0.009880045907
0.010980250271
0.002643399692
0.000393170733
0.001345440974
0.001883383945
0.002601848367
0.005330893223
0.046390281907
0.004979005566
0.000917227277
0.016042223198
0.001009134206
0.012431364855
0.003109155716
0.028056384957
0.005008065447
0.010017666793
0.000507176969
0.028372390311
0.005714858476
0.005940287515
0.004922128623
0.009162116178
0.522419898177
0.003266274753
0.002851308756
0.009915602556
0.005667896073
0.004993301771
0.000678309900
0.015252365366
0.003494705119
0.006035657979
0.021196439290
0.013186092340
0.006713737285
0.000661290161
0.011932477880
0.049148140024
0.001681447709
0.044970868062
0.012481385042
0.000299751809
0.007568660308
0.017688499470
0.005236775035
0.001289989610
0.006230669100
0.010597512920
0.077335636965
0.035909141861
0.005322556137
0.006141637025
0.001045237940
0.000324310720
0.006463560417
0.009909422398
0.005361983412
0.004631763905
0.009560248781
0.015154410818
0.010162367924
0.034008298847
0.011246609630
0.005083383394
0.005112965813
0.000072327884
0.000974143755
0.002380325599
0.035996125402
0.028168773708
0.026033117802
0.001500795189
0.147286460746
0.031566734453
0.006454042061
0.002974316361
0.002868756481
0.009532477594
0.047169994186
0.006204925793
0.018261064280
0.010691161498
0.004671620493
0.003890740704
0.049662949098
0.033583940201
0.019630265933
0.015554242472
0.005484498806
0.000493334346
0.006777883481
0.020193325830
0.001902670316
0.017705557642
0.000356555494
0.007837848467
0.027517405687
0.006697271192
0.011630625089
0.001686322747
0.010640004476
0.010141889261
0.008424580558
0.009294130904
0.000176697776
0.023354404961
0.028180105065
0.014698394873
0.005350157672
0.005560187460
0.000343881333
0.006654836408
0.003145624391
0.015861028674
0.004636391442
0.017586611375
0.004964327036
0.002232643538
0.007635529611
0.005066977372
0.013516012324
0.001276839471
0.010855855410
0.009504891581
0.048339942234
0.000610536878
0.010630273333
0.005923564444
0.003940053219
0.006272858423
0.018724242154
0.027009575262
0.004222370443
0.001903693483
0.015610922420
0.003360622865
0.010492179878
0.002778266102
0.002427344267
0.002829429116
0.032962446943
0.004643345063
0.021089381516
0.007372616436
0.000577425076
0.000930060228
0.001340304484
0.054690673915
0.007843388530
0.012733547053
0.015051882744
0.002818573282
0.022713802989
0.044179227013
0.024868593446
0.005221341726
0.005744461347
0.002003881846
0.008654885185
0.018318103873
0.007160556097
0.007086042974
0.015223819224
0.015131249959
0.009711121060
0.006166994259
0.017663490686
0.000506845810
0.011825899078
0.006049246871
0.001369278274
0.024740320488
0.006145887407
0.000046581827
0.005093113717
0.007068365992
0.016112291711
0.006484059351
0.017488542252
0.004429410273
0.018180371949
0.001236493601
0.008427751224
0.028890682140
0.024141795130
0.000885310553
0.001526245432
0.010483996263
0.006818910428
0.005131121548
0.008536399000
0.011248361309
0.004169339626
0.012411016277
0.004229641744
0.024113383355
0.000984089576
0.010445953485
0.002247350526
0.021698022756
0.003004608384
0.001460504949
0.027641393645
0.010011955228
0.001348354162
0.027045217159
0.011853561433
0.001548797384
0.018924391194
0.008216344023
0.001463352120
0.002533801127
0.002984008043
0.078399974831
0.038289797372
0.011557650738
0.002169113033
0.002603287476
0.005634335013
0.016014343963
0.001961291691
0.016826800851
0.014041456323
0.007404913590
0.001115014869
0.013221580337
0.037478389984
0.029480057051
0.003028403764
0.015068576483
0.004172124401
0.003077177167
0.001274122877
0.000831720447
0.000370996571
0.003514760706
0.002489675912
0.000452383257
0.000772856409
0.025312377892
0.007527356728
0.003511903382
0.055666059984
0.010563694190
0.001165512913
0.027124512051
0.009141171764
0.002541064471
0.002209123171
0.025275792736
0.000353228410
0.001146895579
0.002640405195
0.012731089994
0.025727831392
0.002687152331
0.019183177849
0.020326564211
0.053433629763
0.011783799248
0.002663664803
0.009030438769
0.079390324077
0.019102007256
0.017867999098
0.002203554245
0.081505945582
0.021604841831
0.005200999942
0.031062334541
0.043215707429
0.038532132360
0.012398440629
0.008343375583
0.021053712374
0.006250150878
0.007179230826
0.003977576391
0.004038689650
0.013912968835
0.014846617157
0.005500756080
0.007000324203
0.010443813077
0.004807530014
0.044291564700
0.032166951405
0.000900377852
0.002395622841
0.011602667987
0.008750419100
0.025987421565
0.016076211522
0.049893840987
0.008204865090
0.012050818623
0.000750377633
0.009189329497
0.003095449669
0.001313541546
0.004686576041
0.014854043822
0.006775167141
0.006122365531
0.005836613695
0.006472022215
0.006395829086
0.044022857961
0.001946190294
0.012691896159
0.054378687206
0.003762791191
0.004063119994
0.026817740574
0.010709599812
0.001040807780
0.000873942638
0.001378261768
0.003828431870
0.013979650309
0.012853748590
0.005314323065
0.120954990701
0.000806921688
0.003710195839
0.016360200011
0.003859417598
0.004529699721
0.012617617565
0.003252983407
0.005191392894
0.016782676212
0.039328991771
0.018447995283
0.033971941145
0.017521141216
0.013694858906
0.012002521711
0.016703881199
0.004486861941
0.028078272694
0.007976369419
0.003813984044
0.002853557377
0.009557972072
0.008517476911
0.032302164579
0.035570086176
0.009719404771
0.005796876474
0.009939920420
0.010337783301
0.001937827199
0.003668150612
0.006521289050
0.007791739219
0.012390370328
0.012236137226
0.000931305858
0.001447143689
0.003119253385
0.001528493349
0.027798013629
0.027303600654
0.012033868257
0.002307803343
0.007754878862
0.001598185343
0.008103041880
0.004756819508
0.000980764721
0.001516489197
0.002462883973
0.004002520420
0.005755140318
0.006170742513
0.004272625845
0.003678059407
0.003057520162
0.001905803421
0.032081492361
0.001205182534
0.006609503993
0.001085443264
0.005312437607
0.024286428720
0.003778644573
0.002702993566
0.131948639417
0.014021570476
0.011947795284
0.019064231672
0.011551336704
0.009072668573
0.003950276307
0.008489593803
0.064233985173
0.001907563155
0.019492639806
0.015758650185
0.001863383145
0.006050733385
0.001359952435
0.000525337326
0.003499131710
0.002950662612
0.002441391279
0.017830927214
0.002022539468
0.015370786579
0.002494260691
0.017587809663
0.000605317457
0.007142561063
0.025033925142
0.030914480997
0.007450521607
0.023090276790
0.022112058073
0.003882269684
0.022326111685
0.007839493799
0.018603006638
0.008858509159
0.014332717958
0.034448767028
0.002098907482
0.005450149435
0.006659004392
0.004769411645
0.020481865763
0.017572505881
0.012280256168
0.013937614991
0.003097542636
0.040936746875
0.004587571582
0.010355571107
0.005609233393
0.014952114188
0.017279884455
0.170129543927
0.008323569473
0.001002682664
0.002549912914
0.028800160104
0.002465834039
0.026854291086
0.059179293431
0.029969621539
0.007346864076
0.037318196224
0.010157029217
0.006135130236
0.014166995367
0.010853395388
0.004214016093
0.013368616503
0.002807999649
0.002869746699
0.003089970100
0.006040349491
0.005656466287
0.009642524256
0.002617885998
0.001885915255
0.006303139622
0.005008989098
0.035415554074
0.041557482706
0.035733719531
0.006400949330
0.005163812865
0.010531541637
0.004207806751
0.002187841842
0.006833778858
0.001760879143
0.001620680265
0.028144856795
0.009416218569
0.006594552630
0.003743212676
0.009895321739
0.001359468033
0.002489760978
0.040254331466
0.010899548433
0.014350256934
0.005812503425
0.002573590855
0.001279036536
0.001491756102
0.008081883408
0.185058842103
0.017921214925
0.029374212992
0.009175218955
0.027460690607
0.000502551453
0.002559606168
0.003765097299
0.004323744248
0.000999926713
0.010876875579
0.005865193129
0.001483490229
0.009420647106
0.066024600065
0.007183051279
0.003833467480
0.005268930723
0.027263233468
0.004474676571
0.009063942407
0.031050609186
0.022620294656
0.052405811263
0.009143679860
0.006151120540
0.002655910839
0.005607328666
0.033321684538
0.028237153646
0.001038990863
0.001556898965
0.005559465711
0.003416105296
0.106603635642
0.023318095149
0.005903165568
0.001529751478
0.000607754015
0.032527297753
0.007639856799
0.000697509869
0.005480961944
0.001298874220
0.003293196059
0.007168436838
0.002369621035
0.004488375635
0.038650213731
0.003728184432
0.045810596026
0.013067360421
0.491605418845
0.021467339466
0.011126275477
0.001047181696
0.004014291164
0.014408177613
0.001032884718
0.002471684199
0.010434355470
0.002722369544
0.000223545754
0.028715022110
0.064524162627
0.003054593452
0.006338037623
0.005511918600
0.018382591652
0.003134208987
0.009941543129
0.044555538091
0.006705068722
0.007098131188
0.002307973203
0.013831824088
0.000284358949
0.009913187430
0.006851814226
0.072669910953
0.026722436654
0.009729483935
0.019653771331
0.018273394204
0.002110821980
0.001668288784
0.005179030866
0.013663281655
0.008887050530
0.011975282455
0.004982838001
0.006699853447
0.008816123185
0.034367387739
0.005172253602
0.024998305935
0.002658708197
0.003379206543
0.015889675490
0.003777281087
0.135984374870
0.011903782403
0.001427989477
0.015322690784
0.001094396072
0.006913668300
0.010258894993
0.010466534716
0.000969423252
0.002034297706
0.011632282671
0.009330632734
0.007543540207
0.005525212528
0.117935057748
0.058079313760
0.002034627608
0.045560507665
0.011246306164
0.002293348018
0.003326252117
0.022288589373
0.001766371133
0.007565382180
0.006359051856
0.005982909314
0.066480172169
0.137757048000
0.015468914753
0.016092749224
0.007204272843
0.029714691295
0.008916150634
0.002592502398
0.004506867793
0.002340069462
0.004978490479
0.039941983785
0.010259265738
0.007641955133
0.003264911055
0.014730180427
0.004367046273
0.022479181008
0.017645209623
0.002302359787
0.009868089430
0.012169600596
0.005500075838
0.001800535117
0.003070075127
0.041054155349
0.001750404232
0.001804588743
0.002645229236
0.016830903845
0.011971510116
0.017132830579
0.002446699899
0.017935302380
0.004226850429
0.010524849826
0.003619490839
0.043858380760
0.004261118753
0.015652974419
0.007426820305
0.021058574618
0.018657043551
0.002963603881
0.005243540160
0.011112094478
0.003839807895
0.009852379813
0.005392530664
0.041563028202
0.034796008052
0.018158148163
0.015866806509
0.003832817229
0.004598976364
0.007073643525
0.010475701030
0.003265187584
0.024026808672
0.029094419835
0.007164449864
0.003626263735
0.037304959302
0.022696158559
0.006409990368
0.026475910215
0.028236173546
0.008317887370
0.001520894034
0.005511628575
0.006048289296
0.013247837711
0.052219290233
0.001041421807
0.006528991291
0.019484244945
0.005644196192
0.018551575374
0.056601970152
0.064749174183
0.014944444166
0.021316752166
0.004081664482
0.008628052665
0.010941071714
0.022067962378
0.003367869310
0.002115339247
0.020862406566
0.007267014929
0.017891252493
0.010914438509
0.035853274235
0.006768902286
0.005440473233
0.015225063291
0.004112803387
0.004096682127
0.001873158063
0.003528882734
0.002966921265
0.009282359637
0.007929635435
0.029043539293
0.000000000000
0.000683571287
0.071959330702
0.023708165321
0.011466492206
0.000325292911
0.011079665689
0.003060609672
0.002374947590
0.003106214464
0.008455680886
0.005988569828
0.009240691859
0.002451639515
0.039528578410
0.004701867348
0.074299968291
0.024052534766
0.022802336639
0.001017675596
0.102380064732
0.013512891924
0.002363026481
0.002386919878
0.021437787256
0.000585036109
0.001404502274
0.002500835645
0.026824990255
0.005504879239
0.015725681163
0.005251456212
0.086481025461
0.037319578553
0.017739174287
0.284494146324
0.005869898827
0.003061137222
0.034346518622
0.003448943472
0.002892546745
0.009942172967
0.022055370988
0.016419222972
0.001619230541
0.014365790977
0.009356460110
0.001095284144
0.041891098973
0.003230650725
0.000557001953
0.092273326230
0.036087893629
0.036920617156
0.010023741298
0.004069929574
0.016621720256
0.040466496876
0.001942193688
0.155339478515
0.012991748115
0.024643319404
0.012178239359
0.001942886201
0.016522191530
0.013910699431
0.023948841673
0.043554819153
0.052712163802
0.009541206684
0.004967782656
0.015171578499
0.130950040256
0.006835438801
0.004036242381
0.009520932297
0.010625055673
0.018060215609
0.002597180522
0.004867176965
0.010440857960
0.003273190445
0.001231899060
0.003186921928
0.006454874574
0.009335147463
0.000181334370
0.013743231412
0.021957193606
0.018676986973
0.004081678997
0.002646841066
0.024237202691
0.015412443307
0.007516344457
0.006672378751
0.018818069866
0.055093097088
0.004778301271
0.024076279744
0.006159224088
0.007720713069
0.008659679769
0.001277403509
0.002655026198
0.005838525405
0.005640848874
0.045593938025
0.009063131529
0.009387115411
0.024340508402
0.007450415072
0.051001758298
0.048292802419
0.001792533336
0.000972118952
0.012581587773
0.007283462250
0.011504804814
0.003014002762
0.007272033435
0.029257081751
0.001304689467
0.013601472496
0.002502981217
0.016292572808
0.000906921726
0.003187049508
0.005649968576
0.015942529620
0.022448028991
0.038486933891
0.002566827735
0.013404720819
0.006708286848
0.002199267774
0.001194580768
0.013078488640
0.003658061295
0.010787052516
0.012751524929
0.004808032958
0.002759676376
0.002066333238
0.002539738324
0.158786719743
0.007929200496
0.002096568114
0.005325394039
0.007206588747
0.004021738363
0.012526173859
0.020297892489
0.003478449212
0.009501040182
0.003195240789
0.021934975220
0.009743490855
0.009854544763
0.011108636044
0.009400337073
0.003182730929
0.007933245517
0.144603732228
0.016472422909
0.001569403847
0.011151892048
0.002055866954
0.020445026988
0.014332268347
0.006608263910
0.000673684161
0.002605558827
0.009161443261
0.000286412156
0.004728563592
0.006224135223
0.023962684537
0.017183341989
0.003915858702
0.047882248135
0.025748320250
0.050912083458
0.000884180243
0.003569770394
0.010688432271
0.004605471091
0.003983685341
0.058886454110
0.002504519700
0.000891828757
0.170283429755
0.065442619943
0.001775796274
0.031683451262
0.142139423755
0.003031810676
0.002485325080
0.060212808979
0.013264157284
0.001412632273
0.028787687692
0.030724031014
0.000172176556
0.013473714629
0.004529625831
0.007713319630
0.019830350593
0.000844687306
0.011880925457
0.006668702599
0.016379795304
0.009424624679
0.005298792105
0.020558825417
0.004377923254
0.014272153813
0.005470917146
0.008581603645
0.009310734984
0.007665070954
0.000965684122
0.002015219568
0.009856590719
0.000100715744
0.002243758659
0.014614007112
0.036085852260
0.024734306710
0.023967698955
0.021815962857
0.082890853507
0.001345737510
0.003341062629
0.018051826713
0.005560824571
0.003841621761
0.003775022501
0.001090253650
0.000673199225
0.004031710459
0.007860327981
0.034470708443
0.034127959550
0.071179500695
0.012418310511
0.003135282478
0.020594094307
0.006314986445
0.010899830140
0.017113854594
0.007923716074
0.002556651004
0.030511150701
0.021378169757
0.012198016020
0.041275495690
0.008132251670
0.012485264341
0.018310120043
0.006091833174
0.004832547468
0.001425272845
0.010882276813
0.006482813275
0.079949303670
0.005185783647
0.006576231630
0.021421737790
0.022944351443
0.012090645367
0.001849342193
0.004083768097
0.046543550476
0.002395438616
0.050379929056
0.003171444253
0.008235253478
0.005581341405
0.002778609024
0.004244575031
0.005308432993
0.006977940860
0.008712016591
0.005880869799
0.009234987398
0.003631003835
0.013277347650
0.005315868657
0.004254805382
0.006663875844
0.002752088689
0.003203131923
0.011527264278
0.067686393332
0.027938295631
0.010546628138
0.048363054678
0.036183522960
0.032622214006
0.263900762406
0.001827938074
0.007087103194
0.007716572143
0.006069077121
0.025744399331
0.047051666159
0.004785339834
0.014578141160
0.004969668387
0.018978339233
0.013766632865
0.006412407800
0.004582517857
0.002851627392
0.006571955871
0.007888401388
0.005264077861
0.010407562581
0.002284516456
0.015410319474
0.040386645769
0.006585911886
0.009917928772
0.022568945881
0.013820991151
0.005970445654
0.041759404929
0.024164017106
0.007224385095
0.024031494962
0.047049264767
0.021976629009
0.010945283066
0.050741965756
0.016644288970
0.006365586534
0.021067400786
0.019683621289
0.027238977567
0.011284440748
0.008196986262
0.014355802217
0.006030397018
0.036822736821
0.010118942003
0.113880899587
0.011776745147
0.035399513691
0.006419908480
0.001250992022
0.013434963017
0.003649910735
0.116086410954
0.011962009620
0.001573374106
0.151999230004
0.003309054788
0.072904674484
0.019488355799
0.009360676855
0.048805436749
0.026647949305
0.011862346368
0.035254363041
0.037126079509
0.002178542349
0.019523663820
0.035190094705
0.010743663161
0.007803483489
0.002653865732
0.018827560100
0.004468431210
0.018028186888
0.015772258634
0.030201359816
0.004165873903
0.016350694701
0.003978149482
0.003030875944
0.008044098147
0.011675383873
0.028453661708
0.018240226785
0.017872103836
0.011671123420
0.013710426635
0.003873214768
0.002805834211
0.004997897844
0.070159224618
0.021259022069
0.005648672547
0.010661757662
0.014690319000
0.065579684615
0.000723749387
0.001747331843
0.000809601175
0.012287868461
0.003883526848
0.019644412894
0.001144617234
0.006023776018
0.004084507016
0.069143564117
0.017780287460
0.029136703503
0.004910486493
0.007683738377
0.018584375823
0.001926067355
0.002877284705
0.034982621014
0.003260363121
0.013032215655
0.003179875430
0.060942375926
0.027747929655
0.013913136764
0.006002480475
0.004060934342
0.000789103322
0.006801034150
0.003305082255
0.105369351137
0.019995487699
0.003519463851
0.004194907123
0.006477902642
0.004753211381
0.043255991435
0.027327409620
0.010991510338
0.034800985689
0.222734750439
0.023413414026
0.000818462452
0.012533469463
0.008832369630
0.007478614612
0.013285766228
0.005120505520
0.010531992984
0.006937351504
0.055559059457
0.046887686151
0.067480698722
0.009169028707
0.018819060022
0.059936426022
0.025768569160
0.000906132587
0.007376857997
0.006788047196
0.005942186674
0.013990745879
0.013290591192
0.003012666313
0.011220469599
0.002502719591
0.016470647131
0.006954628125
0.004886152480
0.004337849408
0.006817888175
0.004801073508
0.047713085581
0.007643055508
0.152823186888
0.008559202849
0.028770620430
0.005273891931
0.028793564476
0.003119969120
0.008956521222
0.053137918303
0.002429961528
0.013653508664
0.006106983056
0.006214497401
0.005545122615
0.006916859486
0.005462087080
0.009109171833
0.012237794069
0.000155268962
0.099701911865
0.080123747661
0.004906108968
0.063000249524
0.012858535065
0.003309822514
0.007643463822
0.022637024593
0.025365672603
0.023448456536
0.000328790196
0.034246267540
0.007895421593
0.002748787821
0.003107038066
0.071122821073
0.352236296265
0.078692753007
0.036420939967
0.006869296554
0.017365936449
0.002286088468
0.042614126432
0.014009086820
0.019873490331
0.055073497140
0.020186426933
0.009467620658
0.006323877598
0.018150428093
0.005645941145
0.010197235793
0.012447135272
0.002600607032
0.003563336000
0.046082764378
0.018700948294
0.011100654444
0.020237966649
0.005529998912
0.000275516283
0.004806972794
0.008820060009
0.004703727652
0.000966351950
0.041279227335
0.002869951030
0.015538546106
0.118397395368
0.016974586298
0.024903513305
0.005772404156
0.017442726029
0.004666468181
0.001467875182
0.002756254863
0.001368613000
0.006519082616
0.013801994894
0.009994282082
0.045545845900
0.001012330703
0.003953466603
0.008018813485
0.012536963802
0.012357721756
0.010989380165
0.006504797948
0.007150948610
0.046326693213
0.024384228769
0.002455671229
0.011720456963
0.072583560854
0.020225696028
0.036396097564
0.004418784392
0.007004137519
0.005024711535
0.003667505398
0.003157824711
0.001308011562
0.008091599184
0.012364243968
0.014170856051
0.152478577772
0.000921333583
0.006996845379
0.014120652201
0.097575587487
0.025656019421
0.004173942816
0.006220863649
0.016553938404
0.008692155840
0.005351948137
0.017505696196
0.016016551917
0.021496058442
0.063823754753
0.004872538600
0.011925556408
0.023100600151
0.013665239831
0.010435036116
0.015245665842
0.173852914853
0.030352811659
0.002103314523
0.018764440736
0.020162303277
0.013308359057
0.041056464849
0.004084442045
0.033052010936
0.002334899387
0.033359010130
0.013846069271
0.012203192678
0.035782183409
0.001352922296
0.033726607088
0.019518501964
0.001512151669
0.073631049713
0.001209416347
0.000107128057
0.025949637430
0.011372629864
0.003362866888
0.009445315837
0.011974591177
0.015303150791
0.021981603542
0.005202067684
0.001944856317
0.062370724998
0.000878016454
0.124543588706
0.003408491413
0.002802435385
0.007878639608
0.010625385817
0.041530524146
0.004056852782
0.021961021352
0.020628583481
0.006450985226
0.001059454890
0.008985420758
0.012284869410
0.030648586351
0.015829529079
0.003914259638
0.007316071754
0.022572933542
0.004370049335
0.014245201372
0.014707990429
0.102070232001
0.032399452458
0.006351956962
0.006250299847
0.000922139996
0.035620867282
0.002149205272
0.007685161220
0.001550744720
0.021824773841
0.008697264438
0.006332677629
0.002412383567
0.024554598518
0.046776923925
0.003980261637
0.024442930943
0.036668403597
0.000842709282
0.009960572038
0.009114865561
0.035141340227
0.043398642024
0.060260877211
0.006103514831
0.000328803638
0.016804911247
0.013982741540
0.019534575121
0.013036104725
0.003237022753
0.009193400059
0.026867285808
0.013065973685
0.011569371139
0.004937685403
0.038035416453
0.016911877746
0.007382495283
0.002661205763
0.000941611204
0.044523477532
0.000911299534
0.007642915203
0.000684498921
0.027112391886
0.023970917004
0.033870840510
0.022581221308
0.011291426336
0.015131290039
0.001560261745
0.011704116617
0.058167187015
0.038524696459
0.067382435946
0.014339531361
0.004713215827
0.018973869537
0.051478760779
0.011650210875
0.033176238083
0.014065902464
0.006148703838
0.139203797224
0.007639903441
0.006077687508
0.006718293363
0.011527514231
0.003480305648
0.066315082255
0.053649401572
0.003895152774
0.032084546313
0.004850731593
0.026084084015
0.001766160171
0.016004128854
0.009782813502
0.017943137021
0.007405644387
0.002639583770
0.072376517819
0.021559790891
0.002936587855
0.009886401885
0.042083742971
0.026409913234
0.013153877201
0.017509379407
0.031400534092
0.007924218015
0.000647968703
0.010075415887
0.002292816467
0.044768662657
0.001632535372
0.025122134270
0.021866997037
0.018430710562
0.023585897461
0.010698069823
0.004188431999
0.001042042660
0.002889610818
0.015197546768
0.008507597619
0.007456040058
0.003441818968
0.017373912137
0.002692356175
0.014658787998
0.003045522006
0.004561236798
0.007089079697
0.039562556835
0.006814024395
0.003235830852
0.066525915909
0.010816589025
0.013311120143
0.042014853280
0.047523416206
0.024857616538
0.026178071577
0.008887942626
0.022100184761
0.001840608118
0.075558645121
0.018626078354
0.003242970334
0.007430352336
0.046580053694
0.010044496608
0.012445923411
0.048656939271
0.018633065139
0.007243774480
0.133475279351
0.017234383461
0.012509084848
0.048502461786
0.001709352445
0.005266661221
0.016536402414
0.007339495168
0.004797555010
0.021997496838
0.004859379151
0.006757450259
0.009053113653
0.001265828986
0.084799242480
0.008305562515
0.055001690478
0.006151786410
0.009684168102
0.020735979806
0.001025894678
0.008935629885
0.005504928304
0.001035397870
0.007063098344
0.046843512411
0.005517092433
0.022590368840
0.006942537065
0.016698356153
0.001298312122
0.002682348889
0.021247674195
0.015086183719
0.286877215377
0.008432249239
0.002875013343
0.027488759124
0.002686227523
0.004023491259
0.006303975859
0.032528211972
0.004627954895
0.031769915362
0.024451204577
0.018899888106
0.001647596283
0.014745878535
0.007666679597
0.018934343144
0.001528524926
0.011563625196
0.012527513691
0.002179894421
0.011410009116
0.005800807092
0.006915083363
0.000678355728
0.002010580687
0.026670834295
0.005577962089
0.018747060571
0.016491032901
0.013517677434
0.266376673775
0.021141045000
0.042656439948
0.002002251108
0.033504164141
0.009831746139
0.005904783413
0.004548094888
0.029803330872
0.013322928236
0.040520020586
0.014219407133
0.057904173452
0.018009712095
0.049085710069
0.004343866729
0.000583979210
0.000892305888
0.029280196527
0.028608858213
0.071238591477
0.012525928238
0.003924646020
0.008005128989
0.032218250045
0.003502056474
0.007769496280
0.105854851574
0.006497849031
0.005703616509
0.005515886676
0.008026492244
0.083114094689
0.124537825560
0.013822791754
0.094267323043
0.001962697089
0.059821286304
0.023301240340
0.001207093881
0.002285256287
0.004275099640
0.144182272402
0.004196785105
0.067092156391
0.019032303637
0.111875312817
0.019241779735
0.003012326958
0.009536119394
0.012766441947
0.002757139297
0.008957336001
0.016758324409
0.029026404557
0.007147756951
0.001461648026
0.005386156196
0.005554503030
0.033820038330
0.028120430511
0.007571631109
0.011682874791
0.002019038493
0.009159914091
0.012728805010
0.029021768625
0.001588575495
0.033807974492
0.001281158730
0.082019408230
0.016266736546
0.011524580764
0.006361118599
0.015001008748
0.029119738713
0.017399502089
0.027899101643
0.009703913202
0.000261806644
0.004900965837
0.016883167310
0.016695428183
0.055181373249
0.005784085106
0.002348941998
0.003323047551
0.000745302849
0.002469264831
0.008131706549
0.007545048562
0.013085872821
0.009842343945
0.008590595176
0.023584096821
0.004390289488
0.003237597087
0.030263712374
0.002182376805
0.010766058675
0.021850560421
0.005813609860
0.038227103436
0.004478445050
0.006854157626
0.006480419705
0.008422457975
0.007720534518
0.031511753184
0.003124578165
0.000763942787
0.008401800045
0.000732971860
0.005604275196
0.097015806040
0.062015982426
0.002314070819
0.029190929660
0.016977681886
0.005001101973
0.012830621786
0.015809604213
0.018029791688
0.008805426023
0.042542014982
0.122993502760
0.011510828843
0.003542702312
0.019696672823
0.011226715681
0.054809997721
0.017090910293
0.004711029816
0.023269532700
0.001935336363
0.010021168483
0.068729694309
0.025335292428
0.001005964647
0.037740544790
0.004349712813
0.013025429903
0.006268216978
0.053637734397
0.012279526789
0.001415162327
0.002453168357
0.006493007640
0.016655005481
0.013405917114
0.004408199035
0.008715939020
0.069449305428
0.009009023571
0.001302035059
0.005529034690
0.004389016056
0.008531956021
0.014202018687
0.002674602547
0.006909841229
0.117679891668
0.030635993929
0.017731616234
0.040667373148
0.020580802556
0.001482668074
0.071199944921
0.058467199267
0.048972002087
0.002427701515
0.003501853126
0.028137593072
0.006782447065
0.018488272573
0.133294800144
0.071380034275
0.003972414783
0.004672151906
0.671749956916
0.032434801925
0.049210928101
0.002094305357
0.015474017903
0.001047980247
0.012655761857
0.005066522997
0.043600520099
0.103225268806
0.011013884674
0.045386791474
0.032259465108
0.007535911306
0.006738124939
0.006404050491
0.018309879193
0.072157595119
0.031751215736
0.005054716480
0.041150114300
0.001801315709
0.039965566915
0.210787435076
0.003474883088
0.000608803205
0.032304204591
0.008494881670
0.006535597314
0.005196891935
0.009090715019
0.009837090691
0.004833291269
0.032842145276
0.138587708648
0.006290546586
0.007448660468
0.005226151376
0.008879026927
0.159478544800
0.005357467764
0.021700325031
0.031894854979
0.051235938211
0.043730902183
0.028859388443
0.085269431451
0.030722166856
0.006689597526
0.051516949893
0.006449593265
0.029038521209
0.006542144255
0.019110643367
0.015063195642
0.045982866021
0.015598899590
0.007043975713
0.005345758950
0.008334769765
0.007663883122
0.002318184584
0.021359222888
0.047808557773
0.006663003024
0.001393795227
0.040161761974
0.002425219053
0.000443279785
0.004074391459
0.027620271946
0.003161767984
0.006568590930
0.005359805703
0.014530132582
0.003051822842
0.007364748841
0.017346960399
0.019048004829
0.011319362622
0.004193757557
0.106035196552
0.006352409644
0.002739457937
0.034339540433
0.003415594252
0.009870414294
0.023479554386
0.026301907867
0.011076329650
0.012209507857
0.012803764730
0.004822642743
0.117102621626
0.009911380274
0.045513153087
0.020588364626
0.000395178285
0.015613766921
0.007829175467
0.000372026610
0.067310576138
0.002847445752
0.026643962612
0.051501227971
0.021080349686
0.077553575016
0.000846366535
0.001212300190
0.010139562754
0.003425553155
0.018704453672
0.007925579354
0.006080269406
0.005639161928
0.037921396249
0.006530902162
0.043181601216
0.006910529982
0.093409028481
0.031899129618
0.031258470321
0.004833210228
0.005609066098
0.000811084180
0.010380268003
0.022623204216
0.006359355791
0.026246155545
0.001483085152
0.049800926128
0.008632643779
0.051310552405
0.026859908549
0.002030733562
0.342649215596
0.179404105465
0.019943152946
0.060481757013
0.021230989798
0.034853898224
0.004484067794
0.015456580916
0.005098619276
0.006006610861
0.017590592712
0.017646893534
0.051527778201
0.111021557821
0.001948352042
0.000712865892
0.042104245453
0.024585726628
0.017338413508
0.013258223212
0.038389781346
0.000384106540
0.035177951060
0.039447338992
0.015039669996
0.008007306887
0.003410808175
0.012220203594
0.003981829970
0.023418529515
0.002222460918
0.003061064733
0.020668083316
0.005380373210
0.119960495922
0.009667924553
0.067177172537
0.082485358660
0.049630847022
0.010395145477
0.015144563410
0.070374851478
0.003496095225
0.102730495259
0.004892111867
0.034027642587
0.005343568976
0.027091995690
0.072498571963
0.025475589703
0.010118306287
0.015341738962
0.005794208423
0.008427409797
0.004213380057
0.000852679546
0.005157631158
0.087131420883
0.005987362843
0.008000181763
0.020444623538
0.009659002618
0.015621928046
0.002907475325
0.009483078370
0.005860946376
0.070684798661
0.000730985378
0.024458891561
0.017840597945
0.014417073929
0.006401399214
0.011891632213
0.008265101558
0.022130280088
0.037165308355
0.072774568011
0.014978922457
0.002495796219
0.004714414316
0.040357129547
0.012465236235
0.009514422324
0.000994175858
0.029002530746
0.023540518364
0.007569480971
0.008135740733
0.030691732899
0.008126093859
0.005153837367
0.002046145612
0.023460164344
0.071361201057
0.004273914405
0.001280186515
0.024609708306
0.018696861350
0.002333831922
0.004064804020
0.009330312158
0.016794605721
0.098314159633
0.011737689758
0.007953549503
0.015982709000
0.003199917538
0.009041334302
0.009565543104
0.009910553707
0.001710775921
0.015295054094
0.020340863121
0.012122564445
0.005951870310
0.050633339487
0.000190027866
0.010505179502
0.031538025518
0.014132704278
0.147328152761
0.011652424091
0.031425005760
0.055820226439
0.019024973535
0.001603558023
0.020059690309
0.012642377519
0.007082767548
0.002545812850
0.025926219079
0.002995382978
0.011769823377
0.020428336194
0.018894040160
0.018055696533
0.011381172077
0.002237653335
0.036332564075
0.002506707626
0.023615266588
0.005476741130
0.026500135039
0.001784384808
0.029632290570
0.007535793922
0.028172724989
0.005297597967
0.000519746529
0.007350547570
0.013997630879
0.022980409467
0.002396427200
0.005216633239
0.005775447598
0.012859343124
0.029040865230
0.032095961886
0.000822047984
0.092574678105
0.070087333743
0.003530654034
0.003030637811
0.001925071127
0.022572353604
0.006833070973
0.007850925536
0.010200184843
0.019251652014
0.025079432615
0.012258838693
0.014210052793
0.083617088543
0.037828227372
0.011156258058
0.014817597770
0.001833742531
0.027914945027
0.004213516594
0.004022161890
0.023266306704
0.024380358796
0.058045994047
0.004501369725
0.095292207500
0.045771840866
0.046551189786
0.004522787271
0.004363636785
0.007784580229
0.012714317275
0.018469911882
0.030908118235
0.028315721625
0.031634247609
0.011934841320
0.041955476245
0.015394825521
0.005169282471
0.000885094462
0.037570635105
0.001079042968
0.018440464304
0.017081907709
0.030835506213
0.055749576408
0.001150182951
0.004200444169
0.014098517052
0.005035349776
0.033237427376
0.012720802241
0.007776513544
0.005788766363
0.026035695521
0.060359721058
0.010664821384
0.014511094363
0.002116720521
0.060236416501
0.042226215659
0.034045519686
0.056608322926
0.072218416116
0.014794763860
0.002377706169
0.011729743491
0.015236928223
0.030860527697
0.001899379436
0.001481935289
0.026200381076
0.001658006408
0.002677763076
0.004465818681
0.006467446359
0.023433232317
0.013407016201
0.001001277923
0.010696794431
0.009542108947
0.259066843005
0.070189610420
0.013236887731
0.009694111769
0.002193695440
0.000106053908
0.017153350452
0.026494352136
0.006295359040
0.044600295737
0.052896699038
0.032772779789
0.008123269037
0.023137131934
0.010388814266
0.008553996972
0.006030100314
0.033452223880
0.028972061970
0.054680886204
0.045208156014
0.150547089842
0.125664171968
0.014762716220
0.026318833898
0.009715874540
0.003525154755
0.023133241159
0.006348961863
0.025204679502
0.005898325258
0.012024950468
0.051432623673
0.005450390004
0.016810151322
0.006625343199
0.004025808932
0.012292045446
0.006309628818
0.004126662025
0.008783080016
0.000712250222
0.049263687914
0.009550486556
0.064363074631
0.011193066434
0.021068188386
0.009114101663
0.013675082248
0.005014126860
0.023847840366
0.004792697077
0.003874368315
0.124329922427
0.009523500182
0.001437424717
0.029289987453
0.047676064022
0.009881429192
0.000542344683
0.014889546286
0.073931398918
0.001068882538
0.010995182140
0.120184004124
0.013632924145
0.075351351499
0.000156872726
0.002197750112
0.044841477057
0.044841164224
0.031407846243
0.001778246870
0.031838589242
0.023404385498
0.004190523911
0.023482085892
0.039676768295
0.019260970971
0.034880262395
0.011014487854
0.004182697973
0.003966351344
0.084433874736
0.018831888780
0.001472630677
0.001902148447
0.008935274569
0.004562511318
0.015029338279
0.001267197441
0.003818154463
0.001291630776
0.032017533240
0.083372750665
0.016542556794
0.028998683228
0.000435626428
0.025775678989
0.012921168310
0.014689589125
0.002271683170
0.072709002695
0.067738089623
0.019893257046
0.010329988436
0.009108369717
0.034636400617
0.002385060363
0.023896215951
0.004743877950
0.012239243316
0.022235848772
0.097585056580
0.010085839425
0.013174095121
0.019991539702
0.003038374008
0.016862945422
0.136406371547
0.004985654223
0.004489104630
0.010013848834
0.000697328734
0.016429222703
0.033853029390
0.004389702633
0.057910704278
0.005817096388
0.000889590602
0.207633235079
0.193775418038
0.014432051199
0.008367315856
0.000507170114
0.017575048642
0.015126215877
0.006949493666
0.000480925878
0.014425058806
0.014150361257
0.005662361031
0.003508792585
0.006751443954
0.004732133489
0.066082614661
0.008081429815
0.008295475985
0.001651320803
0.037208063869
0.045376117354
0.154078944193
0.148343260791
0.094791056717
0.000981200476
0.003443406343
0.010345636630
0.003576647851
0.008498933689
0.003080916670
0.000313355500
0.002010429311
0.002814036744
0.023021447419
0.007883862405
0.008011940838
0.009631601909
0.065362873136
0.003172814620
0.021395623665
0.028976861143
0.029122618353
0.008858631957
0.018973841157
0.005277911646
0.003518439938
0.035974576848
0.044478061463
0.081641456059
0.032040823819
0.009102977545
0.000478783553
0.133664296602
0.021120309365
0.003835923670
0.001309423812
0.010997790109
0.009761908790
0.011718204772
0.013460315918
0.023750022752
0.004643383916
0.003964920456
0.020350162734
0.006753470491
0.067407168191
0.006858257356
0.002339663685
0.002893378213
0.001708406579
0.173058714916
0.021509509714
0.009467897958
0.009685614747
0.026722843210
0.016982816996
0.011468225509
0.004167379214
0.016496905875
0.028099764084
0.102873531745
0.184992810096
0.023319989316
0.011368817651
0.025510491955
0.006724411023
0.011086472446
0.003052277511
0.002170802277
0.003968275045
0.007460433831
0.025368238410
0.001524853379
0.026941248531
0.085120357470
0.132019231803
0.018119026433
0.000385907280
0.005735675251
0.136024674673
0.001462341567
0.014424505944
0.014805032682
0.033260456323
0.030644901620
0.038483003218
0.059161718473
0.002355508828
0.017847622615
0.010298682516
0.026293110009
0.081798532063
0.010771006514
0.066595902285
0.017350034372
0.000806835907
0.002840740262
0.046238750146
0.007576221208
0.012248890259
0.000331687621
0.018278013236
0.022212144275
0.005201581767
0.020030195079
0.004314340385
0.004708632470
0.136015261452
0.003408072731
0.001176645782
0.010430276251
0.006847104193
0.003203109219
0.012323668898
0.012063411452
0.171881565018
0.001403043280
0.006073020830
0.000556213005
0.001904056885
0.017690753989
0.041697687700
0.007905863764
0.022977267426
0.051643102840
0.027987029924
0.012257121547
0.022180278170
0.047433920633
0.009154859048
0.002790218464
0.011646681163
0.114109029654
0.011874351737
0.021102426286
0.008786426857
0.042238940822
0.041815390940
0.006282132988
0.010575686456
0.012653206925
0.023746625992
0.011875288423
0.043279351039
0.016566324705
0.082137572955
0.048604463158
0.047990203380
0.020694945120
0.023919897320
0.003307047790
0.029295984488
0.020287496095
0.001909446847
0.017543879494
0.114524892185
0.067450872006
0.013210097176
0.014559494981
0.001206786469
0.008612351725
0.006490892222
0.130771973056
0.014295598813
0.022443699379
0.030753842518
0.002879419877
0.169428200050
0.010441833579
0.085107994865
0.061622249476
0.143414122494
0.013665589405
0.026750367927
0.235782566837
0.006360563542
0.011390788398
0.018151419498
0.049912811720
0.020607535606
0.007704626461
0.001991730452
0.112743079299
0.079801342664
0.004207765423
0.013362054817
0.011549562998
0.004076565072
0.005562754029
0.004464850912
0.019125967282
0.064425721382
0.007539066155
0.048473609605
0.007216871446
0.069641938601
0.002283847611
0.003088680670
0.047736470858
0.018601914345
0.008006227230
0.007059615300
0.000412145771
0.055495508413
0.002277480748
0.005604865343
0.041444281305
0.008137862136
0.010949650062
0.002567535203
0.019830321000
0.068600506326
0.005382427982
0.026222591652
0.012690283642
0.042704801642
0.003969624195
0.005418617739
0.014838506869
0.087097297159
0.005001337668
0.036010771958
0.003359290405
0.014336896172
0.076756883209
0.012044149650
0.012547159181
0.071805634610
0.003915773189
0.008827678443
0.008731316022
0.012277057897
0.141709664749
0.002443148738
0.010827659779
0.112606634238
0.096902042602
0.025122239279
0.013589111797
0.003362392794
0.025500373150
0.065127200066
0.013426958643
0.005645703848
0.012297480879
0.078573662490
0.016670123858
0.064885224005
0.016899331940
0.007334721341
0.043280252189
0.000538393548
0.018126907926
0.001998096492
0.012842290994
0.006292872155
0.020494716979
0.013499264140
0.011750201025
0.003081157074
0.099428198648
0.027763082002
0.044847499395
0.002476206583
0.001103454030
0.004296411264
0.005559919670
0.023736197694
0.012908995930
0.007432735937
0.001117685954
0.005273435274
0.007819238110
0.024913159727
0.005238759345
0.006104118647
0.019235031446
0.001340688438
0.018712244580
0.017805924912
0.005150459696
0.034862802299
0.014103365167
0.002479257063
0.012269398078
0.019355600857
0.003160810023
0.013418141857
0.013061608481
0.051955205697
0.014130936698
0.001667557113
0.003512060647
0.016584949607
0.052274559587
0.006203951743
0.048627967288
0.027332985274
0.014557751709
0.006573687515
0.058582821846
0.004537902405
0.068554758700
0.008280514210
0.017686846079
0.000931322343
0.070396095496
0.039507236124
0.011976800121
0.004942509134
0.029993641130
0.083431612004
0.009251874293
0.001983505048
0.023484662307
0.009098521849
0.020458706371
0.011266144998
0.008216439790
0.003565740337
0.000903798939
0.025947466163
0.004997831838
0.050413236353
0.026628541898
0.049405670852
0.002085979204
0.005828594995
0.006304810094
0.006172481539
0.006315178200
0.027597503519
0.001152851844
0.042446011213
0.007532250576
0.020596164426
0.005395719730
0.008394485286
0.087266543913
0.039228931075
0.008549676332
0.001633817917
0.005404783139
0.023326160292
0.021064809502
0.065014394981
0.009302148370
0.003675924641
0.000574302918
0.028927636520
0.001745772890
0.013918001642
0.006703728445
0.008649200587
0.011844771653
0.000721570723
0.031263580356
0.012841977380
0.045057749627
0.093905613714
0.020790258508
0.006245243593
0.009217161614
0.011982032213
0.007170653331
0.011696136228
0.010730544002
0.010134910165
0.013892692188
0.000560845103
0.020108132275
0.017179746849
0.003897689357
0.051232333189
0.059876751015
0.013509868384
0.021961924931
0.012835117166
0.012887098471
0.003681956532
0.007014411000
0.000477369356
0.014452628306
0.043934837205
0.005135916197
0.011434206050
0.002958397393
0.008952414071
0.015800862945
0.043416985894
0.032922985364
0.012178251269
0.028215328794
0.083755587998
0.007707777186
0.005147987403
0.004269066836
0.008245163633
0.121556140032
0.015083846711
0.011977267773
0.057104970694
0.004220109001
0.273636251828
0.019413561692
0.202014914121
0.078779802636
0.012970957961
0.038695239718
0.011462375223
0.010782878769
0.037753795498
0.013534612581
0.038239576836
0.101967459313
0.005745127857
0.010862636284
0.023731463951
0.001902094622
0.007028952903
0.009360186100
0.004319995892
0.009532540984
0.018376496722
0.009559590945
0.015387341502
0.035796239896
0.006963620414
0.013379547991
0.109212787670
0.018269834138
0.005969570986
0.006346059763
0.080030332222
0.011693504754
0.002018429995
0.005042326234
0.010407202326
0.018463923996
0.015902576201
0.013421762422
0.007063350445
0.001156184528
0.001343987577
0.001141787502
0.066667421152
0.088911460583
0.011322156415
0.075002856284
0.039688662884
0.068221453234
0.009442782758
0.006927772884
0.002581928198
0.048865776969
0.009461147876
0.024030973576
0.010632089107
0.005395439104
0.003819210302
0.001228196704
0.055802075935
0.031459460385
0.096055891128
0.033367756420
0.032407862073
0.004835823537
0.063904438583
0.029426628517
0.021650031393
0.010002060878
0.014282519018
0.007315104367
0.088542739193
0.021825427141
0.011580307432
0.049180157082
0.042964976760
0.024602922938
0.023288039709
0.006135181710
0.093378214609
0.002055810658
0.018563760061
0.087619801920
0.019720695203
0.059737565193
0.028196171616
0.440369813979
0.005451656416
0.081589405599
0.000883410932
0.060935136029
0.016591644568
0.032356602752
0.019759418557
0.030750439668
0.552456921258
0.148035303519
0.000847970661
0.011045506294
0.006249817486
0.027444824672
0.011844195377
0.048588899829
0.007074375565
0.006427486103
0.003322503845
0.004520187360
0.030554038171
0.020350261607
0.082442589451
0.000196600443
0.003544985866
0.001193050057
0.011137898260
0.019013144540
0.012886962403
0.079943578357
0.004710288375
0.033601875282
0.015064621608
0.001369454357
0.006168376865
0.024983187275
0.010534278211
0.012286889282
0.001917514548
0.034755941371
0.033397248057
0.004552360547
0.007705501564
0.020560546875
0.006669288342
0.003253614079
0.001855892952
0.042373287849
0.001742306025
0.012890170666
0.111269348508
0.009515273723
0.004881468103
0.018769409831
0.011255055194
0.004907931956
0.065635599044
0.003935000090
0.001470188068
0.002009740787
0.243769295564
0.012534226956
0.005413069402
0.077311286089
0.037365570175
0.005223630515
0.010201522866
0.012684181823
0.010877604300
0.008477894646
0.032136948462
0.014271930062
0.001410327276
0.110012088692
0.079054859947
0.000834433879
0.001839477367
0.002990631773
0.034580865595
0.008816631563
0.009429301789
0.007256550069
0.005290005407
0.066919113754
0.006198790655
0.015647582482
0.007696083213
0.005447871677
0.020459449262
0.015444360058
0.043628129496
0.014925192083
0.008144623969
0.100007186819
0.009722976215
0.001914796083
0.041407530756
0.089257780729
0.001261079660
0.018606442861
0.027853385978
0.012146058756
0.263618247922
0.014714897682
0.034679898556
0.005153237170
0.026376143117
0.000919984575
0.006870408665
0.005396500432
0.008720296771
0.015590809379
0.040709051321
0.004897455365
0.014782194308
0.157652132215
0.017706865576
0.031953781265
0.014624124650
0.017039865562
0.039773678357
0.033799195616
0.047012794919
0.027546526933
0.079788733267
0.013385595697
0.006065413108
0.098920384064
0.054921278293
0.003574769427
0.078773469454
0.003974924797
0.006272868490
0.030165266749
0.011231133992
0.071336599304
0.046868163133
0.019175895000
0.001831693921
0.011629794053
0.000415760119
0.027836224455
0.021181680948
0.020245197576
0.200939385500
0.035021039736
0.015652186457
0.030223664004
0.015922059313
0.031014296362
0.027326869461
0.048691660363
0.032162410450
0.014026556446
0.010498567133
0.143916946800
0.060792898492
0.064106884389
0.037166172058
0.003823495840
0.022653911351
0.004071827054
0.030045686934
0.059301489792
0.007116419198
0.008703568293
0.015069570036
0.006940566634
0.013547502519
0.030479898197
0.006695926607
0.005312496362
0.094659661771
0.025007517311
0.055006825402
0.064485967419
0.008798706429
0.018683246618
0.008224093224
0.005648939437
0.003936902227
0.014334286056
0.059122394930
0.005803435474
0.001853644549
0.073510957570
0.004086578577
0.002871631671
0.042430888165
0.012065040872
0.036789360045
0.026068736939
0.006952527439
0.030167057327
0.045865530421
0.007459682776
0.026141928060
0.001528003688
0.019520587129
0.004696290973
0.059803471866
0.328524675076
0.014076958155
0.005777641663
0.075264539220
0.003053465724
0.027169648273
0.017582250966
0.015153668423
0.024578162493
0.060641270980
0.001926652257
0.018490873841
0.003405326259
0.002857294838
0.032172579050
0.093092129461
0.028136439412
0.014433618543
0.011300733612
0.023664969864
0.014109281161
0.031264567030
0.001578505719
0.052302135092
0.003416412923
0.003668553713
0.004555978265
0.052211599021
0.017645062872
0.010017687027
0.001336096299
0.056750032125
0.016959203886
0.048793448886
0.051383541290
0.135499704774
0.103065508414
0.064726972253
0.011730309846
0.060852398351
0.086874359741
0.005621057342
0.005381671496
0.045683062259
0.066116440229
0.014221797356
0.016342166084
0.012445999862
0.109094024240
0.033285410345
0.004415704260
0.011685976291
0.039218127218
0.064036358352
0.044548740317
0.014072316135
0.025300271461
0.003609744363
0.004267996208
0.015677368314
0.007975176771
0.006439032288
0.019980657491
0.037532186121
0.174943914955
0.003156202643
0.076661336439
0.174326430230
0.061926930982
0.015497431688
0.002595953325
0.003148923293
0.009233505470
0.025753684030
0.013099053584
0.001557598347
0.018958298195
0.014993649276
0.053126695465
0.022274337138
0.009948530275
0.015904735653
0.029591415325
0.009725450672
0.020266723959
0.038811212168
0.009914079066
0.033285694468
0.012587683609
0.037086415531
0.084878261502
0.003725751247
0.006942642654
0.003301520441
0.242991924603
0.003895797347
0.239009953642
0.053012205759
0.061796734807
0.034878532864
0.027350705966
0.011726642231
0.030939980790
0.034171543587
0.069161511712
0.048332523813
0.002850514186
0.004070638397
0.063463164498
0.008027908318
0.020800649256
0.006218261225
0.018532962055
0.133447982543
0.009110059167
0.016513776388
0.019637681102
0.009359476972
0.013135497947
0.005569962015
0.005582011259
0.021571821177
0.039244721102
0.008161172009
0.004236108847
0.013944547167
0.007351249591
0.029941675444
0.006005358629
0.001996846705
0.004264313281
0.001581626822
0.012770932316
0.015313526591
0.002517111661
0.005894934151
0.023933435103
0.078589304291
0.014328090965
0.035207417911
0.041104849462
0.001225947523
0.000463315818
0.005613312670
0.003768589239
0.008174869333
0.067998038251
0.054078443626
0.011426475575
0.048252526945
0.003111485604
0.049699470706
0.019982224919
0.004924391609
0.096517498022
0.003887650531
0.005567005256
0.006936964862
0.009904748554
0.097913736781
0.014722393539
0.049463182084
0.048959699984
0.187329594060
0.014791248975
0.014151825147
0.018895626564
0.038273181054
0.110128987878
0.004000511461
0.020277187166
0.029390523705
0.010570545298
0.068800127331
0.011126101137
0.031913636960
0.013578331782
0.009857899576
0.002071245385
0.042886471664
0.011645018018
0.028635709231
0.006633977202
0.107612672418
0.012694685393
0.082220718467
0.011596504938
0.005220476845
0.026412782756
0.010511342928
0.059060827763
0.018905006286
0.007423491976
0.047584563812
0.007975678371
0.002772781076
0.015866158412
0.042605330113
0.003660242634
0.002145217601
0.022420077066
0.001465545098
0.006649627638
0.000650309115
0.010883206238
0.005864750701
0.011255867619
0.007445830045
0.017772674864
0.010872763347
0.023308010873
0.011451323479
0.020531988369
0.115492332224
0.023787372396
0.004605711817
0.013245347577
0.005386786758
0.048287336689
0.003396128250
0.105079465008
0.133372652508
0.138904783258
0.034452921240
0.017888236467
0.008034156386
0.047193752928
0.028615421955
0.002324347258
0.012712065037
0.012862696286
0.201713526460
0.060339596834
0.015007993531
0.018335948254
0.021095431856
0.012879874771
0.007694032333
0.045201794721
0.055124203504
0.004370431778
0.008191376276
0.058081034857
0.012800375756
0.002374437127
0.018693239606
0.018486758412
0.058044193532
0.017713665246
0.014341384718
0.030457377684
0.039359102967
0.002862194083
0.001688145951
0.033188688437
0.004237536859
0.041828940246
0.003498615688
0.006876437234
0.041569768222
0.003593679945
0.032776630129
0.007247634215
0.047793352046
0.047092809815
0.028102037269
0.075524538096
0.007728638692
0.004410654325
0.005635786480
0.011866210231
0.009606857268
0.022060995913
0.011949923840
0.008704397906
0.053231701903
0.004025742122
0.030481058259
0.006760796579
0.000536879193
0.011934291225
0.025716374949
0.011375310119
0.022296243658
0.028081184693
0.065581023303
0.178443638474
0.019653155797
0.007619017848
0.009109757271
0.006048782678
0.022518737057
0.009916935318
0.013026570587
0.014017237182
0.016360469032
0.011171368581
0.004391810095
0.052979333931
0.065161917709
0.022391586068
0.068231941828
0.012108969931
0.061047345113
0.005336091068
0.016203294248
0.024543590005
0.004464223824
0.015995671005
0.016529561737
0.001292308660
0.013614335574
0.000795601871
0.007284686468
0.028204267651
0.134633451210
0.022840482890
0.008602841964
0.009322550712
0.230324124477
0.003427847796
0.027843022304
0.009303641662
0.023639818240
0.002718834887
0.032876137129
0.066183716400
0.011122500493
0.020409063217
0.005048539810
0.014720610659
0.027611821583
0.004478687813
0.017794420916
0.009374565194
0.002948309636
0.014763074508
0.007855574194
0.077284853014
0.070762473609
0.002798800310
0.022050209511
0.062967925210
0.009158047371
0.056601912038
0.248036859262
0.019756702822
0.007750523151
0.025182064682
0.005250012944
0.016020033697
0.130650412814
0.009417129557
0.026121840418
0.003972159758
0.034200815255
0.298946218848
0.002678117058
0.043465604906
0.004513416826
0.014858511855
0.005080096169
0.010595377932
0.006547589528
0.001565488187
0.013706078377
0.012213768450
0.013424732109
0.001798635372
0.021643762329
0.034451856353
0.003820940171
0.007132865727
0.019281937470
0.099512834436
0.020681867887
0.021738826719
0.020469819594
0.003250744205
0.003288785225
0.036427814269
0.016159466131
0.005653245102
0.009357896341
0.102989359583
0.018755995360
0.031801223628
0.012078160937
0.029496711786
0.023001387366
0.006794402806
0.010377559958
0.006484193225
0.038780789193
0.022718985273
0.038595270644
0.046530562088
0.009686100770
0.000708780412
0.014252186880
0.021306645005
0.003095090809
0.018756498772
0.028481052507
0.000903218779
0.009389301143
0.031039518364
0.138608254927
0.048273446183
0.020651676160
0.018169434000
0.004125416557
0.008259218263
0.004901981480
0.018319428115
0.001563033238
0.001422557450
0.008261785667
0.013667020478
0.114260793555
0.014160591611
0.003119566400
0.010565845197
0.013319166638
0.021348945239
0.004782843946
0.013717399187
0.059601300606
0.024602494763
0.011941459815
0.043582168472
0.006888177843
0.008489163458
0.002623740985
0.017141140816
0.033229904427
0.016362529667
0.055273073449
0.042242596819
0.018965889058
0.005908362479
0.004082006768
0.020915613484
0.016688892527
0.009622365652
0.012971968249
0.296636959699
0.055210357804
0.006985334491
0.054175827135
0.015722616363
0.026379207614
0.017770324282
0.007439274264
0.090081098925
0.006826835715
0.010247653132
0.005866572214
0.024535577159
0.013816455528
0.003923115629
0.041438085654
0.009321626499
0.002115463518
0.002938032395
0.002378396597
0.028254933490
0.018241875624
0.010106778211
0.001101846329
0.043202197656
0.026934081389
0.014618045741
0.052957106835
0.006254953973
0.035523101319
0.062234993722
0.044419708806
0.001822209113
0.000836123683
0.063279409986
0.035687499357
0.026316718304
0.007818771350
0.018949636463
0.014285972537
0.002349629819
0.003892819779
0.026323712407
0.002390594002
0.017890671987
0.013316570192
0.332678699135
0.080910097514
0.032709885816
0.027777274830
0.075436219654
0.000814656130
0.005413249729
0.006179559438
0.039486187622
0.075486303484
0.029045319562
0.001025070301
0.012794371758
0.035825276390
0.009789349164
0.004858418193
0.037647647167
0.006325246267
0.035005672645
0.011856066189
0.005970399690
0.031885855328
0.130972155219
0.049729307076
0.021267008315
0.024481088666
0.014541331051
0.055831464598
0.010084190283
0.007340263966
0.017410413736
0.002583597218
0.002328245519
0.018532883722
0.034364994033
0.009329420324
0.008607202926
0.007494430016
0.133304677928
0.005806299733
0.044150907440
0.005170012544
0.121458010380
0.083647220461
0.035845432443
0.022308132662
0.001496405016
0.006468617883
0.016491747515
0.012876262012
0.003082125672
0.003063447556
0.013374184052
0.013764258930
0.003142259180
0.014910828467
0.046620504477
0.012077848116
0.002182962294
0.014075775693
0.046463138358
0.040686688055
0.025675364523
0.005419447634
0.022326046675
0.010483641789
0.068696974297
0.000644854894
0.096751466574
0.056206974913
0.001993139885
0.002556946196
0.022012150813
0.014364132202
0.003795883952
0.008022269269
0.011828700783
0.001765322189
0.003577195430
0.002881943060
0.039630820423
0.013137126395
0.002532047973
0.009866834783
0.366798479059
0.004715099210
0.008514235591
0.060887238739
0.000831186061
0.015879869864
0.033880632487
0.028223581357
0.007269722596
0.021232658306
0.003312424211
0.013458712165
0.013576161654
0.019133976750
0.006447316892
0.001673894318
0.006644065821
0.010702617416
0.021433718895
0.019620208621
0.052445041368
0.000657573063
0.000250859517
0.017810117287
0.044463531309
0.015729376663
0.001008066704
0.068867711309
0.022166010740
0.020538037982
0.014815401455
0.008239123384
0.041975421122
0.009734292566
0.008749559803
0.665833681362
0.017394030550
0.044605495616
0.060630804868
0.002933644851
0.026133357876
0.007578386962
0.072839286773
0.002881183543
0.013004184565
0.008078153968
0.005808359096
0.119251047362
0.011963967393
0.086285778288
0.003739274323
0.008585730550
0.030951068737
0.024267805907
0.039991814420
0.046312446136
0.045543307043
0.032360864195
0.017515385825
0.149705085636
0.063771045394
0.023997300412
0.003514989777
0.001375524388
0.006187143332
0.069427686887
0.076540775085
0.000534140586
0.015017580763
0.002787454887
0.021058817953
0.130659888197
0.024357536710
0.013914329771
0.042526763507
0.047862586127
0.009944617299
0.018174874662
0.014545793437
0.008615863825
0.008515029695
0.005724666374
0.005989546703
0.002841167781
0.008462868651
0.003218899369
0.027915349723
0.078217478850
0.009146436505
0.018936615181
0.002488475785
0.035769111622
0.009890319663
0.337648781238
0.002182596888
0.101704466987
0.019383933372
0.013799230651
0.037148687355
0.019896242802
0.008507264067
0.099911504562
0.048671624425
0.025105910553
0.015896645833
0.026473518855
0.004294918059
0.094586320184
0.004609880915
0.031387499619
0.032556214903
0.007798049641
0.015819805161
0.007972584201
0.067157870503
0.047194390985
0.136154521634
0.004180258959
0.008974574315
0.034073476576
0.004869466468
0.022922100564
0.008700323054
0.015860603809
0.007241580064
0.032641130702
0.004835913299
0.016335224828
0.003705266271
0.017379965983
0.050311227823
0.034917647295
0.002534856832
0.013136935655
0.008484965561
0.003212899179
0.054987828794
0.027185694448
0.006723660728
0.060736092820
0.127500104780
0.004163675239
0.012649449411
0.004494331169
0.019787630547
0.020807453103
0.011397137516
0.005998740250
0.022117070687
0.002685350264
0.013260887922
0.053571410900
0.006541940212
0.120644644426
0.006550748048
0.001360498454
0.067014336732
0.026280672363
0.000797285490
0.084588617906
0.002269209336
0.000970736466
0.035496428144
0.003923824555
0.173816006348
0.011131834896
0.045318834967
0.023970038776
0.024903307233
0.025848888186
0.100818891168
0.001605280508
0.038703600917
0.163120798360
0.068691912850
0.022355462907
0.024907312659
0.065650675433
0.023199127323
0.057060759316
0.021420857821
0.058131448249
0.020261107390
0.027368066361
0.039546299294
0.010261857407
0.042666651148
0.010755967239
0.015692580179
0.007244757579
0.071972470154
0.024977476485
0.000656399164
0.002275114870
0.010426985096
0.003161405021
0.021306551228
0.005678586432
0.022270525441
0.031498850522
0.554191634182
0.021477156521
0.003775890190
0.002099960591
0.042605588771
0.100866447909
0.004100168681
0.010979748343
0.048718033151
0.006079934145
0.004879959391
0.013061609351
0.014085208399
0.001139522875
0.004249524075
0.006654994959
0.161433409797
0.022474077703
0.090670835698
0.077472040031
0.000424893587
0.013328512498
0.073623476068
0.003087874081
0.004178595753
0.045950769032
0.100881821537
0.001446279039
0.005832668347
0.030986288770
0.095911297034
0.011033527392
0.007403663192
0.005439207367
0.005520104586
0.008708184487
0.004789350766
0.110537367458
0.031605620891
0.001010710755
0.002254054221
0.009946471726
0.010314227944
0.033974173306
0.014329001151
0.012160602687
0.045225402503
0.047935317337
0.065121766692
0.075548823575
0.018170022619
0.013321680117
0.001887579482
0.018177344848
0.092481006339
0.002585093055
0.069717391149
0.013241633701
0.150648561673
0.000351413348
0.096002799446
0.016761966604
0.003800076950
0.121865630712
0.017852380401
0.029703942216
0.014655910563
0.003477088197
0.059994014647
0.094676294376
0.018596915642
0.010364647260
0.074766398328
0.016703047263
0.004526919453
0.003018915922
0.002915551179
0.016152492661
0.009933448253
0.046616155580
0.012263778165
0.031613794004
0.009150402809
0.034399652361
0.008082400209
0.010705700717
0.017892256324
0.137158943991
0.018531687315
0.016292174644
0.004647247142
0.002125475336
0.071048298804
0.042710765907
0.008196802641
0.023596909636
0.016200629343
0.006924173711
0.002653153203
0.005810422105
0.048831002575
0.002191854289
0.006487072276
0.022671057660
0.092110739116
0.008055739317
0.044290506383
0.060550740310
0.024226589600
0.067599615367
0.015264028793
0.027844933230
0.014989804255
0.007667409759
0.004238500593
0.051484888855
0.001995250480
0.009022181536
0.017502035621
0.259493800296
0.324471319719
0.112642282849
0.007779626994
0.053316225140
0.002071796704
0.044739722462
0.047841953723
0.011842267255
0.065006474939
0.027877625615
0.023120542267
0.005274729832
0.009024064202
0.121242299344
0.092255721460
0.003208542254
0.024238251621
0.000524287777
0.039568292263
0.027752385980
0.122750418516
0.018111146459
0.062291375402
0.018354791590
0.040496403540
0.027635048036
0.012698142767
0.019608556975
0.025271084126
0.008872458394
0.001220101682
0.043181861612
0.023418753226
0.006600860351
0.071243901386
0.037082296970
0.003514922637
0.044612266844
0.002028694787
0.005870030480
0.004066395962
0.021079532844
0.024326030686
0.009106704944
0.009710451145
0.002600471108
0.000246637765
0.319985356450
0.027394084945
0.027159089631
0.006975830141
0.002015159831
0.006937099018
0.055914666892
0.001393308106
0.063703380411
0.003398915437
0.030573686545
0.004524158955
0.023886814323
0.022401534102
0.003516826690
0.010052856808
0.026259951225
0.030534028519
0.009156350711
0.058285076233
0.011190159239
0.003529553521
0.012630813165
0.031295025982
0.044863649942
0.023662468974
0.030751098604
0.029471652006
0.001174246231
0.001613547526
0.004713707781
0.035930683121
0.010531071304
0.009546554113
0.005019254837
0.013109216483
0.025593770012
0.020484296195
0.068213707293
0.019259571081
0.017209920333
0.020244903003
0.017320931766
0.025204012185
0.045476583163
0.006458525357
0.002323857299
0.013112374506
0.031201225610
0.005079902959
0.011202495253
0.003284973222
0.014872162302
0.049571722251
0.032453373436
0.020614544034
0.002773871571
0.000268115942
0.043023634429
0.053951390726
0.010334594969
0.009283253874
0.024376272408
0.002412685725
0.003144487583
0.018903726001
0.009637532337
0.005914613950
0.049003470989
0.005494797650
0.086870200791
0.054694573474
0.034412230957
0.040238824417
0.011297576013
0.003347483412
0.006616781863
0.017177085481
0.006583359424
0.013837957221
0.058032480324
0.027164986683
0.002552140414
0.004442205982
0.044631832114
0.010530055565
0.006836611172
0.003954831834
0.012522018475
0.373145237534
0.081352436867
0.005658846242
0.007756329560
0.001023807821
0.017111750511
0.005098164239
0.034360478681
0.020459600034
0.077690502430
0.021093756764
0.007254470619
0.016375759522
0.057941477062
0.010667919526
0.009575655824
0.000419423733
0.018298136719
0.023493182598
0.003997395571
0.004627947781
0.000834065387
0.075790651745
0.021393848393
0.007408621130
0.011275575839
0.000654598545
0.091368815627
0.026895147617
0.004232543923
0.017819375209
0.008045661662
0.006105463543
0.071514621183
0.002386830862
0.023489933109
0.022763711651
0.007096762256
0.007451586260
0.013328831129
0.024497024127
0.086359912443
0.006491098528
0.020111858325
0.013400214333
0.001342674794
0.070957437212
0.010343670081
0.010744444402
0.003646148826
0.058347961456
0.006277188238
0.004701145667
0.004639374370
0.001691566539
0.066568047841
0.019682164941
0.003263432182
0.015556976206
0.024285220693
0.010502140531
0.119053223608
0.039486876588
0.048629374757
0.020466116457
0.017161456813
0.015391266530
0.006618825499
0.021047333730
0.011135711403
0.018206038201
0.002495110373
0.199087555352
0.007057396265
0.036861064829
0.081245660511
0.008127014003
0.002043377574
0.022587839923
0.057727992916
0.004888561377
0.000822993633
0.055779171813
0.047599811097
0.003486943663
0.017917557727
0.007067328378
0.004654532994
0.010108330249
0.014615640685
0.221370610290
0.017110334103
0.001279469705
0.016844428054
0.007237001774
0.040954858028
0.011573676333
0.003884780338
0.016030704562
0.156270697756
0.029566072815
0.068791926596
0.008333212683
0.003396026121
0.003695693787
0.024675653994
0.016571526735
0.033717278031
0.003140700933
0.061117019705
0.002898716835
0.093398074764
0.026509995436
0.000562559853
0.002682820430
0.010612113101
0.077071330870
0.065299495700
0.010113161401
0.021079717280
0.195418060571
0.009805514211
0.005300814330
0.013172601726
0.147482619240
0.006873497288
0.001006057201
0.000612749543
0.025533083814
0.002265997203
0.008885544573
0.014820713471
0.014732883438
0.034734913577
0.013785326337
0.001559706418
0.001107422138
0.076659785514
0.033540006024
0.007487700737
0.015250746845
0.011079978916
0.051355759863
0.046651931306
0.006968623271
0.001661304194
0.007604226267
0.343312238678
0.081327723264
0.022220498650
0.019036487207
0.006807535692
0.034325009151
0.083674087013
0.035358190311
0.188475808084
0.022960424045
0.109480012480
0.013298497385
0.071960532056
0.008569592729
0.001276041344
0.036541344346
0.116879020689
0.012317289396
0.244414318180
0.014457260313
0.020488044723
0.007225055270
0.025661533098
0.002728802761
0.004989715347
0.003947819153
0.035791792744
0.009236014427
0.075667608162
0.004568512871
0.006994904292
0.166574836938
0.017693385848
0.006152197157
0.006701036525
0.053405605386
0.091991120929
0.043058955757
0.029393648667
0.002240694640
0.158055033531
0.061697102755
0.019511016702
0.013932496081
0.002536885657
0.034839021407
0.018093824395
0.007686085613
0.031025460931
0.027897645502
0.002736770922
0.040943359546
0.014109507327
0.035848892954
0.092393504371
0.077205632799
0.140899087040
0.067402439309
0.010299053961
0.059713416800
0.004428712374
0.030985981755
0.011855766021
0.072269200145
0.585140831375
0.009596307206
0.012418707034
0.007819617867
0.003841444782
0.027751498849
0.037635931307
0.023478195048
0.038157750189
0.069981586520
0.119316493644
0.092859105435
0.066747841926
0.016250978747
0.092569188122
0.001235499534
0.047892539763
0.009067132031
0.016342024681
0.022790494843
0.000941494406
0.012366792592
0.002527615212
0.041814834964
0.017136786867
0.026937630479
0.007113408667
0.012333141792
0.013854645346
0.057413307524
0.002915367647
0.018014092799
0.004606172713
0.011705644887
0.075032017889
0.391813855736
0.010318311729
0.127414135775
0.009244621826
0.056710658641
0.005387781733
0.011720255051
0.007430193929
0.005640500102
0.056040058399
0.062908791445
0.005501505206
0.004376758905
0.004790743998
0.019627659173
0.003235642797
0.013881782764
0.012782350759
0.024165486851
0.024932538382
0.018404667512
0.002773459502
0.037132236555
0.005365428572
0.068863135015
0.012610891616
0.050956109320
0.007178247010
0.027214751926
0.016213681625
0.020511913511
0.043374287643
0.011046196696
0.021216949866
0.037195681473
0.007894474943
0.059411133158
0.042623397972
0.019294290686
0.019701419260
0.101586773760
0.030978783953
0.006702460903
0.013445458169
0.964391540394
0.008086077609
0.033253339229
0.012125503158
0.021373549759
0.031681218910
0.110611233226
0.047256648213
0.060218163417
0.007036856385
0.133111849095
0.012510315499
0.014983217953
0.004420946742
0.003337624796
0.011670196599
0.018256877650
0.007570122637
0.001954947751
0.002157002961
0.040304594215
0.034921428424
0.163126452175
0.031252071153
0.012522462246
0.035765314959
0.142223988027
0.005386465323
0.258639704654
0.001081844687
0.002177993938
0.001968394462
0.035071816291
0.014793025500
0.003789373939
0.034213598158
0.025340036378
0.012263727266
0.050582338450
0.049489723272
0.000722173128
0.004936940705
0.017462819816
0.053746302925
0.049185778277
0.017196890769
0.005793796163
0.005331306643
0.002437416215
0.072095765370
0.047865798568
0.007728548568
0.004336123805
0.069704456364
0.006065807577
0.001420414329
0.007518611324
0.016127485522
0.118861194648
0.004892112154
0.101422520609
0.015207442989
0.032708377052
0.069728990775
0.031145211743
0.037772470351
0.014415115484
0.012884392677
0.033319033229
0.181138956863
0.056638586332
0.064828598452
0.015841840893
0.016656231742
0.011026120062
0.002174019649
0.016205495715
0.002482542695
0.002627535685
0.027612585623
0.008930459652
0.005962699222
0.013131080929
0.252677896982
0.005423982465
0.048527399121
0.111245492175
0.002838493103
0.023406929200
0.012274765148
0.028647258388
0.029645259320
0.036291164386
0.045046309075
0.040008002685
0.044911977634
0.002970144228
0.008454283193
0.008409510005
0.030108126442
0.030392606670
0.009641348290
0.001608043035
0.012634883601
0.001127726545
0.007731600582
0.017321173393
0.010821953654
0.001369466147
0.003011677043
0.006975227100
0.042260478361
0.008945210672
0.072804872286
0.019838504313
0.008347483110
0.100925572831
0.015491583287
0.143180614305
0.017643572163
0.002535302711
0.034722573731
0.001542545707
0.030649629714
0.004108311152
0.014784558027
0.028407401922
0.012809431491
0.030683412535
0.046403892801
0.062118163661
0.002058430759
0.001932054866
0.012809594441
0.002007164164
0.002078063509
0.042674998664
0.063570165663
0.079537886481
0.016855365868
0.010334259356
0.045566975863
0.099286003633
0.003665878350
0.058387971980
0.096497290377
0.026197385252
0.051277174347
0.049955091026
0.002220724838
0.045441136338
0.052137022760
0.011789779701
0.051221410242
0.004639002425
0.002723522963
0.009805406908
0.028790705144
0.019095469712
0.009625193867
0.032182350944
0.012321711341
0.277313860257
0.054097741116
0.022590601191
0.001518028677
0.042676671225
0.039766815349
0.010263125693
0.023051136510
0.039402638605
0.059825191957
